         Time_s                                                                                                               01                                                                                                               02                                                                                                               03                                                                                                               04                                                                                                               05                                                                                                               06                                                                                                               07                                                                                                               08                                                                                                               09                                                                                                               10                                                                                                               11
   0.000000E+00   9.7259E+05   0.0000E+00   2.4475E+19   0.0000E+00   0.0000E+00   0.0000E+00   0.0000E+00   0.0000E+00   0.0000E+00   0.0000E+00   0.0000E+00
   7.025760E-06   9.7259E+05   1.6018E-23   2.4475E+19   2.8569E+04   3.9492E+00   3.3933E+01   3.9359E-02   3.2859E-55   7.0140E-17   1.0742E-27   1.4006E-11
   1.522250E-05   1.6799E+06   6.6908E-09   2.4475E+19   8.3350E+07   1.0034E+04   1.7945E+05   1.0995E+03   3.3773E-27   7.0505E-03   5.5791E-10   1.8672E+02
   2.459020E-05   2.7099E+06   1.0427E-03   2.4475E+19   5.1437E+09   5.4708E+05   1.7385E+07   1.8400E+05   2.6426E-18   1.6593E+02   8.3582E-04   4.3015E+05
   3.278690E-05   3.2934E+06   5.9694E+00   2.4475E+19   3.8752E+10   4.2700E+06   1.9345E+08   2.4887E+06   1.3870E-12   1.6691E+05   5.7729E+00   1.8987E+07
   4.098360E-05   1.4091E+06   1.5997E+03   2.4475E+19   7.6772E+10   5.1594E+06   2.8786E+08   4.0345E+06   2.6140E-09   1.6983E+07   1.5903E+03   6.8047E+07
   4.918030E-05   1.1963E+06   5.3607E+04   2.4475E+19   1.4035E+11   8.8755E+06   5.6869E+08   8.3643E+06   2.9959E-07   2.9032E+08   5.3471E+04   3.1212E+07
   5.503510E-05   4.9963E+06   7.3086E+05   2.4475E+19   4.4142E+11   5.6555E+07   3.9392E+09   5.9489E+07   4.0062E-05   2.0277E+09   7.2844E+05   8.7434E+06
   5.971900E-05   1.1251E+07   6.2332E+06   2.4475E+19   1.1259E+12   1.6205E+08   1.1821E+10   1.8111E+08   1.7284E-03   7.1867E+09   6.2152E+06   2.9170E+06
   6.440280E-05   1.9899E+07   4.3839E+07   2.4475E+19   2.5413E+12   3.4101E+08   2.5638E+10   3.9692E+08   4.5124E-02   2.0252E+10   4.3742E+07   1.1529E+06
   6.674470E-05   2.9512E+07   1.0231E+08   2.4475E+19   3.6906E+12   5.6299E+08   4.3120E+10   6.7162E+08   2.0145E-01   3.2383E+10   1.0211E+08   4.6982E+05
   7.025760E-05   3.7594E+07   3.4261E+08   2.4475E+19   6.0204E+12   7.7752E+08   6.0048E+10   9.4064E+08   1.3944E+00   5.9176E+10   3.4205E+08   3.2362E+05
   7.377050E-05   4.3564E+07   9.5570E+08   2.4475E+19   8.8265E+12   9.8262E+08   7.6337E+10   1.2035E+09   7.0832E+00   9.4924E+10   9.5451E+08   1.8327E+05
   7.962530E-05   4.7936E+07   3.6848E+09   2.4475E+19   1.4022E+13   1.2161E+09   9.3988E+10   1.4972E+09   5.5900E+01   1.6983E+11   3.6823E+09   1.0449E+05
   8.548010E-05   5.0396E+07   1.0045E+10   2.4475E+19   1.9300E+13   1.4508E+09   1.1105E+11   1.7884E+09   2.6385E+02   2.5790E+11   1.0043E+10   4.9621E+04
   9.250590E-05   4.9798E+07   2.4824E+10   2.4475E+19   2.4916E+13   1.6378E+09   1.2286E+11   2.0025E+09   1.0273E+03   3.6779E+11   2.4834E+10   2.8433E+04
   9.718970E-05   4.6938E+07   3.9795E+10   2.4475E+19   2.7890E+13   1.6914E+09   1.2505E+11   2.0537E+09   2.0828E+03   4.3666E+11   3.9831E+10   1.8655E+04
   1.065570E-04   4.1211E+07   8.1227E+10   2.4475E+19   3.1573E+13   1.6849E+09   1.2091E+11   2.0087E+09   5.5415E+03   5.4828E+11   8.1393E+10   1.6462E+04
   1.147540E-04   3.3110E+07   1.2689E+11   2.4475E+19   3.2493E+13   1.5066E+09   1.0526E+11   1.7654E+09   9.8008E+03   6.1173E+11   1.2730E+11   1.6014E+04
   1.217800E-04   2.5075E+07   1.6907E+11   2.4475E+19   3.1789E+13   1.2563E+09   8.5337E+10   1.4441E+09   1.3374E+04   6.3875E+11   1.6981E+11   2.0210E+04
   1.288060E-04   1.7519E+07   2.1054E+11   2.4475E+19   3.0017E+13   9.8047E+08   6.4450E+10   1.1019E+09   1.6061E+04   6.4322E+11   2.1171E+11   3.0803E+04
   1.370020E-04   1.0752E+07   2.5481E+11   2.4475E+19   2.7184E+13   6.9873E+08   4.4058E+10   7.6337E+08   1.7595E+04   6.2889E+11   2.5660E+11   6.2148E+04
   1.487120E-04   5.0981E+06   3.0758E+11   2.4475E+19   2.2850E+13   4.2024E+08   2.4994E+10   4.4164E+08   1.6983E+04   5.9237E+11   3.1041E+11   2.5794E+05
   1.604220E-04   1.5409E+06   3.4877E+11   2.4475E+19   1.8947E+13   2.3781E+08   1.3008E+10   2.3758E+08   1.3448E+04   5.5377E+11   3.5274E+11   2.8439E+06
   1.733020E-04   3.1809E+05   3.8349E+11   2.4475E+19   1.5536E+13   1.4386E+08   7.4750E+09   1.3986E+08   8.7379E+03   5.1811E+11   3.8881E+11   8.6694E+07
   1.885250E-04   7.9094E+04   4.1385E+11   2.4475E+19   1.2535E+13   9.1173E+07   4.6755E+09   8.8127E+07   4.2533E+03   4.7639E+11   4.2083E+11   9.8332E+09
   2.072600E-04   1.1813E+05   4.1602E+11   2.4475E+19   9.8913E+12   5.6629E+07   2.8961E+09   5.4651E+07   3.5684E+03   4.0137E+10   4.2326E+11   4.4367E+11
   2.224820E-04   4.0749E+05   4.1582E+11   2.4475E+19   8.2828E+12   3.9541E+07   2.0199E+09   3.8175E+07   1.1211E+03   1.4231E+08   4.2312E+11   4.8380E+11
   2.423890E-04   1.6800E+06   4.1555E+11   2.4475E+19   6.6679E+12   2.5578E+07   1.3072E+09   2.4726E+07   2.7910E+02   2.1336E+06   4.2293E+11   4.8413E+11
   2.500000E-04   1.3305E+06   4.1544E+11   2.4475E+19   6.1602E+12   2.1831E+07   1.1156E+09   2.1104E+07   2.0792E+02   1.0698E+06   4.2286E+11   4.8420E+11
   2.570258E-04   9.7259E+05   4.1535E+11   2.4475E+19   5.7349E+12   1.8920E+07   9.6682E+08   1.8290E+07   2.9397E+02   2.4257E+06   4.2279E+11   4.8426E+11
   2.652225E-04   1.6799E+06   4.1524E+11   2.4475E+19   5.2848E+12   1.6076E+07   8.2111E+08   1.5533E+07   5.4373E+02   1.2809E+07   4.2271E+11   4.8433E+11
   2.745902E-04   2.7099E+06   4.1511E+11   2.4475E+19   4.8282E+12   1.3956E+07   7.0250E+08   1.3148E+07   1.1847E+03   1.7595E+08   4.2263E+11   4.8425E+11
   2.827869E-04   3.2934E+06   4.1504E+11   2.4475E+19   4.4975E+12   1.5903E+07   7.8763E+08   1.3737E+07   2.4406E+03   4.1961E+09   4.2260E+11   4.8027E+11
   2.909836E-04   1.4091E+06   4.1587E+11   2.4475E+19   4.2023E+12   1.5312E+07   8.0637E+08   1.3852E+07   3.8667E+03   9.6541E+10   4.2365E+11   3.8694E+11
   2.991803E-04   1.1963E+06   4.1971E+11   2.4475E+19   3.9575E+12   1.7870E+07   1.0279E+09   1.7063E+07   3.4986E+03   4.3253E+11   4.2833E+11   4.6502E+10
   3.050351E-04   4.9963E+06   4.2267E+11   2.4475E+19   4.0510E+12   6.5867E+07   4.4132E+09   6.8506E+07   5.4437E+03   4.7510E+11   4.3193E+11   2.0486E+09
   3.097190E-04   1.1251E+07   4.2525E+11   2.4475E+19   4.5709E+12   1.7330E+08   1.2391E+10   1.9202E+08   7.8897E+03   4.7902E+11   4.3502E+11   1.9443E+08
   3.144028E-04   1.9899E+07   4.2847E+11   2.4475E+19   5.8142E+12   3.5666E+08   2.6429E+10   4.1213E+08   1.0683E+04   4.8856E+11   4.3875E+11   2.7811E+07
   3.167447E-04   2.9512E+07   4.3052E+11   2.4475E+19   6.8717E+12   5.8219E+08   4.4086E+10   6.9030E+08   1.3111E+04   4.9847E+11   4.4105E+11   7.2319E+06
   3.202576E-04   3.7594E+07   4.3456E+11   2.4475E+19   9.0500E+12   8.0363E+08   6.1364E+10   9.6602E+08   1.5642E+04   5.2107E+11   4.4549E+11   2.8496E+06
   3.237705E-04   4.3564E+07   4.4018E+11   2.4475E+19   1.1687E+13   1.0162E+09   7.8032E+10   1.2361E+09   1.9026E+04   5.5139E+11   4.5153E+11   1.0646E+06
   3.296253E-04   4.7936E+07   4.5428E+11   2.4475E+19   1.6560E+13   1.2606E+09   9.6244E+10   1.5404E+09   2.4997E+04   6.1415E+11   4.6641E+11   3.7785E+05
   3.354801E-04   5.0396E+07   4.7561E+11   2.4475E+19   2.1485E+13   1.5020E+09   1.1365E+11   1.8379E+09   3.3327E+04   6.8635E+11   4.8864E+11   1.3206E+05
   3.425059E-04   4.9798E+07   5.1217E+11   2.4475E+19   2.6671E+13   1.6899E+09   1.2552E+11   2.0528E+09   4.4639E+04   7.7319E+11   5.2648E+11   5.9774E+04
   3.471897E-04   4.6938E+07   5.4313E+11   2.4475E+19   2.9376E+13   1.7404E+09   1.2754E+11   2.1010E+09   5.3793E+04   8.2509E+11   5.5844E+11   3.5251E+04
   3.565570E-04   4.1211E+07   6.1733E+11   2.4475E+19   3.2600E+13   1.7229E+09   1.2285E+11   2.0454E+09   6.9331E+04   9.0170E+11   6.3501E+11   2.7074E+04
   3.647540E-04   3.3110E+07   6.9028E+11   2.4475E+19   3.3218E+13   1.5340E+09   1.0667E+11   1.7919E+09   8.1596E+04   9.3561E+11   7.1047E+11   2.4493E+04
   3.717800E-04   2.5075E+07   7.5355E+11   2.4475E+19   3.2324E+13   1.2760E+09   8.6351E+10   1.4632E+09   8.7705E+04   9.3944E+11   7.7616E+11   2.9724E+04
   3.788060E-04   1.7519E+07   8.1344E+11   2.4475E+19   3.0411E+13   9.9421E+08   6.5156E+10   1.1152E+09   8.9102E+04   9.2330E+11   8.3867E+11   4.4215E+04
   3.870020E-04   1.0752E+07   8.7571E+11   2.4475E+19   2.7463E+13   7.0754E+08   4.4510E+10   7.7186E+08   8.5438E+04   8.8838E+11   9.0416E+11   8.7790E+04
   3.987120E-04   5.0981E+06   9.4834E+11   2.4475E+19   2.3025E+13   4.2487E+08   2.5232E+10   4.4611E+08   7.3226E+04   8.2830E+11   9.8152E+11   3.6067E+05
   4.104220E-04   1.5409E+06   1.0040E+12   2.4475E+19   1.9060E+13   2.4028E+08   1.3134E+10   2.3996E+08   5.3944E+04   7.7161E+11   1.0420E+12   3.9626E+06
   4.233020E-04   3.1809E+05   1.0501E+12   2.4475E+19   1.5607E+13   1.4513E+08   7.5400E+09   1.4108E+08   3.3279E+04   7.2059E+11   1.0933E+12   1.2058E+08
   4.385250E-04   7.9094E+04   1.0896E+12   2.4475E+19   1.2576E+13   9.1761E+07   4.7057E+09   8.8695E+07   1.5549E+04   6.6148E+11   1.1390E+12   1.3654E+10
   4.572600E-04   1.1813E+05   1.0911E+12   2.4475E+19   9.9192E+12   5.6948E+07   2.9124E+09   5.4959E+07   1.3012E+04   5.5807E+10   1.1414E+12   6.1689E+11
   4.724820E-04   4.0749E+05   1.0897E+12   2.4475E+19   8.3046E+12   3.9749E+07   2.0305E+09   3.8375E+07   4.0909E+03   1.9815E+08   1.1403E+12   6.7362E+11
   4.923890E-04   1.6800E+06   1.0879E+12   2.4475E+19   6.6840E+12   2.5702E+07   1.3136E+09   2.4845E+07   1.0192E+03   2.9791E+06   1.1388E+12   6.7529E+11
   5.000000E-04   1.3305E+06   1.0872E+12   2.4475E+19   6.1747E+12   2.1934E+07   1.1209E+09   2.1203E+07   7.5952E+02   1.4955E+06   1.1382E+12   6.7586E+11
   5.070258E-04   9.7259E+05   1.0866E+12   2.4475E+19   5.7481E+12   1.9007E+07   9.7127E+08   1.8374E+07   1.0742E+03   3.3911E+06   1.1377E+12   6.7638E+11
   5.152225E-04   1.6799E+06   1.0859E+12   2.4475E+19   5.2966E+12   1.6148E+07   8.2479E+08   1.5603E+07   1.9875E+03   1.7909E+07   1.1371E+12   6.7697E+11
   5.245902E-04   2.7099E+06   1.0851E+12   2.4475E+19   4.8387E+12   1.4015E+07   7.0548E+08   1.3204E+07   4.3319E+03   2.4616E+08   1.1364E+12   6.7742E+11
   5.327869E-04   3.2934E+06   1.0844E+12   2.4475E+19   4.5070E+12   1.5952E+07   7.9013E+08   1.3784E+07   8.9266E+03   5.8742E+09   1.1359E+12   6.7233E+11
   5.409836E-04   1.4091E+06   1.0848E+12   2.4475E+19   4.2105E+12   1.5352E+07   8.0841E+08   1.3890E+07   1.4125E+04   1.3520E+11   1.1371E+12   5.4188E+11
   5.491803E-04   1.1963E+06   1.0887E+12   2.4475E+19   3.9633E+12   1.7897E+07   1.0293E+09   1.7088E+07   1.2699E+04   6.0526E+11   1.1441E+12   6.5072E+10
   5.550351E-04   4.9963E+06   1.0917E+12   2.4475E+19   4.0550E+12   6.5885E+07   4.4141E+09   6.8524E+07   1.9646E+04   6.6382E+11   1.1494E+12   2.8624E+09
   5.597190E-04   1.1251E+07   1.0944E+12   2.4475E+19   4.5736E+12   1.7331E+08   1.2391E+10   1.9203E+08   2.8274E+04   6.6701E+11   1.1540E+12   2.7073E+08
   5.644028E-04   1.9899E+07   1.0980E+12   2.4475E+19   5.8154E+12   3.5667E+08   2.6429E+10   4.1214E+08   3.7821E+04   6.7492E+11   1.1594E+12   3.8420E+07
   5.667447E-04   2.9512E+07   1.1004E+12   2.4475E+19   6.8720E+12   5.8219E+08   4.4086E+10   6.9030E+08   4.5976E+04   6.8385E+11   1.1627E+12   9.9215E+06
   5.702576E-04   3.7594E+07   1.1053E+12   2.4475E+19   9.0488E+12   8.0362E+08   6.1363E+10   9.6601E+08   5.3806E+04   7.0465E+11   1.1689E+12   3.8536E+06
   5.737705E-04   4.3564E+07   1.1121E+12   2.4475E+19   1.1683E+13   1.0161E+09   7.8030E+10   1.2361E+09   6.3882E+04   7.3272E+11   1.1772E+12   1.4147E+06
   5.796253E-04   4.7936E+07   1.1293E+12   2.4475E+19   1.6553E+13   1.2604E+09   9.6237E+10   1.5403E+09   8.0001E+04   7.9058E+11   1.1970E+12   4.8639E+05
   5.854801E-04   5.0396E+07   1.1550E+12   2.4475E+19   2.1473E+13   1.5017E+09   1.1364E+11   1.8376E+09   1.0101E+05   8.5646E+11   1.2255E+12   1.6479E+05
   5.925059E-04   4.9798E+07   1.1982E+12   2.4475E+19   2.6654E+13   1.6893E+09   1.2549E+11   2.0523E+09   1.2620E+05   9.3422E+11   1.2725E+12   7.2222E+04
   5.971897E-04   4.6938E+07   1.2341E+12   2.4475E+19   2.9355E+13   1.7397E+09   1.2751E+11   2.1004E+09   1.4511E+05   9.7943E+11   1.3111E+12   4.1844E+04
   6.065570E-04   4.1211E+07   1.3183E+12   2.4475E+19   3.2574E+13   1.7219E+09   1.2280E+11   2.0444E+09   1.7115E+05   1.0422E+12   1.4015E+12   3.1292E+04
   6.147540E-04   3.3110E+07   1.3995E+12   2.4475E+19   3.3190E+13   1.5330E+09   1.0661E+11   1.7908E+09   1.8822E+05   1.0644E+12   1.4887E+12   2.7863E+04
   6.217800E-04   2.5075E+07   1.4690E+12   2.4475E+19   3.2294E+13   1.2749E+09   8.6295E+10   1.4621E+09   1.9274E+05   1.0589E+12   1.5637E+12   3.3505E+04
   6.288060E-04   1.7519E+07   1.5341E+12   2.4475E+19   3.0382E+13   9.9318E+08   6.5103E+10   1.1142E+09   1.8830E+05   1.0345E+12   1.6344E+12   4.9542E+04
   6.370020E-04   1.0752E+07   1.6012E+12   2.4475E+19   2.7434E+13   7.0663E+08   4.4464E+10   7.7098E+08   1.7434E+05   9.9137E+11   1.7081E+12   9.7968E+04
   6.487120E-04   5.0981E+06   1.6784E+12   2.4475E+19   2.2997E+13   4.2414E+08   2.5195E+10   4.4540E+08   1.4425E+05   9.2191E+11   1.7949E+12   4.0142E+05
   6.604220E-04   1.5409E+06   1.7367E+12   2.4475E+19   1.9034E+13   2.3971E+08   1.3105E+10   2.3941E+08   1.0377E+05   8.5807E+11   1.8625E+12   4.4067E+06
   6.733020E-04   3.1809E+05   1.7840E+12   2.4475E+19   1.5583E+13   1.4470E+08   7.5179E+09   1.4066E+08   6.2854E+04   8.0109E+11   1.9198E+12   1.3404E+08
   6.885250E-04   7.9094E+04   1.8233E+12   2.4475E+19   1.2554E+13   9.1443E+07   4.6895E+09   8.8387E+07   2.8922E+04   7.3530E+11   1.9706E+12   1.5177E+10
   7.072600E-04   1.1813E+05   1.8218E+12   2.4475E+19   9.9030E+12   5.6763E+07   2.9029E+09   5.4780E+07   2.4229E+04   6.2232E+10   1.9709E+12   6.8790E+11
   7.224820E-04   4.0749E+05   1.8180E+12   2.4475E+19   8.2917E+12   3.9625E+07   2.0242E+09   3.8256E+07   7.6322E+03   2.2162E+08   1.9676E+12   7.5329E+11
   7.423890E-04   1.6800E+06   1.8130E+12   2.4475E+19   6.6742E+12   2.5626E+07   1.3097E+09   2.4772E+07   1.9064E+03   3.3502E+06   1.9631E+12   7.5791E+11
   7.500000E-04   1.3305E+06   1.8111E+12   2.4475E+19   6.1657E+12   2.1870E+07   1.1176E+09   2.1142E+07   1.4220E+03   1.6856E+06   1.9615E+12   7.5959E+11
   7.570258E-04   9.7259E+05   1.8094E+12   2.4475E+19   5.7398E+12   1.8952E+07   9.6847E+08   1.8322E+07   2.0128E+03   3.8230E+06   1.9599E+12   7.6114E+11
   7.652225E-04   1.6799E+06   1.8074E+12   2.4475E+19   5.2891E+12   1.6103E+07   8.2245E+08   1.5558E+07   3.7279E+03   2.0196E+07   1.9581E+12   7.6292E+11
   7.745902E-04   2.7099E+06   1.8050E+12   2.4475E+19   4.8319E+12   1.3977E+07   7.0355E+08   1.3168E+07   8.1347E+03   2.7790E+08   1.9561E+12   7.6471E+11
   7.827869E-04   3.2934E+06   1.8031E+12   2.4475E+19   4.5008E+12   1.5920E+07   7.8849E+08   1.3753E+07   1.6779E+04   6.6406E+09   1.9544E+12   7.6005E+11
   7.909836E-04   1.4091E+06   1.8020E+12   2.4475E+19   4.2046E+12   1.5323E+07   8.0696E+08   1.3863E+07   2.6554E+04   1.5300E+11   1.9549E+12   6.1324E+11
   7.991803E-04   1.1963E+06   1.8041E+12   2.4475E+19   3.9571E+12   1.7869E+07   1.0279E+09   1.7061E+07   2.3816E+04   6.8496E+11   1.9628E+12   7.3641E+10
   8.050351E-04   4.9963E+06   1.8059E+12   2.4475E+19   4.0486E+12   6.5856E+07   4.4127E+09   6.8496E+07   3.6765E+04   7.5098E+11   1.9688E+12   3.2382E+09
   8.097190E-04   1.1251E+07   1.8076E+12   2.4475E+19   4.5670E+12   1.7328E+08   1.2390E+10   1.9200E+08   5.2782E+04   7.5390E+11   1.9740E+12   3.0600E+08
   8.144028E-04   1.9899E+07   1.8103E+12   2.4475E+19   5.8086E+12   3.5663E+08   2.6427E+10   4.1209E+08   7.0322E+04   7.6115E+11   1.9801E+12   4.3329E+07
   8.167447E-04   2.9512E+07   1.8123E+12   2.4475E+19   6.8649E+12   5.8214E+08   4.4083E+10   6.9025E+08   8.5225E+04   7.6967E+11   1.9838E+12   1.1167E+07
   8.202576E-04   3.7594E+07   1.8168E+12   2.4475E+19   9.0414E+12   8.0354E+08   6.1359E+10   9.6594E+08   9.9119E+04   7.8970E+11   1.9908E+12   4.3187E+06
   8.237705E-04   4.3564E+07   1.8234E+12   2.4475E+19   1.1675E+13   1.0160E+09   7.8025E+10   1.2360E+09   1.1676E+05   8.1679E+11   2.0001E+12   1.5770E+06
   8.296253E-04   4.7936E+07   1.8407E+12   2.4475E+19   1.6544E+13   1.2603E+09   9.6229E+10   1.5401E+09   1.4390E+05   8.7245E+11   2.0221E+12   5.3676E+05
   8.354801E-04   5.0396E+07   1.8671E+12   2.4475E+19   2.1463E+13   1.5014E+09   1.1363E+11   1.8374E+09   1.7835E+05   9.3547E+11   2.0535E+12   1.7999E+05
   8.425059E-04   4.9798E+07   1.9116E+12   2.4475E+19   2.6642E+13   1.6890E+09   1.2547E+11   2.0519E+09   2.1747E+05   1.0090E+12   2.1046E+12   7.8007E+04
   8.471897E-04   4.6938E+07   1.9485E+12   2.4475E+19   2.9342E+13   1.7392E+09   1.2749E+11   2.0999E+09   2.4592E+05   1.0512E+12   2.1463E+12   4.4910E+04
   8.565570E-04   4.1211E+07   2.0350E+12   2.4475E+19   3.2560E+13   1.7213E+09   1.2277E+11   2.0439E+09   2.8078E+05   1.1076E+12   2.2431E+12   3.3255E+04
   8.647540E-04   3.3110E+07   2.1179E+12   2.4475E+19   3.3175E+13   1.5324E+09   1.0658E+11   1.7903E+09   3.0090E+05   1.1244E+12   2.3356E+12   2.9433E+04
   8.717800E-04   2.5075E+07   2.1884E+12   2.4475E+19   3.2279E+13   1.2743E+09   8.6266E+10   1.4616E+09   3.0227E+05   1.1147E+12   2.4148E+12   3.5270E+04
   8.788060E-04   1.7519E+07   2.2540E+12   2.4475E+19   3.0367E+13   9.9265E+08   6.5076E+10   1.1137E+09   2.9061E+05   1.0867E+12   2.4892E+12   5.2038E+04
   8.870020E-04   1.0752E+07   2.3211E+12   2.4475E+19   2.7419E+13   7.0616E+08   4.4440E+10   7.7053E+08   2.6510E+05   1.0399E+12   2.5665E+12   1.0276E+05
   8.987120E-04   5.0981E+06   2.3974E+12   2.4475E+19   2.2983E+13   4.2377E+08   2.5176E+10   4.4505E+08   2.1602E+05   9.6651E+11   2.6572E+12   4.2085E+05
   9.104220E-04   1.5409E+06   2.4539E+12   2.4475E+19   1.9021E+13   2.3942E+08   1.3091E+10   2.3913E+08   1.5378E+05   8.9992E+11   2.7275E+12   4.6216E+06
   9.233020E-04   3.1809E+05   2.4986E+12   2.4475E+19   1.5571E+13   1.4448E+08   7.5068E+09   1.4045E+08   9.2398E+04   8.4085E+11   2.7869E+12   1.4070E+08
   9.385250E-04   7.9094E+04   2.5339E+12   2.4475E+19   1.2543E+13   9.1282E+07   4.6812E+09   8.8231E+07   4.2246E+04   7.7280E+11   2.8392E+12   1.5951E+10
   9.572600E-04   1.1813E+05   2.5278E+12   2.4475E+19   9.8946E+12   5.6668E+07   2.8981E+09   5.4689E+07   3.5504E+04   6.5724E+10   2.8358E+12   7.2650E+11
   9.724820E-04   4.0749E+05   2.5203E+12   2.4475E+19   8.2849E+12   3.9562E+07   2.0209E+09   3.8194E+07   1.1221E+04   2.3507E+08   2.8289E+12   7.9885E+11
   9.923890E-04   1.6800E+06   2.5105E+12   2.4475E+19   6.6690E+12   2.5587E+07   1.3077E+09   2.4734E+07   2.8143E+03   3.5816E+06   2.8200E+12   8.0801E+11
   1.000000E-03   1.3305E+06   2.5068E+12   2.4475E+19   6.1610E+12   2.1837E+07   1.1159E+09   2.1109E+07   2.1024E+03   1.8079E+06   2.8166E+12   8.1140E+11
   1.007026E-03   9.7259E+05   2.5034E+12   2.4475E+19   5.7355E+12   1.8924E+07   9.6701E+08   1.8294E+07   2.9802E+03   4.1016E+06   2.8134E+12   8.1453E+11
   1.015223E-03   1.6799E+06   2.4994E+12   2.4475E+19   5.2851E+12   1.6079E+07   8.2121E+08   1.5535E+07   5.5286E+03   2.1678E+07   2.8098E+12   8.1814E+11
   1.024590E-03   2.7099E+06   2.4949E+12   2.4475E+19   4.8283E+12   1.3957E+07   7.0253E+08   1.3149E+07   1.2086E+04   2.9877E+08   2.8057E+12   8.2199E+11
   1.032787E-03   3.2934E+06   2.4910E+12   2.4475E+19   4.4975E+12   1.5903E+07   7.8761E+08   1.3736E+07   2.4968E+04   7.1526E+09   2.8022E+12   8.1864E+11
   1.040984E-03   1.4091E+06   2.4878E+12   2.4475E+19   4.2014E+12   1.5308E+07   8.0615E+08   1.3847E+07   3.9553E+04   1.6508E+11   2.8013E+12   6.6164E+11
   1.049180E-03   1.1963E+06   2.4872E+12   2.4475E+19   3.9536E+12   1.7853E+07   1.0271E+09   1.7046E+07   3.5446E+04   7.3948E+11   2.8093E+12   7.9502E+10
   1.055035E-03   4.9963E+06   2.4869E+12   2.4475E+19   4.0449E+12   6.5839E+07   4.4118E+09   6.8479E+07   5.4674E+04   8.1096E+11   2.8155E+12   3.4968E+09
   1.059719E-03   1.1251E+07   2.4872E+12   2.4475E+19   4.5632E+12   1.7326E+08   1.2389E+10   1.9198E+08   7.8412E+04   8.1399E+11   2.8208E+12   3.3039E+08
   1.064403E-03   1.9899E+07   2.4884E+12   2.4475E+19   5.8044E+12   3.5660E+08   2.6426E+10   4.1206E+08   1.0427E+05   8.2106E+11   2.8271E+12   4.6739E+07
   1.066745E-03   2.9512E+07   2.4897E+12   2.4475E+19   6.8607E+12   5.8210E+08   4.4082E+10   6.9022E+08   1.2617E+05   8.2944E+11   2.8310E+12   1.2034E+07
   1.070258E-03   3.7594E+07   2.4932E+12   2.4475E+19   9.0368E+12   8.0349E+08   6.1357E+10   9.6589E+08   1.4627E+05   8.4916E+11   2.8383E+12   4.6439E+06
   1.073771E-03   4.3564E+07   2.4991E+12   2.4475E+19   1.1671E+13   1.0160E+09   7.8021E+10   1.2359E+09   1.7159E+05   8.7578E+11   2.8480E+12   1.6909E+06
   1.079625E-03   4.7936E+07   2.5154E+12   2.4475E+19   1.6538E+13   1.2602E+09   9.6223E+10   1.5400E+09   2.0968E+05   9.3025E+11   2.8712E+12   5.7233E+05
   1.085480E-03   5.0396E+07   2.5412E+12   2.4475E+19   2.1456E+13   1.5012E+09   1.1362E+11   1.8372E+09   2.5731E+05   9.9160E+11   2.9042E+12   1.9079E+05
   1.092506E-03   4.9798E+07   2.5853E+12   2.4475E+19   2.6633E+13   1.6887E+09   1.2546E+11   2.0517E+09   3.0974E+05   1.0626E+12   2.9579E+12   8.2149E+04
   1.097190E-03   4.6938E+07   2.6222E+12   2.4475E+19   2.9333E+13   1.7389E+09   1.2747E+11   2.0996E+09   3.4721E+05   1.1028E+12   3.0015E+12   4.7117E+04
   1.106557E-03   4.1211E+07   2.7086E+12   2.4475E+19   3.2549E+13   1.7210E+09   1.2275E+11   2.0435E+09   3.8980E+05   1.1552E+12   3.1023E+12   3.4685E+04
   1.114754E-03   3.3110E+07   2.7912E+12   2.4475E+19   3.3164E+13   1.5319E+09   1.0656E+11   1.7899E+09   4.1217E+05   1.1686E+12   3.1983E+12   3.0591E+04
   1.121780E-03   2.5075E+07   2.8612E+12   2.4475E+19   3.2268E+13   1.2739E+09   8.6245E+10   1.4612E+09   4.0995E+05   1.1563E+12   3.2800E+12   3.6586E+04
   1.128806E-03   1.7519E+07   2.9260E+12   2.4475E+19   3.0355E+13   9.9226E+08   6.5056E+10   1.1133E+09   3.9091E+05   1.1260E+12   3.3567E+12   5.3921E+04
   1.137002E-03   1.0752E+07   2.9917E+12   2.4475E+19   2.7408E+13   7.0582E+08   4.4423E+10   7.7019E+08   3.5392E+05   1.0771E+12   3.4362E+12   1.0644E+05
   1.148712E-03   5.0981E+06   3.0654E+12   2.4475E+19   2.2973E+13   4.2349E+08   2.5162E+10   4.4477E+08   2.8624E+05   1.0016E+12   3.5289E+12   4.3613E+05
   1.160422E-03   1.5409E+06   3.1187E+12   2.4475E+19   1.9010E+13   2.3920E+08   1.3079E+10   2.3892E+08   2.0279E+05   9.3377E+11   3.6005E+12   4.7954E+06
   1.173302E-03   3.1809E+05   3.1593E+12   2.4475E+19   1.5561E+13   1.4431E+08   7.4980E+09   1.4028E+08   1.2145E+05   8.7406E+11   3.6606E+12   1.4626E+08
   1.188525E-03   7.9094E+04   3.1894E+12   2.4475E+19   1.2534E+13   9.1153E+07   4.6746E+09   8.8106E+07   5.5410E+04   8.0530E+11   3.7129E+12   1.6622E+10
   1.207260E-03   1.1813E+05   3.1773E+12   2.4475E+19   9.8878E+12   5.6590E+07   2.8941E+09   5.4613E+07   4.6784E+04   6.8902E+10   3.7043E+12   7.6162E+11
   1.222482E-03   4.0749E+05   3.1651E+12   2.4475E+19   8.2794E+12   3.9509E+07   2.0182E+09   3.8143E+07   1.4846E+04   2.4771E+08   3.6929E+12   8.4164E+11
   1.242389E-03   1.6800E+06   3.1492E+12   2.4475E+19   6.6647E+12   2.5554E+07   1.3060E+09   2.4702E+07   3.7426E+03   3.8096E+06   3.6782E+12   8.5663E+11
   1.250000E-03   1.3305E+06   3.1432E+12   2.4475E+19   6.1571E+12   2.1809E+07   1.1145E+09   2.1082E+07   2.8012E+03   1.9302E+06   3.6726E+12   8.6223E+11
   1.257026E-03   9.7259E+05   3.1377E+12   2.4475E+19   5.7319E+12   1.8900E+07   9.6579E+08   1.8271E+07   3.9776E+03   4.3807E+06   3.6674E+12   8.6738E+11
   1.265223E-03   1.6799E+06   3.1312E+12   2.4475E+19   5.2818E+12   1.6059E+07   8.2018E+08   1.5515E+07   7.3934E+03   2.3165E+07   3.6614E+12   8.7335E+11
   1.274590E-03   2.7099E+06   3.1239E+12   2.4475E+19   4.8253E+12   1.3941E+07   7.0167E+08   1.3132E+07   1.6198E+04   3.1985E+08   3.6546E+12   8.7985E+11
   1.282787E-03   3.2934E+06   3.1175E+12   2.4475E+19   4.4947E+12   1.5889E+07   7.8687E+08   1.3722E+07   3.3525E+04   7.6740E+09   3.6488E+12   8.7830E+11
   1.290984E-03   1.4091E+06   3.1117E+12   2.4475E+19   4.1987E+12   1.5295E+07   8.0549E+08   1.3835E+07   5.3184E+04   1.7746E+11   3.6461E+12   7.1128E+11
   1.299180E-03   1.1963E+06   3.1077E+12   2.4475E+19   3.9506E+12   1.7840E+07   1.0264E+09   1.7032E+07   4.7662E+04   7.9578E+11   3.6538E+12   8.5555E+10
   1.305035E-03   4.9963E+06   3.1051E+12   2.4475E+19   4.0416E+12   6.5824E+07   4.4110E+09   6.8464E+07   7.3503E+04   8.7319E+11   3.6599E+12   3.7652E+09
   1.309719E-03   1.1251E+07   3.1035E+12   2.4475E+19   4.5597E+12   1.7324E+08   1.2388E+10   1.9196E+08   1.0537E+05   8.7656E+11   3.6651E+12   3.5579E+08
   1.314403E-03   1.9899E+07   3.1030E+12   2.4475E+19   5.8007E+12   3.5657E+08   2.6424E+10   4.1204E+08   1.3994E+05   8.8369E+11   3.6713E+12   5.0304E+07
   1.316745E-03   2.9512E+07   3.1035E+12   2.4475E+19   6.8567E+12   5.8207E+08   4.4080E+10   6.9019E+08   1.6915E+05   8.9204E+11   3.6752E+12   1.2942E+07
   1.320258E-03   3.7594E+07   3.1059E+12   2.4475E+19   9.0325E+12   8.0345E+08   6.1355E+10   9.6585E+08   1.9561E+05   9.1160E+11   3.6827E+12   4.9853E+06
   1.323771E-03   4.3564E+07   3.1107E+12   2.4475E+19   1.1666E+13   1.0159E+09   7.8018E+10   1.2358E+09   2.2873E+05   9.3789E+11   3.6927E+12   1.8108E+06
   1.329625E-03   4.7936E+07   3.1257E+12   2.4475E+19   1.6533E+13   1.2601E+09   9.6218E+10   1.5399E+09   2.7769E+05   9.9141E+11   3.7168E+12   6.0995E+05
   1.335480E-03   5.0396E+07   3.1506E+12   2.4475E+19   2.1449E+13   1.5011E+09   1.1361E+11   1.8371E+09   3.3823E+05   1.0513E+12   3.7514E+12   2.0227E+05
   1.342506E-03   4.9798E+07   3.1942E+12   2.4475E+19   2.6625E+13   1.6885E+09   1.2545E+11   2.0514E+09   4.0334E+05   1.1200E+12   3.8073E+12   8.6581E+04
   1.347190E-03   4.6938E+07   3.2309E+12   2.4475E+19   2.9324E+13   1.7386E+09   1.2745E+11   2.0993E+09   4.4935E+05   1.1583E+12   3.8528E+12   4.9488E+04
   1.356557E-03   4.1211E+07   3.3170E+12   2.4475E+19   3.2539E+13   1.7206E+09   1.2273E+11   2.0431E+09   4.9871E+05   1.2069E+12   3.9574E+12   3.6236E+04
   1.364754E-03   3.3110E+07   3.3992E+12   2.4475E+19   3.3153E+13   1.5315E+09   1.0654E+11   1.7894E+09   5.2275E+05   1.2170E+12   4.0567E+12   3.1858E+04
   1.371780E-03   2.5075E+07   3.4685E+12   2.4475E+19   3.2256E+13   1.2735E+09   8.6223E+10   1.4607E+09   5.1670E+05   1.2022E+12   4.1409E+12   3.8039E+04
   1.378806E-03   1.7519E+07   3.5324E+12   2.4475E+19   3.0344E+13   9.9185E+08   6.5035E+10   1.1129E+09   4.9028E+05   1.1698E+12   4.2197E+12   5.6018E+04
   1.387002E-03   1.0752E+07   3.5966E+12   2.4475E+19   2.7397E+13   7.0544E+08   4.4403E+10   7.6983E+08   4.4201E+05   1.1189E+12   4.3011E+12   1.1058E+05
   1.398712E-03   5.0981E+06   3.6674E+12   2.4475E+19   2.2961E+13   4.2319E+08   2.5147E+10   4.4448E+08   3.5613E+05   1.0416E+12   4.3957E+12   4.5355E+05
   1.410422E-03   1.5409E+06   3.7172E+12   2.4475E+19   1.8999E+13   2.3896E+08   1.3067E+10   2.3868E+08   2.5181E+05   9.7283E+11   4.4682E+12   4.9960E+06
   1.423302E-03   3.1809E+05   3.7534E+12   2.4475E+19   1.5550E+13   1.4412E+08   7.4884E+09   1.4010E+08   1.5068E+05   9.1283E+11   4.5286E+12   1.5274E+08
   1.438525E-03   7.9094E+04   3.7777E+12   2.4475E+19   1.2524E+13   9.1011E+07   4.6674E+09   8.7969E+07   6.8760E+04   8.4369E+11   4.5805E+12   1.7414E+10
   1.457260E-03   1.1813E+05   3.7587E+12   2.4475E+19   9.8804E+12   5.6506E+07   2.8898E+09   5.4531E+07   5.8361E+04   7.2657E+10   4.5658E+12   8.0313E+11
   1.472482E-03   4.0749E+05   3.7410E+12   2.4475E+19   8.2735E+12   3.9453E+07   2.0154E+09   3.8089E+07   1.8601E+04   2.6264E+08   4.5492E+12   8.9217E+11
   1.492389E-03   1.6800E+06   3.7180E+12   2.4475E+19   6.6601E+12   2.5519E+07   1.3042E+09   2.4668E+07   4.7145E+03   4.0783E+06   4.5276E+12   9.1398E+11
   1.500000E-03   1.3305E+06   3.7093E+12   2.4475E+19   6.1529E+12   2.1780E+07   1.1130E+09   2.1053E+07   3.5355E+03   2.0742E+06   4.5194E+12   9.2216E+11
   1.507026E-03   9.7259E+05   3.7013E+12   2.4475E+19   5.7280E+12   1.8875E+07   9.6448E+08   1.8246E+07   5.0292E+03   4.7093E+06   4.5119E+12   9.2967E+11
   1.515223E-03   1.6799E+06   3.6920E+12   2.4475E+19   5.2783E+12   1.6038E+07   8.1909E+08   1.5495E+07   9.3666E+03   2.4916E+07   4.5032E+12   9.3838E+11
   1.524590E-03   2.7099E+06   3.6814E+12   2.4475E+19   4.8221E+12   1.3924E+07   7.0076E+08   1.3115E+07   2.0567E+04   3.4467E+08   4.4933E+12   9.4797E+11
   1.532787E-03   3.2934E+06   3.6722E+12   2.4475E+19   4.4917E+12   1.5874E+07   7.8609E+08   1.3708E+07   4.2646E+04   8.2876E+09   4.4848E+12   9.4850E+11
   1.540984E-03   1.4091E+06   3.6633E+12   2.4475E+19   4.1958E+12   1.5282E+07   8.0478E+08   1.3822E+07   6.7755E+04   1.9204E+11   4.4799E+12   7.6970E+11
   1.549180E-03   1.1963E+06   3.6557E+12   2.4475E+19   3.9473E+12   1.7825E+07   1.0256E+09   1.7018E+07   6.0741E+04   8.6214E+11   4.4871E+12   9.2689E+10
   1.555035E-03   4.9963E+06   3.6505E+12   2.4475E+19   4.0381E+12   6.5808E+07   4.4102E+09   6.8448E+07   9.3677E+04   9.4661E+11   4.4929E+12   4.0817E+09
   1.559719E-03   1.1251E+07   3.6468E+12   2.4475E+19   4.5558E+12   1.7322E+08   1.2386E+10   1.9194E+08   1.3425E+05   9.5044E+11   4.4979E+12   3.8578E+08
   1.564403E-03   1.9899E+07   3.6444E+12   2.4475E+19   5.7965E+12   3.5655E+08   2.6423E+10   4.1201E+08   1.7812E+05   9.5770E+11   4.5041E+12   5.4517E+07
   1.566745E-03   2.9512E+07   3.6439E+12   2.4475E+19   6.8523E+12   5.8204E+08   4.4079E+10   6.9016E+08   2.1508E+05   9.6604E+11   4.5080E+12   1.4015E+07
   1.570258E-03   3.7594E+07   3.6451E+12   2.4475E+19   9.0278E+12   8.0340E+08   6.1352E+10   9.6580E+08   2.4817E+05   9.8545E+11   4.5156E+12   5.3892E+06
   1.573771E-03   4.3564E+07   3.6488E+12   2.4475E+19   1.1660E+13   1.0158E+09   7.8015E+10   1.2358E+09   2.8933E+05   1.0114E+12   4.5260E+12   1.9528E+06
   1.579625E-03   4.7936E+07   3.6625E+12   2.4475E+19   1.6526E+13   1.2599E+09   9.6211E+10   1.5398E+09   3.4917E+05   1.0639E+12   4.5511E+12   6.5454E+05
   1.585480E-03   5.0396E+07   3.6866E+12   2.4475E+19   2.1441E+13   1.5009E+09   1.1360E+11   1.8369E+09   4.2243E+05   1.1221E+12   4.5873E+12   2.1590E+05
   1.592506E-03   4.9798E+07   3.7298E+12   2.4475E+19   2.6615E+13   1.6882E+09   1.2543E+11   2.0511E+09   4.9965E+05   1.1881E+12   4.6459E+12   9.1851E+04
   1.597190E-03   4.6938E+07   3.7665E+12   2.4475E+19   2.9313E+13   1.7382E+09   1.2744E+11   2.0990E+09   5.5375E+05   1.2245E+12   4.6934E+12   5.2313E+04
   1.606557E-03   4.1211E+07   3.8528E+12   2.4475E+19   3.2526E+13   1.7201E+09   1.2271E+11   2.0427E+09   6.0891E+05   1.2686E+12   4.8024E+12   3.8090E+04
   1.614754E-03   3.3110E+07   3.9349E+12   2.4475E+19   3.3139E+13   1.5310E+09   1.0651E+11   1.7889E+09   6.3401E+05   1.2750E+12   4.9053E+12   3.3378E+04
   1.621780E-03   2.5075E+07   4.0040E+12   2.4475E+19   3.2242E+13   1.2730E+09   8.6196E+10   1.4602E+09   6.2386E+05   1.2574E+12   4.9925E+12   3.9785E+04
   1.628806E-03   1.7519E+07   4.0672E+12   2.4475E+19   3.0329E+13   9.9135E+08   6.5008E+10   1.1124E+09   5.8997E+05   1.2225E+12   5.0737E+12   5.8545E+04
   1.637002E-03   1.0752E+07   4.1301E+12   2.4475E+19   2.7383E+13   7.0500E+08   4.4381E+10   7.6941E+08   5.3051E+05   1.1695E+12   5.1573E+12   1.1557E+05
   1.648712E-03   5.0981E+06   4.1984E+12   2.4475E+19   2.2948E+13   4.2284E+08   2.5128E+10   4.4414E+08   4.2665E+05   1.0901E+12   5.2540E+12   4.7464E+05
   1.660422E-03   1.5409E+06   4.2447E+12   2.4475E+19   1.8987E+13   2.3868E+08   1.3053E+10   2.3841E+08   3.0155E+05   1.0202E+12   5.3276E+12   5.2393E+06
   1.673302E-03   3.1809E+05   4.2765E+12   2.4475E+19   1.5538E+13   1.4390E+08   7.4771E+09   1.3989E+08   1.8052E+05   9.5984E+11   5.3883E+12   1.6061E+08
   1.688525E-03   7.9094E+04   4.2948E+12   2.4475E+19   1.2512E+13   9.0843E+07   4.6587E+09   8.7806E+07   8.2481E+04   8.9019E+11   5.4398E+12   1.8374E+10
   1.707260E-03   1.1813E+05   4.2682E+12   2.4475E+19   9.8716E+12   5.6407E+07   2.8847E+09   5.4436E+07   7.0373E+04   7.7154E+10   5.4184E+12   8.5283E+11
   1.722482E-03   4.0749E+05   4.2444E+12   2.4475E+19   8.2665E+12   3.9387E+07   2.0120E+09   3.8025E+07   2.2524E+04   2.8038E+08   5.3959E+12   9.5220E+11
   1.742389E-03   1.6800E+06   4.2136E+12   2.4475E+19   6.6547E+12   2.5479E+07   1.3021E+09   2.4628E+07   5.7379E+03   4.3935E+06   5.3668E+12   9.8155E+11
   1.750000E-03   1.3305E+06   4.2020E+12   2.4475E+19   6.1480E+12   2.1745E+07   1.1112E+09   2.1020E+07   4.3109E+03   2.2426E+06   5.3558E+12   9.9256E+11
   1.757026E-03   9.7259E+05   4.1912E+12   2.4475E+19   5.7235E+12   1.8846E+07   9.6296E+08   1.8217E+07   6.1421E+03   5.0932E+06   5.3456E+12   1.0027E+12
   1.765223E-03   1.6799E+06   4.1788E+12   2.4475E+19   5.2742E+12   1.6013E+07   8.1781E+08   1.5471E+07   1.1460E+04   2.6961E+07   5.3339E+12   1.0144E+12
   1.774590E-03   2.7099E+06   4.1646E+12   2.4475E+19   4.8184E+12   1.3903E+07   6.9971E+08   1.3095E+07   2.5215E+04   3.7360E+08   5.3206E+12   1.0274E+12
   1.782787E-03   3.2934E+06   4.1523E+12   2.4475E+19   4.4883E+12   1.5857E+07   7.8519E+08   1.3691E+07   5.2373E+04   9.0011E+09   5.3092E+12   1.0302E+12
   1.790984E-03   1.4091E+06   4.1402E+12   2.4475E+19   4.1925E+12   1.5266E+07   8.0397E+08   1.3806E+07   8.3322E+04   2.0896E+11   5.3019E+12   8.3752E+11
   1.799180E-03   1.1963E+06   4.1286E+12   2.4475E+19   3.9435E+12   1.7808E+07   1.0247E+09   1.7002E+07   7.4725E+04   9.3914E+11   5.3085E+12   1.0097E+11
   1.805035E-03   4.9963E+06   4.1206E+12   2.4475E+19   4.0340E+12   6.5789E+07   4.4093E+09   6.8430E+07   1.1526E+05   1.0318E+12   5.3141E+12   4.4490E+09
   1.809719E-03   1.1251E+07   4.1147E+12   2.4475E+19   4.5514E+12   1.7320E+08   1.2386E+10   1.9192E+08   1.6513E+05   1.0361E+12   5.3189E+12   4.2056E+08
   1.814403E-03   1.9899E+07   4.1102E+12   2.4475E+19   5.7917E+12   3.5651E+08   2.6421E+10   4.1198E+08   2.1889E+05   1.0435E+12   5.3250E+12   5.9402E+07
   1.816745E-03   2.9512E+07   4.1088E+12   2.4475E+19   6.8473E+12   5.8200E+08   4.4077E+10   6.9012E+08   2.6405E+05   1.0518E+12   5.3289E+12   1.5260E+07
   1.820258E-03   3.7594E+07   4.1086E+12   2.4475E+19   9.0223E+12   8.0334E+08   6.1349E+10   9.6575E+08   3.0403E+05   1.0711E+12   5.3367E+12   5.8574E+06
   1.823771E-03   4.3564E+07   4.1113E+12   2.4475E+19   1.1654E+13   1.0158E+09   7.8011E+10   1.2357E+09   3.5347E+05   1.0966E+12   5.3475E+12   2.1173E+06
   1.829625E-03   4.7936E+07   4.1237E+12   2.4475E+19   1.6519E+13   1.2598E+09   9.6204E+10   1.5396E+09   4.2418E+05   1.1479E+12   5.3738E+12   7.0620E+05
   1.835480E-03   5.0396E+07   4.1472E+12   2.4475E+19   2.1432E+13   1.5007E+09   1.1359E+11   1.8366E+09   5.0997E+05   1.2042E+12   5.4119E+12   2.3169E+05
   1.842506E-03   4.9798E+07   4.1903E+12   2.4475E+19   2.6604E+13   1.6878E+09   1.2541E+11   2.0508E+09   5.9868E+05   1.2671E+12   5.4736E+12   9.7959E+04
   1.847190E-03   4.6938E+07   4.2272E+12   2.4475E+19   2.9300E+13   1.7378E+09   1.2742E+11   2.0986E+09   6.6040E+05   1.3011E+12   5.5235E+12   5.5588E+04
   1.856557E-03   4.1211E+07   4.3142E+12   2.4475E+19   3.2512E+13   1.7195E+09   1.2268E+11   2.0422E+09   7.2036E+05   1.3403E+12   5.6375E+12   4.0242E+04
   1.864754E-03   3.3110E+07   4.3969E+12   2.4475E+19   3.3123E+13   1.5304E+09   1.0648E+11   1.7884E+09   7.4590E+05   1.3424E+12   5.7446E+12   3.5142E+04
   1.871780E-03   2.5075E+07   4.4660E+12   2.4475E+19   3.2226E+13   1.2724E+09   8.6167E+10   1.4597E+09   7.3135E+05   1.3215E+12   5.8350E+12   4.1814E+04
   1.878806E-03   1.7519E+07   4.5290E+12   2.4475E+19   3.0314E+13   9.9080E+08   6.4982E+10   1.1119E+09   6.8992E+05   1.2839E+12   5.9190E+12   6.1483E+04
   1.887002E-03   1.0752E+07   4.5910E+12   2.4475E+19   2.7367E+13   7.0451E+08   4.4356E+10   7.6893E+08   6.1934E+05   1.2283E+12   6.0052E+12   1.2138E+05
   1.898712E-03   5.0981E+06   4.6569E+12   2.4475E+19   2.2932E+13   4.2243E+08   2.5107E+10   4.4375E+08   4.9769E+05   1.1464E+12   6.1044E+12   4.9916E+05
   1.910422E-03   1.5409E+06   4.7001E+12   2.4475E+19   1.8972E+13   2.3836E+08   1.3036E+10   2.3810E+08   3.5188E+05   1.0751E+12   6.1793E+12   5.5215E+06
   1.923302E-03   3.1809E+05   4.7275E+12   2.4475E+19   1.5524E+13   1.4365E+08   7.4642E+09   1.3964E+08   2.1088E+05   1.0143E+12   6.2405E+12   1.6972E+08
   1.938525E-03   7.9094E+04   4.7399E+12   2.4475E+19   1.2499E+13   9.0651E+07   4.6490E+09   8.7621E+07   9.6519E+04   9.4388E+11   6.2917E+12   1.9483E+10
   1.957260E-03   1.1813E+05   4.7052E+12   2.4475E+19   9.8617E+12   5.6294E+07   2.8789E+09   5.4327E+07   8.2749E+04   8.2296E+10   6.2631E+12   9.0967E+11
   1.972482E-03   4.0749E+05   4.6750E+12   2.4475E+19   8.2586E+12   3.9312E+07   2.0081E+09   3.7952E+07   2.6585E+04   3.0051E+08   6.2344E+12   1.0204E+12
   1.992389E-03   1.6800E+06   4.6359E+12   2.4475E+19   6.6487E+12   2.5433E+07   1.2997E+09   2.4583E+07   6.8027E+03   4.7477E+06   6.1973E+12   1.0577E+12
   2.000000E-03   1.3305E+06   4.6211E+12   2.4475E+19   6.1425E+12   2.1707E+07   1.1092E+09   2.0983E+07   5.1190E+03   2.4310E+06   6.1833E+12   1.0717E+12
   2.007026E-03   9.7259E+05   4.6075E+12   2.4475E+19   5.7184E+12   1.8813E+07   9.6127E+08   1.8185E+07   7.3037E+03   5.5228E+06   6.1704E+12   1.0846E+12
   2.015223E-03   1.6799E+06   4.5918E+12   2.4475E+19   5.2696E+12   1.5985E+07   8.1640E+08   1.5444E+07   1.3649E+04   2.9248E+07   6.1555E+12   1.0995E+12
   2.024590E-03   2.7099E+06   4.5738E+12   2.4475E+19   4.8143E+12   1.3881E+07   6.9855E+08   1.3073E+07   3.0082E+04   4.0589E+08   6.1385E+12   1.1160E+12
   2.032787E-03   3.2934E+06   4.5582E+12   2.4475E+19   4.4846E+12   1.5837E+07   7.8420E+08   1.3672E+07   6.2571E+04   9.7962E+09   6.1240E+12   1.1211E+12
   2.040984E-03   1.4091E+06   4.5427E+12   2.4475E+19   4.1889E+12   1.5249E+07   8.0308E+08   1.3789E+07   9.9658E+04   2.2779E+11   6.1143E+12   9.1297E+11
   2.049180E-03   1.1963E+06   4.5270E+12   2.4475E+19   3.9394E+12   1.7790E+07   1.0238E+09   1.6983E+07   8.9403E+04   1.0247E+12   6.1204E+12   1.1017E+11
   2.055035E-03   4.9963E+06   4.5161E+12   2.4475E+19   4.0294E+12   6.5769E+07   4.4082E+09   6.8409E+07   1.3790E+05   1.1264E+12   6.1257E+12   4.8570E+09
   2.059719E-03   1.1251E+07   4.5079E+12   2.4475E+19   4.5466E+12   1.7317E+08   1.2384E+10   1.9189E+08   1.9752E+05   1.1313E+12   6.1304E+12   4.5918E+08
   2.064403E-03   1.9899E+07   4.5013E+12   2.4475E+19   5.7865E+12   3.5648E+08   2.6420E+10   4.1195E+08   2.6160E+05   1.1387E+12   6.1364E+12   6.4824E+07
   2.066745E-03   2.9512E+07   4.4989E+12   2.4475E+19   6.8418E+12   5.8196E+08   4.4074E+10   6.9007E+08   3.1529E+05   1.1470E+12   6.1404E+12   1.6641E+07
   2.070258E-03   3.7594E+07   4.4974E+12   2.4475E+19   9.0162E+12   8.0328E+08   6.1346E+10   9.6568E+08   3.6231E+05   1.1660E+12   6.1484E+12   6.3767E+06
   2.073771E-03   4.3564E+07   4.4990E+12   2.4475E+19   1.1648E+13   1.0157E+09   7.8006E+10   1.2356E+09   4.2014E+05   1.1911E+12   6.1596E+12   2.2997E+06
   2.079625E-03   4.7936E+07   4.5103E+12   2.4475E+19   1.6510E+13   1.2596E+09   9.6197E+10   1.5395E+09   5.0157E+05   1.2410E+12   6.1874E+12   7.6348E+05
   2.085480E-03   5.0396E+07   4.5332E+12   2.4475E+19   2.1422E+13   1.5004E+09   1.1358E+11   1.8364E+09   5.9955E+05   1.2951E+12   6.2276E+12   2.4919E+05
   2.092506E-03   4.9798E+07   4.5766E+12   2.4475E+19   2.6592E+13   1.6875E+09   1.2540E+11   2.0505E+09   6.9905E+05   1.3547E+12   6.2927E+12   1.0473E+05
   2.097190E-03   4.6938E+07   4.6140E+12   2.4475E+19   2.9287E+13   1.7374E+09   1.2739E+11   2.0981E+09   7.6788E+05   1.3860E+12   6.3452E+12   5.9216E+04
   2.106557E-03   4.1211E+07   4.7022E+12   2.4475E+19   3.2496E+13   1.7190E+09   1.2265E+11   2.0416E+09   8.3166E+05   1.4197E+12   6.4647E+12   4.2626E+04
   2.114754E-03   3.3110E+07   4.7858E+12   2.4475E+19   3.3106E+13   1.5298E+09   1.0645E+11   1.7877E+09   8.5707E+05   1.4171E+12   6.5765E+12   3.7098E+04
   2.121780E-03   2.5075E+07   4.8555E+12   2.4475E+19   3.2209E+13   1.2718E+09   8.6134E+10   1.4590E+09   8.3789E+05   1.3926E+12   6.6706E+12   4.4063E+04
   2.128806E-03   1.7519E+07   4.9184E+12   2.4475E+19   3.0296E+13   9.9019E+08   6.4950E+10   1.1113E+09   7.8893E+05   1.3519E+12   6.7577E+12   6.4738E+04
   2.137002E-03   1.0752E+07   4.9799E+12   2.4475E+19   2.7349E+13   7.0396E+08   4.4328E+10   7.6840E+08   7.0742E+05   1.2934E+12   6.8467E+12   1.2781E+05
   2.148712E-03   5.0981E+06   5.0439E+12   2.4475E+19   2.2916E+13   4.2199E+08   2.5085E+10   4.4332E+08   5.6835E+05   1.2087E+12   6.9487E+12   5.2629E+05
   2.160422E-03   1.5409E+06   5.0841E+12   2.4475E+19   1.8956E+13   2.3800E+08   1.3018E+10   2.3776E+08   4.0215E+05   1.1359E+12   7.0252E+12   5.8336E+06
   2.173302E-03   3.1809E+05   5.1073E+12   2.4475E+19   1.5509E+13   1.4337E+08   7.4502E+09   1.3938E+08   2.4132E+05   1.0744E+12   7.0870E+12   1.7977E+08
   2.188525E-03   7.9094E+04   5.1138E+12   2.4475E+19   1.2484E+13   9.0443E+07   4.6383E+09   8.7418E+07   1.1065E+05   1.0030E+12   7.1379E+12   2.0703E+10
   2.207260E-03   1.1813E+05   5.0708E+12   2.4475E+19   9.8509E+12   5.6172E+07   2.8726E+09   5.4208E+07   9.5268E+04   8.7915E+10   7.1019E+12   9.7178E+11
   2.222482E-03   4.0749E+05   5.0340E+12   2.4475E+19   8.2501E+12   3.9231E+07   2.0040E+09   3.7874E+07   3.0705E+04   3.2239E+08   7.0668E+12   1.0945E+12
   2.242389E-03   1.6800E+06   4.9864E+12   2.4475E+19   6.6422E+12   2.5383E+07   1.2972E+09   2.4535E+07   7.8865E+03   5.1296E+06   7.0216E+12   1.1400E+12
   2.250000E-03   1.3305E+06   4.9684E+12   2.4475E+19   6.1366E+12   2.1666E+07   1.1071E+09   2.0942E+07   5.9423E+03   2.6335E+06   7.0045E+12   1.1571E+12
   2.257026E-03   9.7259E+05   4.9519E+12   2.4475E+19   5.7130E+12   1.8778E+07   9.5945E+08   1.8151E+07   8.4881E+03   5.9845E+06   6.9888E+12   1.1728E+12
   2.265223E-03   1.6799E+06   4.9327E+12   2.4475E+19   5.2647E+12   1.5956E+07   8.1487E+08   1.5415E+07   1.5883E+04   3.1705E+07   6.9706E+12   1.1910E+12
   2.274590E-03   2.7099E+06   4.9109E+12   2.4475E+19   4.8099E+12   1.3857E+07   6.9730E+08   1.3050E+07   3.5053E+04   4.4054E+08   6.9500E+12   1.2112E+12
   2.282787E-03   3.2934E+06   4.8920E+12   2.4475E+19   4.4805E+12   1.5817E+07   7.8315E+08   1.3652E+07   7.2991E+04   1.0648E+10   6.9323E+12   1.2186E+12
   2.290984E-03   1.4091E+06   4.8729E+12   2.4475E+19   4.1850E+12   1.5230E+07   8.0212E+08   1.3771E+07   1.1636E+05   2.4793E+11   6.9200E+12   9.9370E+11
   2.299180E-03   1.1963E+06   4.8531E+12   2.4475E+19   3.9350E+12   1.7770E+07   1.0228E+09   1.6964E+07   1.0440E+05   1.1162E+12   6.9256E+12   1.2001E+11
   2.305035E-03   4.9963E+06   4.8392E+12   2.4475E+19   4.0246E+12   6.5746E+07   4.4071E+09   6.8388E+07   1.6104E+05   1.2275E+12   6.9307E+12   5.2931E+09
   2.309719E-03   1.1251E+07   4.8288E+12   2.4475E+19   4.5414E+12   1.7314E+08   1.2383E+10   1.9187E+08   2.3060E+05   1.2330E+12   6.9353E+12   5.0045E+08
   2.314403E-03   1.9899E+07   4.8200E+12   2.4475E+19   5.7808E+12   3.5644E+08   2.6418E+10   4.1191E+08   3.0514E+05   1.2405E+12   6.9413E+12   7.0614E+07
   2.316745E-03   2.9512E+07   4.8167E+12   2.4475E+19   6.8359E+12   5.8191E+08   4.4072E+10   6.9003E+08   3.6748E+05   1.2487E+12   6.9453E+12   1.8116E+07
   2.320258E-03   3.7594E+07   4.8139E+12   2.4475E+19   9.0098E+12   8.0321E+08   6.1343E+10   9.6562E+08   4.2153E+05   1.2674E+12   6.9536E+12   6.9312E+06
   2.323771E-03   4.3564E+07   4.8145E+12   2.4475E+19   1.1641E+13   1.0156E+09   7.8001E+10   1.2355E+09   4.8767E+05   1.2920E+12   6.9654E+12   2.4944E+06
   2.329625E-03   4.7936E+07   4.8246E+12   2.4475E+19   1.6502E+13   1.2595E+09   9.6188E+10   1.5393E+09   5.7947E+05   1.3403E+12   6.9946E+12   8.2459E+05
   2.335480E-03   5.0396E+07   4.8472E+12   2.4475E+19   2.1411E+13   1.5002E+09   1.1356E+11   1.8362E+09   6.8911E+05   1.3921E+12   7.0372E+12   2.6785E+05
   2.342506E-03   4.9798E+07   4.8911E+12   2.4475E+19   2.6579E+13   1.6871E+09   1.2538E+11   2.0501E+09   7.9858E+05   1.4481E+12   7.1059E+12   1.1195E+05
   2.347190E-03   4.6938E+07   4.9291E+12   2.4475E+19   2.9272E+13   1.7369E+09   1.2737E+11   2.0977E+09   8.7395E+05   1.4766E+12   7.1612E+12   6.3086E+04
   2.356557E-03   4.1211E+07   5.0190E+12   2.4475E+19   3.2479E+13   1.7183E+09   1.2262E+11   2.0410E+09   9.4064E+05   1.5043E+12   7.2866E+12   4.5168E+04
   2.364754E-03   3.3110E+07   5.1040E+12   2.4475E+19   3.3089E+13   1.5291E+09   1.0641E+11   1.7871E+09   9.6544E+05   1.4968E+12   7.4034E+12   3.9183E+04
   2.371780E-03   2.5075E+07   5.1745E+12   2.4475E+19   3.2190E+13   1.2711E+09   8.6099E+10   1.4584E+09   9.4154E+05   1.4684E+12   7.5013E+12   4.6461E+04
   2.378806E-03   1.7519E+07   5.2378E+12   2.4475E+19   3.0277E+13   9.8954E+08   6.4917E+10   1.1106E+09   8.8521E+05   1.4244E+12   7.5917E+12   6.8210E+04
   2.387002E-03   1.0752E+07   5.2989E+12   2.4475E+19   2.7331E+13   7.0338E+08   4.4298E+10   7.6784E+08   7.9315E+05   1.3628E+12   7.6838E+12   1.3467E+05
   2.398712E-03   5.0981E+06   5.3614E+12   2.4475E+19   2.2898E+13   4.2152E+08   2.5061E+10   4.4286E+08   6.3731E+05   1.2751E+12   7.7888E+12   5.5521E+05
   2.410422E-03   1.5409E+06   5.3989E+12   2.4475E+19   1.8938E+13   2.3763E+08   1.2999E+10   2.3740E+08   4.5136E+05   1.2006E+12   7.8670E+12   6.1658E+06
   2.423302E-03   3.1809E+05   5.4181E+12   2.4475E+19   1.5492E+13   1.4308E+08   7.4353E+09   1.3909E+08   2.7123E+05   1.1382E+12   7.9297E+12   1.9046E+08
   2.438525E-03   7.9094E+04   5.4190E+12   2.4475E+19   1.2469E+13   9.0222E+07   4.6270E+09   8.7205E+07   1.2459E+05   1.0657E+12   7.9805E+12   2.1997E+10
   2.457260E-03   1.1813E+05   5.3676E+12   2.4475E+19   9.8395E+12   5.6043E+07   2.8660E+09   5.4083E+07   1.0764E+05   9.3844E+10   7.9370E+12   1.0373E+12
   2.472482E-03   4.0749E+05   5.3241E+12   2.4475E+19   8.2411E+12   3.9146E+07   1.9996E+09   3.7791E+07   3.4786E+04   3.4539E+08   7.8955E+12   1.1724E+12
   2.492389E-03   1.6800E+06   5.2680E+12   2.4475E+19   6.6354E+12   2.5331E+07   1.2945E+09   2.4485E+07   8.9615E+03   5.5283E+06   7.8420E+12   1.2262E+12
   2.500000E-03   1.3305E+06   5.2467E+12   2.4475E+19   6.1304E+12   2.1622E+07   1.1049E+09   2.0900E+07   6.7592E+03   2.8446E+06   7.8218E+12   1.2464E+12
   2.507026E-03   9.7259E+05   5.2273E+12   2.4475E+19   5.7074E+12   1.8741E+07   9.5755E+08   1.8115E+07   9.6635E+03   6.4653E+06   7.8033E+12   1.2649E+12
   2.515223E-03   1.6799E+06   5.2047E+12   2.4475E+19   5.2596E+12   1.5925E+07   8.1329E+08   1.5385E+07   1.8100E+04   3.4263E+07   7.7818E+12   1.2863E+12
   2.524590E-03   2.7099E+06   5.1791E+12   2.4475E+19   4.8053E+12   1.3831E+07   6.9600E+08   1.3025E+07   3.9988E+04   4.7658E+08   7.7575E+12   1.3101E+12
   2.532787E-03   3.2934E+06   5.1568E+12   2.4475E+19   4.4763E+12   1.5796E+07   7.8204E+08   1.3631E+07   8.3336E+04   1.1533E+10   7.7367E+12   1.3199E+12
   2.540984E-03   1.4091E+06   5.1342E+12   2.4475E+19   4.1809E+12   1.5211E+07   8.0113E+08   1.3752E+07   1.3293E+05   2.6883E+11   7.7219E+12   1.0775E+12
   2.549180E-03   1.1963E+06   5.1104E+12   2.4475E+19   3.9304E+12   1.7750E+07   1.0217E+09   1.6944E+07   1.1929E+05   1.2112E+12   7.7270E+12   1.3021E+11
   2.555035E-03   4.9963E+06   5.0936E+12   2.4475E+19   4.0196E+12   6.5724E+07   4.4059E+09   6.8365E+07   1.8398E+05   1.3324E+12   7.7320E+12   5.7453E+09
   2.559719E-03   1.1251E+07   5.0809E+12   2.4475E+19   4.5360E+12   1.7312E+08   1.2381E+10   1.9184E+08   2.6338E+05   1.3384E+12   7.7364E+12   5.4322E+08
   2.564403E-03   1.9899E+07   5.0701E+12   2.4475E+19   5.7750E+12   3.5640E+08   2.6416E+10   4.1187E+08   3.4825E+05   1.3459E+12   7.7424E+12   7.6615E+07
   2.566745E-03   2.9512E+07   5.0658E+12   2.4475E+19   6.8298E+12   5.8186E+08   4.4070E+10   6.8998E+08   4.1909E+05   1.3540E+12   7.7465E+12   1.9645E+07
   2.570258E-03   3.7594E+07   5.0617E+12   2.4475E+19   9.0032E+12   8.0315E+08   6.1339E+10   9.6555E+08   4.7996E+05   1.3724E+12   7.7551E+12   7.5056E+06
   2.573771E-03   4.3564E+07   5.0613E+12   2.4475E+19   1.1633E+13   1.0155E+09   7.7996E+10   1.2354E+09   5.5414E+05   1.3964E+12   7.7674E+12   2.6961E+06
   2.579625E-03   4.7936E+07   5.0705E+12   2.4475E+19   1.6493E+13   1.2593E+09   9.6180E+10   1.5392E+09   6.5576E+05   1.4432E+12   7.7983E+12   8.8788E+05
   2.585480E-03   5.0396E+07   5.0930E+12   2.4475E+19   2.1400E+13   1.4999E+09   1.1355E+11   1.8359E+09   7.7630E+05   1.4926E+12   7.8432E+12   2.8718E+05
   2.592506E-03   4.9798E+07   5.1375E+12   2.4475E+19   2.6566E+13   1.6867E+09   1.2536E+11   2.0497E+09   8.9483E+05   1.5447E+12   7.9157E+12   1.1942E+05
   2.597190E-03   4.6938E+07   5.1764E+12   2.4475E+19   2.9258E+13   1.7364E+09   1.2734E+11   2.0972E+09   9.7609E+05   1.5704E+12   7.9739E+12   6.7092E+04
   2.606557E-03   4.1211E+07   5.2684E+12   2.4475E+19   3.2462E+13   1.7177E+09   1.2259E+11   2.0404E+09   1.0449E+06   1.5920E+12   8.1054E+12   4.7800E+04
   2.614754E-03   3.3110E+07   5.3551E+12   2.4475E+19   3.3070E+13   1.5284E+09   1.0638E+11   1.7864E+09   1.0688E+06   1.5793E+12   8.2274E+12   4.1342E+04
   2.621780E-03   2.5075E+07   5.4266E+12   2.4475E+19   3.2171E+13   1.2704E+09   8.6063E+10   1.4577E+09   1.0402E+06   1.5469E+12   8.3293E+12   4.8945E+04
   2.628806E-03   1.7519E+07   5.4905E+12   2.4475E+19   3.0258E+13   9.8888E+08   6.4884E+10   1.1100E+09   9.7684E+05   1.4994E+12   8.4231E+12   7.1806E+04
   2.637002E-03   1.0752E+07   5.5516E+12   2.4475E+19   2.7312E+13   7.0279E+08   4.4268E+10   7.6727E+08   8.7482E+05   1.4347E+12   8.5184E+12   1.4178E+05
   2.648712E-03   5.0981E+06   5.6128E+12   2.4475E+19   2.2879E+13   4.2103E+08   2.5036E+10   4.4240E+08   7.0318E+05   1.3438E+12   8.6265E+12   5.8514E+05
   2.660422E-03   1.5409E+06   5.6479E+12   2.4475E+19   1.8921E+13   2.3725E+08   1.2980E+10   2.3703E+08   4.9851E+05   1.2675E+12   8.7066E+12   6.5095E+06
   2.673302E-03   3.1809E+05   5.6635E+12   2.4475E+19   1.5475E+13   1.4278E+08   7.4200E+09   1.3881E+08   2.9996E+05   1.2043E+12   8.7701E+12   2.0151E+08
   2.688525E-03   7.9094E+04   5.6590E+12   2.4475E+19   1.2453E+13   8.9996E+07   4.6155E+09   8.6986E+07   1.3801E+05   1.1305E+12   8.8209E+12   2.3334E+10
   2.707260E-03   1.1813E+05   5.5994E+12   2.4475E+19   9.8279E+12   5.5912E+07   2.8593E+09   5.3956E+07   1.1958E+05   9.9938E+10   8.7700E+12   1.1047E+12
   2.722482E-03   4.0749E+05   5.5493E+12   2.4475E+19   8.2319E+12   3.9059E+07   1.9952E+09   3.7707E+07   3.8725E+04   3.6894E+08   8.7221E+12   1.2522E+12
   2.742389E-03   1.6800E+06   5.4848E+12   2.4475E+19   6.6284E+12   2.5278E+07   1.2918E+09   2.4434E+07   9.9992E+03   5.9345E+06   8.6605E+12   1.3141E+12
   2.750000E-03   1.3305E+06   5.4604E+12   2.4475E+19   6.1241E+12   2.1578E+07   1.1026E+09   2.0857E+07   7.5477E+03   3.0591E+06   8.6373E+12   1.3373E+12
   2.757026E-03   9.7259E+05   5.4380E+12   2.4475E+19   5.7016E+12   1.8703E+07   9.5561E+08   1.8078E+07   1.0798E+04   6.9541E+06   8.6160E+12   1.3586E+12
   2.765222E-03   1.6799E+06   5.4121E+12   2.4475E+19   5.2544E+12   1.5894E+07   8.1168E+08   1.5355E+07   2.0239E+04   3.6862E+07   8.5914E+12   1.3832E+12
   2.774590E-03   2.7099E+06   5.3828E+12   2.4475E+19   4.8006E+12   1.3806E+07   6.9468E+08   1.3000E+07   4.4748E+04   5.1318E+08   8.5635E+12   1.4106E+12
   2.782787E-03   3.2934E+06   5.3572E+12   2.4475E+19   4.4721E+12   1.5774E+07   7.8092E+08   1.3610E+07   9.3312E+04   1.2431E+10   8.5396E+12   1.4226E+12
   2.790984E-03   1.4091E+06   5.3313E+12   2.4475E+19   4.1768E+12   1.5192E+07   8.0012E+08   1.3733E+07   1.4891E+05   2.9001E+11   8.5223E+12   1.1624E+12
   2.799180E-03   1.1963E+06   5.3035E+12   2.4475E+19   3.9257E+12   1.7729E+07   1.0206E+09   1.6924E+07   1.3363E+05   1.3073E+12   8.5270E+12   1.4055E+11
   2.805035E-03   4.9963E+06   5.2839E+12   2.4475E+19   4.0145E+12   6.5701E+07   4.4048E+09   6.8343E+07   2.0607E+05   1.4386E+12   8.5318E+12   6.2033E+09
   2.809719E-03   1.1251E+07   5.2691E+12   2.4475E+19   4.5306E+12   1.7309E+08   1.2380E+10   1.9181E+08   2.9492E+05   1.4451E+12   8.5361E+12   5.8655E+08
   2.814403E-03   1.9899E+07   5.2563E+12   2.4475E+19   5.7692E+12   3.5637E+08   2.6414E+10   4.1184E+08   3.8968E+05   1.4527E+12   8.5421E+12   8.2693E+07
   2.816745E-03   2.9512E+07   5.2511E+12   2.4475E+19   6.8237E+12   5.8182E+08   4.4067E+10   6.8994E+08   4.6864E+05   1.4607E+12   8.5463E+12   2.1192E+07
   2.820258E-03   3.7594E+07   5.2459E+12   2.4475E+19   8.9965E+12   8.0308E+08   6.1336E+10   9.6549E+08   5.3597E+05   1.4788E+12   8.5552E+12   8.0872E+06
   2.823770E-03   4.3564E+07   5.2445E+12   2.4475E+19   1.1626E+13   1.0154E+09   7.7991E+10   1.2353E+09   6.1769E+05   1.5022E+12   8.5681E+12   2.9004E+06
   2.829625E-03   4.7936E+07   5.2529E+12   2.4475E+19   1.6484E+13   1.2591E+09   9.6171E+10   1.5390E+09   7.2837E+05   1.5473E+12   8.6006E+12   9.5195E+05
   2.835480E-03   5.0396E+07   5.2754E+12   2.4475E+19   2.1389E+13   1.4996E+09   1.1354E+11   1.8356E+09   8.5890E+05   1.5943E+12   8.6480E+12   3.0675E+05
   2.842506E-03   4.9798E+07   5.3208E+12   2.4475E+19   2.6552E+13   1.6863E+09   1.2534E+11   2.0493E+09   9.8548E+05   1.6426E+12   8.7243E+12   1.2698E+05
   2.847190E-03   4.6938E+07   5.3607E+12   2.4475E+19   2.9243E+13   1.7359E+09   1.2732E+11   2.0967E+09   1.0720E+06   1.6653E+12   8.7854E+12   7.1148E+04
   2.856557E-03   4.1211E+07   5.4550E+12   2.4475E+19   3.2445E+13   1.7170E+09   1.2255E+11   2.0397E+09   1.1423E+06   1.6808E+12   8.9231E+12   5.0465E+04
   2.864754E-03   3.3110E+07   5.5438E+12   2.4475E+19   3.3052E+13   1.5277E+09   1.0634E+11   1.7857E+09   1.1650E+06   1.6628E+12   9.0503E+12   4.3530E+04
   2.871780E-03   2.5075E+07   5.6166E+12   2.4475E+19   3.2152E+13   1.2697E+09   8.6029E+10   1.4570E+09   1.1320E+06   1.6264E+12   9.1562E+12   5.1461E+04
   2.878806E-03   1.7519E+07   5.6813E+12   2.4475E+19   3.0239E+13   9.8821E+08   6.4849E+10   1.1094E+09   1.0621E+06   1.5755E+12   9.2535E+12   7.5449E+04
   2.887002E-03   1.0752E+07   5.7427E+12   2.4475E+19   2.7293E+13   7.0219E+08   4.4237E+10   7.6669E+08   9.5087E+05   1.5076E+12   9.3520E+12   1.4898E+05
   2.898712E-03   5.0981E+06   5.8030E+12   2.4475E+19   2.2861E+13   4.2055E+08   2.5012E+10   4.4193E+08   7.6469E+05   1.4135E+12   9.4633E+12   6.1547E+05
   2.910422E-03   1.5409E+06   5.8360E+12   2.4475E+19   1.8903E+13   2.3687E+08   1.2960E+10   2.3666E+08   5.4265E+05   1.3353E+12   9.5452E+12   6.8577E+06
   2.923302E-03   3.1809E+05   5.8483E+12   2.4475E+19   1.5459E+13   1.4249E+08   7.4047E+09   1.3852E+08   3.2693E+05   1.2711E+12   9.6097E+12   2.1269E+08
   2.938525E-03   7.9094E+04   5.8387E+12   2.4475E+19   1.2437E+13   8.9770E+07   4.6039E+09   8.6767E+07   1.5064E+05   1.1959E+12   9.6605E+12   2.4685E+10
   2.957260E-03   1.1813E+05   5.7712E+12   2.4475E+19   9.8162E+12   5.5780E+07   2.8526E+09   5.3829E+07   1.3082E+05   1.0608E+11   9.6025E+12   1.1725E+12
   2.972482E-03   4.0749E+05   5.7147E+12   2.4475E+19   8.2227E+12   3.8972E+07   1.9907E+09   3.7623E+07   4.2431E+04   3.9259E+08   9.5484E+12   1.3323E+12
   2.992389E-03   1.6800E+06   5.6421E+12   2.4475E+19   6.6215E+12   2.5226E+07   1.2891E+09   2.4383E+07   1.0975E+04   6.3404E+06   9.4790E+12   1.4021E+12
   3.000000E-03   1.3305E+06   5.6146E+12   2.4475E+19   6.1179E+12   2.1534E+07   1.1003E+09   2.0815E+07   8.2885E+03   3.2732E+06   9.4528E+12   1.4282E+12
   3.007026E-03   9.7259E+05   5.5895E+12   2.4475E+19   5.6959E+12   1.8665E+07   9.5370E+08   1.8042E+07   1.1863E+04   7.4417E+06   9.4288E+12   1.4522E+12
   3.015222E-03   1.6799E+06   5.5604E+12   2.4475E+19   5.2492E+12   1.5862E+07   8.1008E+08   1.5324E+07   2.2247E+04   3.9454E+07   9.4011E+12   1.4799E+12
   3.024590E-03   2.7099E+06   5.5274E+12   2.4475E+19   4.7960E+12   1.3780E+07   6.9337E+08   1.2976E+07   4.9212E+04   5.4963E+08   9.3697E+12   1.5107E+12
   3.032787E-03   3.2934E+06   5.4987E+12   2.4475E+19   4.4678E+12   1.5752E+07   7.7980E+08   1.3589E+07   1.0266E+05   1.3324E+10   9.3428E+12   1.5248E+12
   3.040984E-03   1.4091E+06   5.4695E+12   2.4475E+19   4.1728E+12   1.5172E+07   7.9912E+08   1.3714E+07   1.6387E+05   3.1108E+11   9.3232E+12   1.2468E+12
   3.049180E-03   1.1963E+06   5.4381E+12   2.4475E+19   3.9211E+12   1.7708E+07   1.0196E+09   1.6904E+07   1.4704E+05   1.4030E+12   9.3275E+12   1.5084E+11
   3.055035E-03   4.9963E+06   5.4159E+12   2.4475E+19   4.0095E+12   6.5677E+07   4.4035E+09   6.8320E+07   2.2673E+05   1.5443E+12   9.3321E+12   6.6589E+09
   3.059719E-03   1.1251E+07   5.3990E+12   2.4475E+19   4.5252E+12   1.7306E+08   1.2379E+10   1.9179E+08   3.2439E+05   1.5513E+12   9.3363E+12   6.2964E+08
   3.064403E-03   1.9899E+07   5.3843E+12   2.4475E+19   5.7633E+12   3.5633E+08   2.6412E+10   4.1180E+08   4.2835E+05   1.5588E+12   9.3423E+12   8.8737E+07
   3.066745E-03   2.9512E+07   5.3783E+12   2.4475E+19   6.8176E+12   5.8177E+08   4.4065E+10   6.8989E+08   5.1486E+05   1.5668E+12   9.3466E+12   2.2731E+07
   3.070258E-03   3.7594E+07   5.3720E+12   2.4475E+19   8.9898E+12   8.0301E+08   6.1332E+10   9.6542E+08   5.8812E+05   1.5846E+12   9.3558E+12   8.6657E+06
   3.073770E-03   4.3564E+07   5.3699E+12   2.4475E+19   1.1618E+13   1.0153E+09   7.7987E+10   1.2352E+09   6.7675E+05   1.6074E+12   9.3693E+12   3.1035E+06
   3.079625E-03   4.7936E+07   5.3776E+12   2.4475E+19   1.6475E+13   1.2590E+09   9.6163E+10   1.5388E+09   7.9558E+05   1.6509E+12   9.4034E+12   1.0157E+06
   3.085480E-03   5.0396E+07   5.4003E+12   2.4475E+19   2.1379E+13   1.4994E+09   1.1352E+11   1.8354E+09   9.3502E+05   1.6954E+12   9.4532E+12   3.2621E+05
   3.092506E-03   4.9798E+07   5.4468E+12   2.4475E+19   2.6539E+13   1.6858E+09   1.2531E+11   2.0489E+09   1.0686E+06   1.7399E+12   9.5334E+12   1.3451E+05
   3.097190E-03   4.6938E+07   5.4879E+12   2.4475E+19   2.9228E+13   1.7354E+09   1.2729E+11   2.0962E+09   1.1596E+06   1.7598E+12   9.5973E+12   7.5183E+04
   3.106557E-03   4.1211E+07   5.5849E+12   2.4475E+19   3.2427E+13   1.7164E+09   1.2252E+11   2.0391E+09   1.2309E+06   1.7691E+12   9.7411E+12   5.3118E+04
   3.114754E-03   3.3110E+07   5.6758E+12   2.4475E+19   3.3033E+13   1.5270E+09   1.0631E+11   1.7851E+09   1.2524E+06   1.7460E+12   9.8735E+12   4.5707E+04
   3.121780E-03   2.5075E+07   5.7502E+12   2.4475E+19   3.2133E+13   1.2690E+09   8.5992E+10   1.4563E+09   1.2153E+06   1.7056E+12   9.9834E+12   5.3967E+04
   3.128806E-03   1.7519E+07   5.8159E+12   2.4475E+19   3.0220E+13   9.8755E+08   6.4815E+10   1.1087E+09   1.1395E+06   1.6513E+12   1.0084E+13   7.9077E+04
   3.137002E-03   1.0752E+07   5.8778E+12   2.4475E+19   2.7274E+13   7.0160E+08   4.4207E+10   7.6612E+08   1.0201E+06   1.5801E+12   1.0186E+13   1.5615E+05
   3.148712E-03   5.0981E+06   5.9376E+12   2.4475E+19   2.2843E+13   4.2007E+08   2.4987E+10   4.4146E+08   8.2083E+05   1.4829E+12   1.0300E+13   6.4569E+05
   3.160422E-03   1.5409E+06   5.9688E+12   2.4475E+19   1.8886E+13   2.3648E+08   1.2940E+10   2.3629E+08   5.8307E+05   1.4029E+12   1.0384E+13   7.2044E+06
   3.173302E-03   3.1809E+05   5.9781E+12   2.4475E+19   1.5442E+13   1.4219E+08   7.3896E+09   1.3823E+08   3.5169E+05   1.3377E+12   1.0449E+13   2.2383E+08
   3.188525E-03   7.9094E+04   5.9640E+12   2.4475E+19   1.2421E+13   8.9545E+07   4.5924E+09   8.6550E+07   1.6226E+05   1.2611E+12   1.0500E+13   2.6030E+10
   3.207260E-03   1.1813E+05   5.8889E+12   2.4475E+19   9.8046E+12   5.5649E+07   2.8458E+09   5.3702E+07   1.4115E+05   1.1216E+11   1.0435E+13   1.2398E+12
   3.222482E-03   4.0749E+05   5.8263E+12   2.4475E+19   8.2135E+12   3.8886E+07   1.9863E+09   3.7539E+07   4.5833E+04   4.1597E+08   1.0375E+13   1.4115E+12
   3.242389E-03   1.6800E+06   5.7459E+12   2.4475E+19   6.6146E+12   2.5173E+07   1.2864E+09   2.4332E+07   1.1868E+04   6.7399E+06   1.0299E+13   1.4888E+12
   3.250000E-03   1.3305E+06   5.7156E+12   2.4475E+19   6.1116E+12   2.1490E+07   1.0981E+09   2.0772E+07   8.9666E+03   3.4835E+06   1.0270E+13   1.5178E+12
   3.257026E-03   9.7259E+05   5.6878E+12   2.4475E+19   5.6902E+12   1.8628E+07   9.5179E+08   1.8006E+07   1.2838E+04   7.9206E+06   1.0243E+13   1.5443E+12
   3.265222E-03   1.6799E+06   5.6557E+12   2.4475E+19   5.2440E+12   1.5831E+07   8.0849E+08   1.5294E+07   2.4081E+04   4.2000E+07   1.0212E+13   1.5749E+12
   3.274590E-03   2.7099E+06   5.6193E+12   2.4475E+19   4.7914E+12   1.3755E+07   6.9208E+08   1.2951E+07   5.3284E+04   5.8542E+08   1.0178E+13   1.6090E+12
   3.282787E-03   3.2934E+06   5.5876E+12   2.4475E+19   4.4636E+12   1.5731E+07   7.7870E+08   1.3568E+07   1.1118E+05   1.4200E+10   1.0148E+13   1.6251E+12
   3.290984E-03   1.4091E+06   5.5554E+12   2.4475E+19   4.1688E+12   1.5153E+07   7.9814E+08   1.3696E+07   1.7748E+05   3.3172E+11   1.0126E+13   1.3295E+12
   3.299180E-03   1.1963E+06   5.5206E+12   2.4475E+19   3.9166E+12   1.7688E+07   1.0185E+09   1.6884E+07   1.5924E+05   1.4967E+12   1.0130E+13   1.6092E+11
   3.305035E-03   4.9963E+06   5.4959E+12   2.4475E+19   4.0045E+12   6.5655E+07   4.4024E+09   6.8298E+07   2.4551E+05   1.6478E+12   1.0134E+13   7.1054E+09
   3.309719E-03   1.1251E+07   5.4772E+12   2.4475E+19   4.5199E+12   1.7303E+08   1.2377E+10   1.9176E+08   3.5116E+05   1.6553E+12   1.0138E+13   6.7188E+08
   3.314403E-03   1.9899E+07   5.4608E+12   2.4475E+19   5.7576E+12   3.5629E+08   2.6410E+10   4.1176E+08   4.6345E+05   1.6629E+12   1.0145E+13   9.4662E+07
   3.316745E-03   2.9512E+07   5.4541E+12   2.4475E+19   6.8116E+12   5.8172E+08   4.4063E+10   6.8985E+08   5.5677E+05   1.6708E+12   1.0149E+13   2.4240E+07
   3.320258E-03   3.7594E+07   5.4468E+12   2.4475E+19   8.9833E+12   8.0294E+08   6.1329E+10   9.6536E+08   6.3534E+05   1.6883E+12   1.0158E+13   9.2328E+06
   3.323770E-03   4.3564E+07   5.4440E+12   2.4475E+19   1.1611E+13   1.0152E+09   7.7982E+10   1.2351E+09   7.3012E+05   1.7105E+12   1.0173E+13   3.3026E+06
   3.329625E-03   4.7936E+07   5.4512E+12   2.4475E+19   1.6466E+13   1.2588E+09   9.6155E+10   1.5387E+09   8.5610E+05   1.7524E+12   1.0208E+13   1.0782E+06
   3.335480E-03   5.0396E+07   5.4743E+12   2.4475E+19   2.1368E+13   1.4991E+09   1.1351E+11   1.8351E+09   1.0033E+06   1.7946E+12   1.0260E+13   3.4529E+05
   3.342506E-03   4.9798E+07   5.5221E+12   2.4475E+19   2.6526E+13   1.6855E+09   1.2530E+11   2.0485E+09   1.1429E+06   1.8354E+12   1.0344E+13   1.4189E+05
   3.347190E-03   4.6938E+07   5.5644E+12   2.4475E+19   2.9213E+13   1.7349E+09   1.2727E+11   2.0957E+09   1.2377E+06   1.8525E+12   1.0411E+13   7.9143E+04
   3.356557E-03   4.1211E+07   5.6643E+12   2.4475E+19   3.2411E+13   1.7158E+09   1.2249E+11   2.0385E+09   1.3097E+06   1.8558E+12   1.0561E+13   5.5722E+04
   3.364754E-03   3.3110E+07   5.7576E+12   2.4475E+19   3.3015E+13   1.5263E+09   1.0627E+11   1.7844E+09   1.3299E+06   1.8277E+12   1.0698E+13   4.7845E+04
   3.371780E-03   2.5075E+07   5.8338E+12   2.4475E+19   3.2115E+13   1.2683E+09   8.5957E+10   1.4557E+09   1.2892E+06   1.7834E+12   1.0812E+13   5.6429E+04
   3.378806E-03   1.7519E+07   5.9007E+12   2.4475E+19   3.0201E+13   9.8690E+08   6.4782E+10   1.1081E+09   1.2083E+06   1.7257E+12   1.0916E+13   8.2643E+04
   3.387002E-03   1.0752E+07   5.9633E+12   2.4475E+19   2.7256E+13   7.0102E+08   4.4177E+10   7.6556E+08   1.0817E+06   1.6515E+12   1.1021E+13   1.6320E+05
   3.398712E-03   5.0981E+06   6.0229E+12   2.4475E+19   2.2825E+13   4.1960E+08   2.4963E+10   4.4101E+08   8.7093E+05   1.5511E+12   1.1138E+13   6.7540E+05
   3.410422E-03   1.5409E+06   6.0527E+12   2.4475E+19   1.8868E+13   2.3611E+08   1.2921E+10   2.3593E+08   6.1925E+05   1.4693E+12   1.1224E+13   7.5454E+06
   3.423302E-03   3.1809E+05   6.0594E+12   2.4475E+19   1.5426E+13   1.4190E+08   7.3747E+09   1.3795E+08   3.7391E+05   1.4031E+12   1.1290E+13   2.3478E+08
   3.438525E-03   7.9094E+04   6.0413E+12   2.4475E+19   1.2406E+13   8.9326E+07   4.5812E+09   8.6338E+07   1.7271E+05   1.3252E+12   1.1341E+13   2.7353E+10
   3.457260E-03   1.1813E+05   5.9590E+12   2.4475E+19   9.7933E+12   5.5522E+07   2.8394E+09   5.3579E+07   1.5043E+05   1.1813E+11   1.1270E+13   1.3057E+12
   3.472482E-03   4.0749E+05   5.8907E+12   2.4475E+19   8.2047E+12   3.8802E+07   1.9820E+09   3.7458E+07   4.8881E+04   4.3882E+08   1.1204E+13   1.4889E+12
   3.492389E-03   1.6800E+06   5.8030E+12   2.4475E+19   6.6079E+12   2.5123E+07   1.2838E+09   2.4283E+07   1.2666E+04   7.1285E+06   1.1120E+13   1.5733E+12
   3.500000E-03   1.3305E+06   5.7700E+12   2.4475E+19   6.1056E+12   2.1448E+07   1.0959E+09   2.0731E+07   9.5715E+03   3.6878E+06   1.1089E+13   1.6049E+12
   3.507026E-03   9.7259E+05   5.7397E+12   2.4475E+19   5.6847E+12   1.8592E+07   9.4995E+08   1.7971E+07   1.3706E+04   8.3857E+06   1.1060E+13   1.6338E+12
   3.515222E-03   1.6799E+06   5.7047E+12   2.4475E+19   5.2391E+12   1.5802E+07   8.0696E+08   1.5265E+07   2.5713E+04   4.4471E+07   1.1026E+13   1.6672E+12
   3.524590E-03   2.7099E+06   5.6651E+12   2.4475E+19   4.7870E+12   1.3731E+07   6.9084E+08   1.2927E+07   5.6901E+04   6.2013E+08   1.0989E+13   1.7043E+12
   3.532787E-03   3.2934E+06   5.6307E+12   2.4475E+19   4.4596E+12   1.5710E+07   7.7764E+08   1.3548E+07   1.1873E+05   1.5049E+10   1.0956E+13   1.7222E+12
   3.540984E-03   1.4091E+06   5.5956E+12   2.4475E+19   4.1649E+12   1.5134E+07   7.9719E+08   1.3678E+07   1.8955E+05   3.5172E+11   1.0932E+13   1.4097E+12
   3.549180E-03   1.1963E+06   5.5577E+12   2.4475E+19   3.9122E+12   1.7668E+07   1.0175E+09   1.6865E+07   1.7004E+05   1.5876E+12   1.0936E+13   1.7068E+11
   3.555035E-03   4.9963E+06   5.5309E+12   2.4475E+19   3.9998E+12   6.5633E+07   4.4013E+09   6.8277E+07   2.6212E+05   1.7482E+12   1.0940E+13   7.5381E+09
   3.559719E-03   1.1251E+07   5.5106E+12   2.4475E+19   4.5148E+12   1.7301E+08   1.2376E+10   1.9173E+08   3.7483E+05   1.7562E+12   1.0944E+13   7.1282E+08
   3.564403E-03   1.9899E+07   5.4927E+12   2.4475E+19   5.7521E+12   3.5625E+08   2.6408E+10   4.1173E+08   4.9443E+05   1.7638E+12   1.0950E+13   1.0041E+08
   3.566745E-03   2.9512E+07   5.4852E+12   2.4475E+19   6.8058E+12   5.8168E+08   4.4060E+10   6.8980E+08   5.9374E+05   1.7716E+12   1.0954E+13   2.5703E+07
   3.570258E-03   3.7594E+07   5.4772E+12   2.4475E+19   8.9770E+12   8.0288E+08   6.1326E+10   9.6529E+08   6.7693E+05   1.7888E+12   1.0964E+13   9.7826E+06
   3.573770E-03   4.3564E+07   5.4738E+12   2.4475E+19   1.1604E+13   1.0151E+09   7.7978E+10   1.2351E+09   7.7703E+05   1.8106E+12   1.0979E+13   3.4957E+06
   3.579625E-03   4.7936E+07   5.4807E+12   2.4475E+19   1.6458E+13   1.2586E+09   9.6147E+10   1.5385E+09   9.0911E+05   1.8509E+12   1.1016E+13   1.1388E+06
   3.585480E-03   5.0396E+07   5.5043E+12   2.4475E+19   2.1358E+13   1.4988E+09   1.1350E+11   1.8349E+09   1.0629E+06   1.8909E+12   1.1070E+13   3.6381E+05
   3.592506E-03   4.9798E+07   5.5536E+12   2.4475E+19   2.6513E+13   1.6851E+09   1.2528E+11   2.0481E+09   1.2074E+06   1.9281E+12   1.1158E+13   1.4906E+05
   3.597190E-03   4.6938E+07   5.5973E+12   2.4475E+19   2.9199E+13   1.7344E+09   1.2724E+11   2.0953E+09   1.3055E+06   1.9424E+12   1.1227E+13   8.2986E+04
   3.606557E-03   4.1211E+07   5.7002E+12   2.4475E+19   3.2394E+13   1.7152E+09   1.2246E+11   2.0379E+09   1.3778E+06   1.9401E+12   1.1383E+13   5.8250E+04
   3.614754E-03   3.3110E+07   5.7961E+12   2.4475E+19   3.2998E+13   1.5256E+09   1.0624E+11   1.7837E+09   1.3969E+06   1.9071E+12   1.1525E+13   4.9923E+04
   3.621780E-03   2.5075E+07   5.8741E+12   2.4475E+19   3.2097E+13   1.2676E+09   8.5923E+10   1.4550E+09   1.3532E+06   1.8590E+12   1.1642E+13   5.8821E+04
   3.628806E-03   1.7519E+07   5.9424E+12   2.4475E+19   3.0183E+13   9.8628E+08   6.4751E+10   1.1075E+09   1.2679E+06   1.7982E+12   1.1750E+13   8.6111E+04
   3.637002E-03   1.0752E+07   6.0060E+12   2.4475E+19   2.7238E+13   7.0046E+08   4.4149E+10   7.6502E+08   1.1352E+06   1.7209E+12   1.1858E+13   1.7006E+05
   3.648712E-03   5.0981E+06   6.0656E+12   2.4475E+19   2.2808E+13   4.1915E+08   2.4940E+10   4.4058E+08   9.1466E+05   1.6175E+12   1.1978E+13   7.0431E+05
   3.660422E-03   1.5409E+06   6.0944E+12   2.4475E+19   1.8852E+13   2.3575E+08   1.2903E+10   2.3558E+08   6.5094E+05   1.5339E+12   1.2066E+13   7.8773E+06
   3.673302E-03   3.1809E+05   6.0990E+12   2.4475E+19   1.5410E+13   1.4162E+08   7.3604E+09   1.3768E+08   3.9344E+05   1.4668E+12   1.2133E+13   2.4544E+08
   3.688525E-03   7.9094E+04   6.0773E+12   2.4475E+19   1.2391E+13   8.9113E+07   4.5703E+09   8.6132E+07   1.8192E+05   1.3875E+12   1.2184E+13   2.8640E+10
   3.707260E-03   1.1813E+05   5.9883E+12   2.4475E+19   9.7824E+12   5.5399E+07   2.8331E+09   5.3461E+07   1.5857E+05   1.2391E+11   1.2106E+13   1.3697E+12
   3.722482E-03   4.0749E+05   5.9146E+12   2.4475E+19   8.1961E+12   3.8721E+07   1.9779E+09   3.7380E+07   5.1549E+04   4.6092E+08   1.2036E+13   1.5639E+12
   3.742389E-03   1.6800E+06   5.8202E+12   2.4475E+19   6.6015E+12   2.5074E+07   1.2813E+09   2.4236E+07   1.3362E+04   7.5029E+06   1.1945E+13   1.6549E+12
   3.750000E-03   1.3305E+06   5.7846E+12   2.4475E+19   6.0998E+12   2.1407E+07   1.0939E+09   2.0692E+07   1.0098E+04   3.8842E+06   1.1911E+13   1.6889E+12
   3.757026E-03   9.7259E+05   5.7521E+12   2.4475E+19   5.6794E+12   1.8558E+07   9.4818E+08   1.7938E+07   1.4460E+04   8.8330E+06   1.1880E+13   1.7200E+12
   3.765222E-03   1.6799E+06   5.7144E+12   2.4475E+19   5.2343E+12   1.5773E+07   8.0550E+08   1.5238E+07   2.7128E+04   4.6848E+07   1.1844E+13   1.7559E+12
   3.774590E-03   2.7099E+06   5.6718E+12   2.4475E+19   4.7827E+12   1.3707E+07   6.8964E+08   1.2905E+07   6.0031E+04   6.5348E+08   1.1803E+13   1.7959E+12
   3.782787E-03   3.2934E+06   5.6348E+12   2.4475E+19   4.4557E+12   1.5690E+07   7.7663E+08   1.3529E+07   1.2526E+05   1.5864E+10   1.1768E+13   1.8155E+12
   3.790984E-03   1.4091E+06   5.5972E+12   2.4475E+19   4.1612E+12   1.5117E+07   7.9629E+08   1.3661E+07   1.9994E+05   3.7090E+11   1.1742E+13   1.4866E+12
   3.799180E-03   1.1963E+06   5.5566E+12   2.4475E+19   3.9080E+12   1.7649E+07   1.0166E+09   1.6846E+07   1.7934E+05   1.6747E+12   1.1745E+13   1.8005E+11
   3.805035E-03   4.9963E+06   5.5278E+12   2.4475E+19   3.9952E+12   6.5612E+07   4.4002E+09   6.8257E+07   2.7641E+05   1.8446E+12   1.1749E+13   7.9537E+09
   3.809719E-03   1.1251E+07   5.5060E+12   2.4475E+19   4.5100E+12   1.7298E+08   1.2375E+10   1.9171E+08   3.9518E+05   1.8531E+12   1.1753E+13   7.5214E+08
   3.814403E-03   1.9899E+07   5.4868E+12   2.4475E+19   5.7469E+12   3.5622E+08   2.6406E+10   4.1169E+08   5.2105E+05   1.8608E+12   1.1759E+13   1.0592E+08
   3.816745E-03   2.9512E+07   5.4788E+12   2.4475E+19   6.8003E+12   5.8163E+08   4.4058E+10   6.8976E+08   6.2548E+05   1.8685E+12   1.1764E+13   2.7108E+07
   3.820258E-03   3.7594E+07   5.4701E+12   2.4475E+19   8.9710E+12   8.0282E+08   6.1323E+10   9.6523E+08   7.1256E+05   1.8854E+12   1.1774E+13   1.0311E+07
   3.823770E-03   4.3564E+07   5.4663E+12   2.4475E+19   1.1598E+13   1.0150E+09   7.7973E+10   1.2350E+09   8.1716E+05   1.9067E+12   1.1789E+13   3.6813E+06
   3.829625E-03   4.7936E+07   5.4731E+12   2.4475E+19   1.6450E+13   1.2585E+09   9.6139E+10   1.5384E+09   9.5429E+05   1.9456E+12   1.1827E+13   1.1970E+06
   3.835480E-03   5.0396E+07   5.4972E+12   2.4475E+19   2.1348E+13   1.4986E+09   1.1348E+11   1.8347E+09   1.1135E+06   1.9834E+12   1.1884E+13   3.8161E+05
   3.842506E-03   4.9798E+07   5.5482E+12   2.4475E+19   2.6501E+13   1.6847E+09   1.2526E+11   2.0478E+09   1.2620E+06   2.0173E+12   1.1975E+13   1.5595E+05
   3.847190E-03   4.6938E+07   5.5933E+12   2.4475E+19   2.9186E+13   1.7340E+09   1.2722E+11   2.0949E+09   1.3627E+06   2.0290E+12   1.2047E+13   8.6684E+04
   3.856557E-03   4.1211E+07   5.6994E+12   2.4475E+19   3.2379E+13   1.7146E+09   1.2243E+11   2.0374E+09   1.4352E+06   2.0212E+12   1.2208E+13   6.0685E+04
   3.864754E-03   3.3110E+07   5.7981E+12   2.4475E+19   3.2981E+13   1.5250E+09   1.0621E+11   1.7831E+09   1.4534E+06   1.9835E+12   1.2355E+13   5.1925E+04
   3.871780E-03   2.5075E+07   5.8781E+12   2.4475E+19   3.2080E+13   1.2670E+09   8.5891E+10   1.4544E+09   1.4072E+06   1.9319E+12   1.2476E+13   6.1127E+04
   3.878806E-03   1.7519E+07   5.9479E+12   2.4475E+19   3.0166E+13   9.8568E+08   6.4720E+10   1.1069E+09   1.3183E+06   1.8680E+12   1.2586E+13   8.9454E+04
   3.887002E-03   1.0752E+07   6.0126E+12   2.4475E+19   2.7221E+13   6.9993E+08   4.4122E+10   7.6450E+08   1.1806E+06   1.7878E+12   1.2697E+13   1.7667E+05
   3.898712E-03   5.0981E+06   6.0726E+12   2.4475E+19   2.2791E+13   4.1871E+08   2.4918E+10   4.4015E+08   9.5200E+05   1.6816E+12   1.2820E+13   7.3222E+05
   3.910422E-03   1.5409E+06   6.1007E+12   2.4475E+19   1.8836E+13   2.3541E+08   1.2885E+10   2.3524E+08   6.7812E+05   1.5963E+12   1.2909E+13   8.1978E+06
   3.923302E-03   3.1809E+05   6.1035E+12   2.4475E+19   1.5395E+13   1.4135E+08   7.3467E+09   1.3742E+08   4.1025E+05   1.5283E+12   1.2977E+13   2.5574E+08
   3.938525E-03   7.9094E+04   6.0787E+12   2.4475E+19   1.2377E+13   8.8911E+07   4.5600E+09   8.5937E+07   1.8986E+05   1.4478E+12   1.3028E+13   2.9883E+10
   3.957260E-03   1.1813E+05   5.9835E+12   2.4475E+19   9.7719E+12   5.5281E+07   2.8270E+09   5.3347E+07   1.6557E+05   1.2948E+11   1.2945E+13   1.4313E+12
   3.972482E-03   4.0749E+05   5.9049E+12   2.4475E+19   8.1879E+12   3.8644E+07   1.9739E+09   3.7305E+07   5.3833E+04   4.8216E+08   1.2870E+13   1.6359E+12
   3.992389E-03   1.6800E+06   5.8042E+12   2.4475E+19   6.5953E+12   2.5027E+07   1.2789E+09   2.4190E+07   1.3954E+04   7.8611E+06   1.2773E+13   1.7330E+12
   4.000000E-03   1.3305E+06   5.7663E+12   2.4475E+19   6.0942E+12   2.1368E+07   1.0918E+09   2.0654E+07   1.0545E+04   4.0719E+06   1.2737E+13   1.7693E+12
   4.007026E-03   9.7259E+05   5.7316E+12   2.4475E+19   5.6743E+12   1.8524E+07   9.4648E+08   1.7906E+07   1.5099E+04   9.2603E+06   1.2704E+13   1.8024E+12
   4.015222E-03   1.6799E+06   5.6915E+12   2.4475E+19   5.2297E+12   1.5745E+07   8.0407E+08   1.5211E+07   2.8325E+04   4.9118E+07   1.2665E+13   1.8407E+12
   4.024590E-03   2.7099E+06   5.6462E+12   2.4475E+19   4.7786E+12   1.3685E+07   6.8848E+08   1.2883E+07   6.2669E+04   6.8530E+08   1.2622E+13   1.8834E+12
   4.032787E-03   3.2934E+06   5.6068E+12   2.4475E+19   4.4520E+12   1.5671E+07   7.7565E+08   1.3510E+07   1.3074E+05   1.6641E+10   1.2585E+13   1.9045E+12
   4.040984E-03   1.4091E+06   5.5668E+12   2.4475E+19   4.1576E+12   1.5099E+07   7.9541E+08   1.3644E+07   2.0866E+05   3.8919E+11   1.2557E+13   1.5599E+12
   4.049180E-03   1.1963E+06   5.5239E+12   2.4475E+19   3.9040E+12   1.7631E+07   1.0156E+09   1.6829E+07   1.8714E+05   1.7578E+12   1.2559E+13   1.8899E+11
   4.055035E-03   4.9963E+06   5.4935E+12   2.4475E+19   3.9908E+12   6.5592E+07   4.3992E+09   6.8237E+07   2.8838E+05   1.9365E+12   1.2563E+13   8.3499E+09
   4.059719E-03   1.1251E+07   5.4704E+12   2.4475E+19   4.5053E+12   1.7296E+08   1.2373E+10   1.9169E+08   4.1220E+05   1.9455E+12   1.2567E+13   7.8965E+08
   4.064403E-03   1.9899E+07   5.4500E+12   2.4475E+19   5.7418E+12   3.5619E+08   2.6405E+10   4.1166E+08   5.4328E+05   1.9532E+12   1.2573E+13   1.1119E+08
   4.066745E-03   2.9512E+07   5.4415E+12   2.4475E+19   6.7950E+12   5.8159E+08   4.4056E+10   6.8972E+08   6.5196E+05   1.9609E+12   1.2577E+13   2.8450E+07
   4.070258E-03   3.7594E+07   5.4323E+12   2.4475E+19   8.9653E+12   8.0276E+08   6.1320E+10   9.6518E+08   7.4225E+05   1.9776E+12   1.2588E+13   1.0815E+07
   4.073770E-03   4.3564E+07   5.4281E+12   2.4475E+19   1.1591E+13   1.0149E+09   7.7968E+10   1.2349E+09   8.5051E+05   1.9984E+12   1.2603E+13   3.8585E+06
   4.079625E-03   4.7936E+07   5.4350E+12   2.4475E+19   1.6442E+13   1.2583E+09   9.6132E+10   1.5382E+09   9.9170E+05   2.0361E+12   1.2643E+13   1.2527E+06
   4.085480E-03   5.0396E+07   5.4599E+12   2.4475E+19   2.1338E+13   1.4984E+09   1.1347E+11   1.8344E+09   1.1552E+06   2.0718E+12   1.2702E+13   3.9863E+05
   4.092506E-03   4.9798E+07   5.5127E+12   2.4475E+19   2.6490E+13   1.6844E+09   1.2524E+11   2.0474E+09   1.3069E+06   2.1025E+12   1.2796E+13   1.6254E+05
   4.097190E-03   4.6938E+07   5.5593E+12   2.4475E+19   2.9173E+13   1.7336E+09   1.2720E+11   2.0944E+09   1.4097E+06   2.1117E+12   1.2870E+13   9.0220E+04
   4.106557E-03   4.1211E+07   5.6687E+12   2.4475E+19   3.2364E+13   1.7140E+09   1.2240E+11   2.0368E+09   1.4823E+06   2.0987E+12   1.3036E+13   6.3015E+04
   4.114754E-03   3.3110E+07   5.7703E+12   2.4475E+19   3.2965E+13   1.5244E+09   1.0617E+11   1.7826E+09   1.4998E+06   2.0567E+12   1.3188E+13   5.3841E+04
   4.121780E-03   2.5075E+07   5.8523E+12   2.4475E+19   3.2063E+13   1.2664E+09   8.5860E+10   1.4538E+09   1.4517E+06   2.0017E+12   1.3312E+13   6.3336E+04
   4.128806E-03   1.7519E+07   5.9238E+12   2.4475E+19   3.0150E+13   9.8511E+08   6.4691E+10   1.1064E+09   1.3600E+06   1.9349E+12   1.3425E+13   9.2658E+04
   4.137002E-03   1.0752E+07   5.9897E+12   2.4475E+19   2.7205E+13   6.9942E+08   4.4097E+10   7.6400E+08   1.2184E+06   1.8520E+12   1.3539E+13   1.8302E+05
   4.148712E-03   5.0981E+06   6.0504E+12   2.4475E+19   2.2775E+13   4.1830E+08   2.4896E+10   4.3975E+08   9.8319E+05   1.7431E+12   1.3665E+13   7.5899E+05
   4.160422E-03   1.5409E+06   6.0780E+12   2.4475E+19   1.8821E+13   2.3508E+08   1.2869E+10   2.3493E+08   7.0095E+05   1.6562E+12   1.3756E+13   8.5054E+06
   4.173302E-03   3.1809E+05   6.0794E+12   2.4475E+19   1.5380E+13   1.4109E+08   7.3336E+09   1.3717E+08   4.2442E+05   1.5874E+12   1.3825E+13   2.6562E+08
   4.188525E-03   7.9094E+04   6.0520E+12   2.4475E+19   1.2363E+13   8.8717E+07   4.5501E+09   8.5749E+07   1.9658E+05   1.5056E+12   1.3876E+13   3.1077E+10
   4.207260E-03   1.1813E+05   5.9511E+12   2.4475E+19   9.7619E+12   5.5168E+07   2.8213E+09   5.3238E+07   1.7146E+05   1.3482E+11   1.3787E+13   1.4902E+12
   4.222482E-03   4.0749E+05   5.8679E+12   2.4475E+19   8.1800E+12   3.8569E+07   1.9701E+09   3.7234E+07   5.5745E+04   5.0245E+08   1.3707E+13   1.7046E+12
   4.242389E-03   1.6800E+06   5.7614E+12   2.4475E+19   6.5894E+12   2.4982E+07   1.2766E+09   2.4147E+07   1.4447E+04   8.2020E+06   1.3605E+13   1.8074E+12
   4.250000E-03   1.3305E+06   5.7214E+12   2.4475E+19   6.0889E+12   2.1331E+07   1.0899E+09   2.0618E+07   1.0915E+04   4.2503E+06   1.3566E+13   1.8458E+12
   4.257026E-03   9.7259E+05   5.6848E+12   2.4475E+19   5.6694E+12   1.8493E+07   9.4486E+08   1.7875E+07   1.5627E+04   9.6661E+06   1.3531E+13   1.8808E+12
   4.265222E-03   1.6799E+06   5.6425E+12   2.4475E+19   5.2253E+12   1.5719E+07   8.0274E+08   1.5185E+07   2.9310E+04   5.1273E+07   1.3491E+13   1.9213E+12
   4.274590E-03   2.7099E+06   5.5946E+12   2.4475E+19   4.7747E+12   1.3663E+07   6.8739E+08   1.2862E+07   6.4833E+04   7.1551E+08   1.3445E+13   1.9664E+12
   4.282787E-03   3.2934E+06   5.5531E+12   2.4475E+19   4.4485E+12   1.5653E+07   7.7472E+08   1.3493E+07   1.3522E+05   1.7379E+10   1.3406E+13   1.9888E+12
   4.290984E-03   1.4091E+06   5.5110E+12   2.4475E+19   4.1542E+12   1.5083E+07   7.9458E+08   1.3628E+07   2.1577E+05   4.0652E+11   1.3376E+13   1.6293E+12
   4.299180E-03   1.1963E+06   5.4660E+12   2.4475E+19   3.9001E+12   1.7614E+07   1.0148E+09   1.6812E+07   1.9348E+05   1.8367E+12   1.3378E+13   1.9746E+11
   4.305035E-03   4.9963E+06   5.4342E+12   2.4475E+19   3.9867E+12   6.5573E+07   4.3982E+09   6.8219E+07   2.9811E+05   2.0237E+12   1.3382E+13   8.7259E+09
   4.309719E-03   1.1251E+07   5.4100E+12   2.4475E+19   4.5008E+12   1.7294E+08   1.2372E+10   1.9166E+08   4.2603E+05   2.0332E+12   1.3385E+13   8.2526E+08
   4.314403E-03   1.9899E+07   5.3887E+12   2.4475E+19   5.7370E+12   3.5615E+08   2.6403E+10   4.1163E+08   5.6132E+05   2.0411E+12   1.3391E+13   1.1619E+08
   4.316745E-03   2.9512E+07   5.3798E+12   2.4475E+19   6.7900E+12   5.8155E+08   4.4054E+10   6.8968E+08   6.7342E+05   2.0487E+12   1.3396E+13   2.9723E+07
   4.320258E-03   3.7594E+07   5.3701E+12   2.4475E+19   8.9598E+12   8.0270E+08   6.1317E+10   9.6512E+08   7.6625E+05   2.0652E+12   1.3406E+13   1.1294E+07
   4.323770E-03   4.3564E+07   5.3657E+12   2.4475E+19   1.1585E+13   1.0148E+09   7.7965E+10   1.2348E+09   8.7742E+05   2.0856E+12   1.3422E+13   4.0268E+06
   4.329625E-03   4.7936E+07   5.3728E+12   2.4475E+19   1.6434E+13   1.2582E+09   9.6125E+10   1.5381E+09   1.0217E+06   2.1220E+12   1.3463E+13   1.3055E+06
   4.335480E-03   5.0396E+07   5.3987E+12   2.4475E+19   2.1330E+13   1.4982E+09   1.1346E+11   1.8342E+09   1.1886E+06   2.1559E+12   1.3524E+13   4.1480E+05
   4.342506E-03   4.9798E+07   5.4532E+12   2.4475E+19   2.6479E+13   1.6840E+09   1.2522E+11   2.0471E+09   1.3427E+06   2.1835E+12   1.3621E+13   1.6880E+05
   4.347190E-03   4.6938E+07   5.5014E+12   2.4475E+19   2.9161E+13   1.7332E+09   1.2718E+11   2.0940E+09   1.4470E+06   2.1905E+12   1.3698E+13   9.3584E+04
   4.356557E-03   4.1211E+07   5.6143E+12   2.4475E+19   3.2350E+13   1.7135E+09   1.2237E+11   2.0363E+09   1.5197E+06   2.1726E+12   1.3869E+13   6.5233E+04
   4.364754E-03   3.3110E+07   5.7187E+12   2.4475E+19   3.2950E+13   1.5238E+09   1.0615E+11   1.7820E+09   1.5368E+06   2.1265E+12   1.4024E+13   5.5667E+04
   4.371780E-03   2.5075E+07   5.8029E+12   2.4475E+19   3.2048E+13   1.2658E+09   8.5831E+10   1.4533E+09   1.4873E+06   2.0683E+12   1.4152E+13   6.5442E+04
   4.378806E-03   1.7519E+07   5.8761E+12   2.4475E+19   3.0134E+13   9.8457E+08   6.4664E+10   1.1058E+09   1.3935E+06   1.9987E+12   1.4268E+13   9.5714E+04
   4.387002E-03   1.0752E+07   5.9433E+12   2.4475E+19   2.7189E+13   6.9893E+08   4.4071E+10   7.6354E+08   1.2489E+06   1.9133E+12   1.4383E+13   1.8907E+05
   4.398712E-03   5.0981E+06   6.0049E+12   2.4475E+19   2.2760E+13   4.1791E+08   2.4876E+10   4.3937E+08   1.0087E+06   1.8018E+12   1.4512E+13   7.8456E+05
   4.410422E-03   1.5409E+06   6.0324E+12   2.4475E+19   1.8806E+13   2.3477E+08   1.2853E+10   2.3463E+08   7.1973E+05   1.7134E+12   1.4604E+13   8.7993E+06
   4.423302E-03   3.1809E+05   6.0327E+12   2.4475E+19   1.5366E+13   1.4085E+08   7.3211E+09   1.3694E+08   4.3614E+05   1.6439E+12   1.4674E+13   2.7507E+08
   4.438525E-03   7.9094E+04   6.0031E+12   2.4475E+19   1.2350E+13   8.8533E+07   4.5407E+09   8.5571E+07   2.0215E+05   1.5609E+12   1.4725E+13   3.2219E+10
   4.457260E-03   1.1813E+05   5.8970E+12   2.4475E+19   9.7524E+12   5.5062E+07   2.8158E+09   5.3134E+07   1.7631E+05   1.3991E+11   1.4632E+13   1.5465E+12
   4.472482E-03   4.0749E+05   5.8095E+12   2.4475E+19   8.1726E+12   3.8499E+07   1.9665E+09   3.7166E+07   5.7311E+04   5.2176E+08   1.4548E+13   1.7701E+12
   4.492389E-03   1.6800E+06   5.6978E+12   2.4475E+19   6.5838E+12   2.4940E+07   1.2745E+09   2.4106E+07   1.4846E+04   8.5252E+06   1.4440E+13   1.8781E+12
   4.500000E-03   1.3305E+06   5.6558E+12   2.4475E+19   6.0839E+12   2.1295E+07   1.0881E+09   2.0584E+07   1.1215E+04   4.4191E+06   1.4400E+13   1.9184E+12
   4.507026E-03   9.7259E+05   5.6174E+12   2.4475E+19   5.6648E+12   1.8463E+07   9.4333E+08   1.7846E+07   1.6052E+04   1.0050E+07   1.4363E+13   1.9552E+12
   4.515222E-03   1.6799E+06   5.5730E+12   2.4475E+19   5.2212E+12   1.5694E+07   8.0145E+08   1.5161E+07   3.0099E+04   5.3314E+07   1.4321E+13   1.9976E+12
   4.524590E-03   2.7099E+06   5.5229E+12   2.4475E+19   4.7710E+12   1.3643E+07   6.8635E+08   1.2843E+07   6.6557E+04   7.4409E+08   1.4273E+13   2.0449E+12
   4.532787E-03   3.2934E+06   5.4795E+12   2.4475E+19   4.4451E+12   1.5635E+07   7.7384E+08   1.3476E+07   1.3878E+05   1.8075E+10   1.4232E+13   2.0686E+12
   4.540984E-03   1.4091E+06   5.4355E+12   2.4475E+19   4.1510E+12   1.5068E+07   7.9380E+08   1.3613E+07   2.2138E+05   4.2289E+11   1.4200E+13   1.6949E+12
   4.549180E-03   1.1963E+06   5.3887E+12   2.4475E+19   3.8965E+12   1.7598E+07   1.0140E+09   1.6797E+07   1.9848E+05   1.9112E+12   1.4202E+13   2.0547E+11
   4.555035E-03   4.9963E+06   5.3557E+12   2.4475E+19   3.9828E+12   6.5555E+07   4.3973E+09   6.8201E+07   3.0578E+05   2.1061E+12   1.4205E+13   9.0815E+09
   4.559719E-03   1.1251E+07   5.3306E+12   2.4475E+19   4.4967E+12   1.7291E+08   1.2371E+10   1.9164E+08   4.3692E+05   2.1162E+12   1.4208E+13   8.5894E+08
   4.564403E-03   1.9899E+07   5.3085E+12   2.4475E+19   5.7325E+12   3.5612E+08   2.6402E+10   4.1160E+08   5.7549E+05   2.1242E+12   1.4214E+13   1.2092E+08
   4.566745E-03   2.9512E+07   5.2993E+12   2.4475E+19   6.7853E+12   5.8152E+08   4.4052E+10   6.8965E+08   6.9025E+05   2.1318E+12   1.4219E+13   3.0929E+07
   4.570258E-03   3.7594E+07   5.2893E+12   2.4475E+19   8.9547E+12   8.0265E+08   6.1314E+10   9.6507E+08   7.8503E+05   2.1482E+12   1.4229E+13   1.1748E+07
   4.573770E-03   4.3564E+07   5.2848E+12   2.4475E+19   1.1579E+13   1.0148E+09   7.7961E+10   1.2347E+09   8.9839E+05   2.1682E+12   1.4246E+13   4.1862E+06
   4.579625E-03   4.7936E+07   5.2922E+12   2.4475E+19   1.6428E+13   1.2581E+09   9.6118E+10   1.5380E+09   1.0450E+06   2.2034E+12   1.4288E+13   1.3556E+06
   4.585480E-03   5.0396E+07   5.3191E+12   2.4475E+19   2.1321E+13   1.4980E+09   1.1345E+11   1.8340E+09   1.2144E+06   2.2355E+12   1.4350E+13   4.3012E+05
   4.592506E-03   4.9798E+07   5.3756E+12   2.4475E+19   2.6469E+13   1.6837E+09   1.2521E+11   2.0468E+09   1.3701E+06   2.2604E+12   1.4450E+13   1.7474E+05
   4.597190E-03   4.6938E+07   5.4253E+12   2.4475E+19   2.9150E+13   1.7328E+09   1.2716E+11   2.0937E+09   1.4757E+06   2.2652E+12   1.4529E+13   9.6775E+04
   4.606557E-03   4.1211E+07   5.5416E+12   2.4475E+19   3.2337E+13   1.7130E+09   1.2235E+11   2.0359E+09   1.5485E+06   2.2427E+12   1.4704E+13   6.7339E+04
   4.614754E-03   3.3110E+07   5.6490E+12   2.4475E+19   3.2936E+13   1.5233E+09   1.0612E+11   1.7815E+09   1.5654E+06   2.1927E+12   1.4864E+13   5.7401E+04
   4.621780E-03   2.5075E+07   5.7354E+12   2.4475E+19   3.2033E+13   1.2653E+09   8.5804E+10   1.4528E+09   1.5149E+06   2.1315E+12   1.4994E+13   6.7443E+04
   4.628806E-03   1.7519E+07   5.8103E+12   2.4475E+19   3.0119E+13   9.8405E+08   6.4637E+10   1.1053E+09   1.4198E+06   2.0594E+12   1.5113E+13   9.8620E+04
   4.637002E-03   1.0752E+07   5.8791E+12   2.4475E+19   2.7174E+13   6.9847E+08   4.4048E+10   7.6309E+08   1.2730E+06   1.9715E+12   1.5231E+13   1.9483E+05
   4.648712E-03   5.0981E+06   5.9417E+12   2.4475E+19   2.2746E+13   4.1753E+08   2.4857E+10   4.3901E+08   1.0290E+06   1.8577E+12   1.5362E+13   8.0890E+05
   4.660422E-03   1.5409E+06   5.9692E+12   2.4475E+19   1.8793E+13   2.3447E+08   1.2837E+10   2.3434E+08   7.3485E+05   1.7679E+12   1.5456E+13   9.0793E+06
   4.673302E-03   3.1809E+05   5.9687E+12   2.4475E+19   1.5353E+13   1.4062E+08   7.3093E+09   1.3671E+08   4.4565E+05   1.6977E+12   1.5526E+13   2.8408E+08
   4.688525E-03   7.9094E+04   5.9373E+12   2.4475E+19   1.2338E+13   8.8357E+07   4.5317E+09   8.5402E+07   2.0670E+05   1.6137E+12   1.5577E+13   3.3309E+10
   4.707260E-03   1.1813E+05   5.8264E+12   2.4475E+19   9.7433E+12   5.4960E+07   2.8106E+09   5.3036E+07   1.8023E+05   1.4476E+11   1.5479E+13   1.6001E+12
   4.722482E-03   4.0749E+05   5.7351E+12   2.4475E+19   8.1655E+12   3.8432E+07   1.9631E+09   3.7101E+07   5.8564E+04   5.4010E+08   1.5391E+13   1.8323E+12
   4.742389E-03   1.6800E+06   5.6185E+12   2.4475E+19   6.5785E+12   2.4899E+07   1.2724E+09   2.4067E+07   1.5161E+04   8.8312E+06   1.5279E+13   1.9450E+12
   4.750000E-03   1.3305E+06   5.5747E+12   2.4475E+19   6.0791E+12   2.1262E+07   1.0864E+09   2.0551E+07   1.1450E+04   4.5788E+06   1.5237E+13   1.9871E+12
   4.757026E-03   9.7259E+05   5.5347E+12   2.4475E+19   5.6605E+12   1.8434E+07   9.4187E+08   1.7819E+07   1.6385E+04   1.0414E+07   1.5199E+13   2.0255E+12
   4.765222E-03   1.6799E+06   5.4884E+12   2.4475E+19   5.2172E+12   1.5670E+07   8.0024E+08   1.5138E+07   3.0713E+04   5.5242E+07   1.5154E+13   2.0698E+12
   4.774590E-03   2.7099E+06   5.4362E+12   2.4475E+19   4.7675E+12   1.3623E+07   6.8537E+08   1.2824E+07   6.7889E+04   7.7108E+08   1.5104E+13   2.1190E+12
   4.782787E-03   3.2934E+06   5.3910E+12   2.4475E+19   4.4419E+12   1.5619E+07   7.7301E+08   1.3460E+07   1.4151E+05   1.8733E+10   1.5062E+13   2.1438E+12
   4.790984E-03   1.4091E+06   5.3453E+12   2.4475E+19   4.1479E+12   1.5053E+07   7.9306E+08   1.3599E+07   2.2566E+05   4.3833E+11   1.5029E+13   1.7568E+12
   4.799180E-03   1.1963E+06   5.2971E+12   2.4475E+19   3.8931E+12   1.7582E+07   1.0132E+09   1.6782E+07   2.0229E+05   1.9815E+12   1.5030E+13   2.1304E+11
   4.805035E-03   4.9963E+06   5.2631E+12   2.4475E+19   3.9790E+12   6.5538E+07   4.3964E+09   6.8185E+07   3.1160E+05   2.1840E+12   1.5033E+13   9.4173E+09
   4.809719E-03   1.1251E+07   5.2373E+12   2.4475E+19   4.4927E+12   1.7289E+08   1.2370E+10   1.9162E+08   4.4517E+05   2.1946E+12   1.5036E+13   8.9075E+08
   4.814403E-03   1.9899E+07   5.2146E+12   2.4475E+19   5.7282E+12   3.5610E+08   2.6400E+10   4.1158E+08   5.8620E+05   2.2027E+12   1.5042E+13   1.2539E+08
   4.816745E-03   2.9512E+07   5.2051E+12   2.4475E+19   6.7808E+12   5.8148E+08   4.4051E+10   6.8961E+08   7.0295E+05   2.2103E+12   1.5046E+13   3.2068E+07
   4.820258E-03   3.7594E+07   5.1948E+12   2.4475E+19   8.9498E+12   8.0260E+08   6.1312E+10   9.6502E+08   7.9914E+05   2.2265E+12   1.5057E+13   1.2176E+07
   4.823770E-03   4.3564E+07   5.1903E+12   2.4475E+19   1.1574E+13   1.0147E+09   7.7958E+10   1.2347E+09   9.1408E+05   2.2462E+12   1.5074E+13   4.3368E+06
   4.829625E-03   4.7936E+07   5.1982E+12   2.4475E+19   1.6421E+13   1.2580E+09   9.6112E+10   1.5378E+09   1.0623E+06   2.2804E+12   1.5117E+13   1.4030E+06
   4.835480E-03   5.0396E+07   5.2261E+12   2.4475E+19   2.1313E+13   1.4978E+09   1.1344E+11   1.8338E+09   1.2334E+06   2.3109E+12   1.5181E+13   4.4462E+05
   4.842506E-03   4.9798E+07   5.2846E+12   2.4475E+19   2.6459E+13   1.6834E+09   1.2519E+11   2.0465E+09   1.3903E+06   2.3331E+12   1.5283E+13   1.8037E+05
   4.847190E-03   4.6938E+07   5.3359E+12   2.4475E+19   2.9139E+13   1.7324E+09   1.2714E+11   2.0933E+09   1.4967E+06   2.3359E+12   1.5364E+13   9.9796E+04
   4.856557E-03   4.1211E+07   5.4557E+12   2.4475E+19   3.2324E+13   1.7126E+09   1.2233E+11   2.0354E+09   1.5696E+06   2.3092E+12   1.5544E+13   6.9333E+04
   4.864754E-03   3.3110E+07   5.5660E+12   2.4475E+19   3.2922E+13   1.5228E+09   1.0609E+11   1.7810E+09   1.5865E+06   2.2555E+12   1.5707E+13   5.9045E+04
   4.871780E-03   2.5075E+07   5.6546E+12   2.4475E+19   3.2019E+13   1.2648E+09   8.5778E+10   1.4523E+09   1.5356E+06   2.1915E+12   1.5840E+13   6.9341E+04
   4.878806E-03   1.7519E+07   5.7313E+12   2.4475E+19   3.0105E+13   9.8357E+08   6.4613E+10   1.1049E+09   1.4396E+06   2.1170E+12   1.5961E+13   1.0138E+05
   4.887002E-03   1.0752E+07   5.8016E+12   2.4475E+19   2.7160E+13   6.9804E+08   4.4025E+10   7.6267E+08   1.2915E+06   2.0269E+12   1.6082E+13   2.0030E+05
   4.898712E-03   5.0981E+06   5.8654E+12   2.4475E+19   2.2733E+13   4.1718E+08   2.4839E+10   4.3867E+08   1.0449E+06   1.9109E+12   1.6215E+13   8.3204E+05
   4.910422E-03   1.5409E+06   5.8931E+12   2.4475E+19   1.8780E+13   2.3419E+08   1.2823E+10   2.3407E+08   7.4678E+05   1.8198E+12   1.6310E+13   9.3457E+06
   4.923302E-03   3.1809E+05   5.8921E+12   2.4475E+19   1.5341E+13   1.4040E+08   7.2982E+09   1.3650E+08   4.5321E+05   1.7490E+12   1.6381E+13   2.9266E+08
   4.938525E-03   7.9094E+04   5.8592E+12   2.4475E+19   1.2326E+13   8.8193E+07   4.5233E+09   8.5242E+07   2.1034E+05   1.6640E+12   1.6432E+13   3.4347E+10
   4.957260E-03   1.1813E+05   5.7439E+12   2.4475E+19   9.7348E+12   5.4864E+07   2.8057E+09   5.2944E+07   1.8334E+05   1.4936E+11   1.6330E+13   1.6510E+12
   4.972482E-03   4.0749E+05   5.6490E+12   2.4475E+19   8.1588E+12   3.8370E+07   1.9599E+09   3.7041E+07   5.9543E+04   5.5751E+08   1.6238E+13   1.8913E+12
   4.992389E-03   1.6800E+06   5.5279E+12   2.4475E+19   6.5735E+12   2.4861E+07   1.2705E+09   2.4031E+07   1.5403E+04   9.1206E+06   1.6122E+13   2.0085E+12
   5.000000E-03   1.3305E+06   5.4825E+12   2.4475E+19   6.0746E+12   2.1230E+07   1.0848E+09   2.0521E+07   1.1629E+04   4.7296E+06   1.6078E+13   2.0521E+12
