       Time_s           01           02           03           04           05
   0.0000E+00   1.3906E+02   4.0000E+02   0.0000E+00   0.0000E+00   0.0000E+00
   1.0000E-04   1.3906E+02   4.0000E+02   4.4705E+04   3.7423E-05   1.9107E+00
   2.0000E-04   2.0232E+02   4.0000E+02   4.9016E+04   5.0739E-05   3.7691E+00
   3.0000E-04   2.0956E+02   4.0000E+02   4.9435E+04   4.3429E-05   3.3418E+00
   4.0000E-04   2.3054E+02   4.0000E+02   5.0602E+04   4.4909E-05   3.8016E+00
   5.0000E-04   2.3777E+02   4.0000E+02   5.0992E+04   4.2508E-05   3.7114E+00
   6.0000E-04   2.4820E+02   4.0000E+02   5.1544E+04   4.2113E-05   3.8383E+00
   7.0000E-04   2.5477E+02   4.0000E+02   5.1887E+04   4.0979E-05   3.8338E+00
   8.0000E-04   2.6166E+02   4.0000E+02   5.2241E+04   4.0360E-05   3.8781E+00
   9.0000E-04   2.6721E+02   4.0000E+02   5.2525E+04   3.9621E-05   3.8878E+00
   1.0000E-03   2.7252E+02   4.0000E+02   5.2796E+04   3.9031E-05   3.9061E+00
   1.1000E-03   2.7730E+02   4.0000E+02   5.3038E+04   3.8468E-05   3.9172E+00
   1.2000E-03   2.8175E+02   4.0000E+02   5.3264E+04   3.7970E-05   3.9286E+00
   1.3000E-03   2.8586E+02   4.0000E+02   5.3469E+04   3.7492E-05   3.9358E+00
   1.4000E-03   2.8977E+02   4.0000E+02   5.3663E+04   3.7064E-05   3.9440E+00
   1.5000E-03   2.9342E+02   4.0000E+02   5.3845E+04   3.6658E-05   3.9500E+00
   1.6000E-03   2.9689E+02   4.0000E+02   5.4017E+04   3.6279E-05   3.9555E+00
   1.7000E-03   3.0019E+02   4.0000E+02   5.4181E+04   3.5922E-05   3.9601E+00
   1.8000E-03   3.0336E+02   4.0000E+02   5.4338E+04   3.5586E-05   3.9644E+00
   1.9000E-03   3.0639E+02   4.0000E+02   5.4487E+04   3.5271E-05   3.9687E+00
   2.0000E-03   3.0929E+02   4.0000E+02   5.4629E+04   3.4966E-05   3.9716E+00
   2.1000E-03   3.1209E+02   4.0000E+02   5.4765E+04   3.4685E-05   3.9755E+00
   2.2000E-03   3.1478E+02   4.0000E+02   5.4896E+04   3.4407E-05   3.9774E+00
   2.3000E-03   3.1740E+02   4.0000E+02   5.5025E+04   3.4148E-05   3.9805E+00
   2.4000E-03   3.1993E+02   4.0000E+02   5.5148E+04   3.3897E-05   3.9827E+00
   2.5000E-03   3.2238E+02   4.0000E+02   5.5267E+04   3.3658E-05   3.9850E+00
   2.6000E-03   3.2476E+02   4.0000E+02   5.5383E+04   3.3428E-05   3.9869E+00
   2.7000E-03   3.2708E+02   4.0000E+02   5.5496E+04   3.3208E-05   3.9890E+00
   2.8000E-03   3.2933E+02   4.0000E+02   5.5606E+04   3.2996E-05   3.9908E+00
   2.9000E-03   3.3152E+02   4.0000E+02   5.5712E+04   3.2793E-05   3.9926E+00
   3.0000E-03   3.3365E+02   4.0000E+02   5.5815E+04   3.2595E-05   3.9940E+00
   3.1000E-03   3.3573E+02   4.0000E+02   5.5916E+04   3.2405E-05   3.9956E+00
   3.2000E-03   3.3777E+02   4.0000E+02   5.6014E+04   3.2220E-05   3.9969E+00
   3.3000E-03   3.3975E+02   4.0000E+02   5.6110E+04   3.2042E-05   3.9981E+00
   3.4000E-03   3.4170E+02   4.0000E+02   5.6205E+04   3.1869E-05   3.9993E+00
   3.5000E-03   3.4361E+02   4.0000E+02   5.6297E+04   3.1700E-05   4.0004E+00
   3.6000E-03   3.4548E+02   4.0000E+02   5.6387E+04   3.1538E-05   4.0017E+00
   3.7000E-03   3.4730E+02   4.0000E+02   5.6476E+04   3.1380E-05   4.0026E+00
   3.8000E-03   3.4909E+02   4.0000E+02   5.6562E+04   3.1227E-05   4.0037E+00
   3.9000E-03   3.5085E+02   4.0000E+02   5.6647E+04   3.1077E-05   4.0045E+00
   4.0000E-03   3.5258E+02   4.0000E+02   5.6731E+04   3.0932E-05   4.0055E+00
   4.1000E-03   3.5427E+02   4.0000E+02   5.6812E+04   3.0789E-05   4.0062E+00
   4.2000E-03   3.5594E+02   4.0000E+02   5.6892E+04   3.0653E-05   4.0072E+00
   4.3000E-03   3.5757E+02   4.0000E+02   5.6971E+04   3.0518E-05   4.0080E+00
   4.4000E-03   3.5918E+02   4.0000E+02   5.7047E+04   3.0387E-05   4.0087E+00
   4.5000E-03   3.6076E+02   4.0000E+02   5.7123E+04   3.0258E-05   4.0094E+00
   4.6000E-03   3.6232E+02   4.0000E+02   5.7197E+04   3.0134E-05   4.0101E+00
   4.7000E-03   3.6385E+02   4.0000E+02   5.7271E+04   3.0012E-05   4.0107E+00
   4.8000E-03   3.6536E+02   4.0000E+02   5.7343E+04   2.9893E-05   4.0115E+00
   4.9000E-03   3.6684E+02   4.0000E+02   5.7413E+04   2.9775E-05   4.0119E+00
   5.0000E-03   3.6831E+02   4.0000E+02   5.7483E+04   2.9662E-05   4.0126E+00
   5.1000E-03   3.6975E+02   4.0000E+02   5.7552E+04   2.9549E-05   4.0131E+00
   5.2000E-03   3.7117E+02   4.0000E+02   5.7620E+04   2.9440E-05   4.0137E+00
   5.3000E-03   3.7257E+02   4.0000E+02   5.7686E+04   2.9332E-05   4.0141E+00
   5.4000E-03   3.7396E+02   4.0000E+02   5.7753E+04   2.9226E-05   4.0145E+00
   5.5000E-03   3.7533E+02   4.0000E+02   5.7818E+04   2.9124E-05   4.0152E+00
   5.6000E-03   3.7668E+02   4.0000E+02   5.7883E+04   2.9022E-05   4.0156E+00
   5.7000E-03   3.7801E+02   4.0000E+02   5.7947E+04   2.8924E-05   4.0162E+00
   5.8000E-03   3.7932E+02   4.0000E+02   5.8009E+04   2.8826E-05   4.0165E+00
   5.9000E-03   3.8062E+02   4.0000E+02   5.8071E+04   2.8732E-05   4.0171E+00
   6.0000E-03   3.8190E+02   4.0000E+02   5.8132E+04   2.8638E-05   4.0175E+00
   6.1000E-03   3.8316E+02   4.0000E+02   5.8192E+04   2.8546E-05   4.0178E+00
   6.2000E-03   3.8441E+02   4.0000E+02   5.8252E+04   2.8457E-05   4.0183E+00
   6.3000E-03   3.8564E+02   4.0000E+02   5.8311E+04   2.8368E-05   4.0186E+00
   6.4000E-03   3.8686E+02   4.0000E+02   5.8369E+04   2.8281E-05   4.0190E+00
   6.5000E-03   3.8806E+02   4.0000E+02   5.8426E+04   2.8196E-05   4.0194E+00
   6.6000E-03   3.8925E+02   4.0000E+02   5.8483E+04   2.8112E-05   4.0198E+00
   6.7000E-03   3.9042E+02   4.0000E+02   5.8539E+04   2.8030E-05   4.0202E+00
   6.8000E-03   3.9158E+02   4.0000E+02   5.8594E+04   2.7948E-05   4.0204E+00
   6.9000E-03   3.9273E+02   4.0000E+02   5.8649E+04   2.7869E-05   4.0208E+00
   7.0000E-03   3.9387E+02   4.0000E+02   5.8703E+04   2.7790E-05   4.0211E+00
   7.1000E-03   3.9499E+02   4.0000E+02   5.8757E+04   2.7713E-05   4.0214E+00
   7.2000E-03   3.9611E+02   4.0000E+02   5.8810E+04   2.7638E-05   4.0218E+00
   7.3000E-03   3.9720E+02   4.0000E+02   5.8863E+04   2.7562E-05   4.0219E+00
   7.4000E-03   3.9829E+02   4.0000E+02   5.8915E+04   2.7489E-05   4.0224E+00
   7.5000E-03   3.9937E+02   4.0000E+02   5.8966E+04   2.7416E-05   4.0225E+00
   7.6000E-03   4.0044E+02   4.0000E+02   5.9017E+04   2.7346E-05   4.0229E+00
   7.7000E-03   4.0149E+02   4.0000E+02   5.9067E+04   2.7275E-05   4.0231E+00
   7.8000E-03   4.0253E+02   4.0000E+02   5.9117E+04   2.7206E-05   4.0233E+00
   7.9000E-03   4.0356E+02   4.0000E+02   5.9167E+04   2.7136E-05   4.0234E+00
   8.0000E-03   4.0460E+02   4.0000E+02   5.9217E+04   2.7068E-05   4.0237E+00
   8.1000E-03   4.0562E+02   4.0000E+02   5.9265E+04   2.7001E-05   4.0239E+00
   8.2000E-03   4.0664E+02   4.0000E+02   5.9314E+04   2.6935E-05   4.0242E+00
   8.3000E-03   4.0764E+02   4.0000E+02   5.9362E+04   2.6870E-05   4.0244E+00
   8.4000E-03   4.0864E+02   4.0000E+02   5.9410E+04   2.6808E-05   4.0249E+00
   8.5000E-03   4.0961E+02   4.0000E+02   5.9456E+04   2.6743E-05   4.0247E+00
   8.6000E-03   4.1059E+02   4.0000E+02   5.9503E+04   2.6682E-05   4.0252E+00
   8.7000E-03   4.1155E+02   4.0000E+02   5.9549E+04   2.6620E-05   4.0253E+00
   8.8000E-03   4.1251E+02   4.0000E+02   5.9594E+04   2.6559E-05   4.0255E+00
   8.9000E-03   4.1346E+02   4.0000E+02   5.9640E+04   2.6499E-05   4.0258E+00
   9.0000E-03   4.1439E+02   4.0000E+02   5.9685E+04   2.6440E-05   4.0259E+00
   9.1000E-03   4.1533E+02   4.0000E+02   5.9729E+04   2.6382E-05   4.0261E+00
   9.2000E-03   4.1625E+02   4.0000E+02   5.9773E+04   2.6324E-05   4.0263E+00
   9.3000E-03   4.1717E+02   4.0000E+02   5.9817E+04   2.6267E-05   4.0265E+00
   9.4000E-03   4.1808E+02   4.0000E+02   5.9860E+04   2.6214E-05   4.0272E+00
   9.5000E-03   4.1895E+02   4.0000E+02   5.9901E+04   2.6151E-05   4.0259E+00
   9.6000E-03   4.1990E+02   4.0000E+02   5.9946E+04   2.6101E-05   4.0273E+00
   9.7000E-03   4.2077E+02   4.0000E+02   5.9987E+04   2.6045E-05   4.0270E+00
   9.8000E-03   4.2166E+02   4.0000E+02   6.0029E+04   2.5992E-05   4.0274E+00
   9.9000E-03   4.2253E+02   4.0000E+02   6.0071E+04   2.5938E-05   4.0275E+00
   1.0000E-02   4.2340E+02   4.0000E+02   6.0112E+04   2.5887E-05   4.0278E+00
   1.0100E-02   4.2425E+02   4.0000E+02   6.0153E+04   2.5834E-05   4.0277E+00
