EXCITATION
CH4 -> CH4(v24)
1.59E-01
SPECIES: e / CH4
PROCESS: E + CH4 -> E + CH4(v24), Excitation
PARAM.:  E = 0.159 eV, complete set
UPDATED: 2010-06-16 11:32:51
COLUMNS: Energy (eV) | Cross section (m2)
-----------------------------
 1.590000e-1    0.000000e+0
 1.593300e-1    1.496110e-22
 1.609600e-1    9.716080e-22
 1.626000e-1    1.278130e-21
 1.646000e-1    1.591640e-21
 1.662800e-1    2.432030e-21
 1.700500e-1    3.022180e-21
 1.760300e-1    3.716150e-21
 1.796500e-1    4.026260e-21
 1.859700e-1    4.371470e-21
 1.964700e-1    4.417820e-21
 2.170600e-1    4.271210e-21
 2.242400e-1    3.851820e-21
 2.373800e-1    3.351250e-21
 2.564500e-1    2.891240e-21
 2.799000e-1    2.574550e-21
 3.061000e-1    2.244700e-21
 3.381800e-1    1.977870e-21
 3.609300e-1    1.742750e-21
 3.820800e-1    1.571620e-21
 3.987600e-1    1.484620e-21
 4.505200e-1    1.353040e-21
 4.927000e-1    1.294410e-21
 5.377300e-1    1.324800e-21
 6.013800e-1    1.469050e-21
 6.497100e-1    1.608510e-21
 7.019200e-1    1.825520e-21
 7.754900e-1    1.957120e-21
 8.378100e-1    2.142920e-21
 9.051400e-1    2.321750e-21
 9.898800e-1    2.432030e-21
 1.129810e+0    2.515510e-21
 1.289510e+0    2.547540e-21
 1.558040e+0    2.574550e-21
 1.944770e+0    2.515510e-21
 2.293110e+0    2.547540e-21
 2.833330e+0    2.574550e-21
 3.201110e+0    2.607340e-21
 3.572760e+0    2.725430e-21
 3.859870e+0    2.824930e-21
 4.817950e+0    3.206050e-21
 5.443340e+0    3.555130e-21
 6.013840e+0    3.984030e-21
 6.353360e+0    4.371470e-21
 6.863920e+0    5.131530e-21
 7.583310e+0    6.165130e-21
 7.930370e+0    5.690270e-21
 8.761520e+0    5.013840e-21
 9.778740e+0    4.271210e-21
 1.080361e+1    3.763470e-21
 1.235585e+1    3.093120e-21
 1.348524e+1    2.696840e-21
 1.539144e+1    2.351320e-21
 1.760285e+1    2.071810e-21
 2.101059e+1    1.825520e-21
 2.564547e+1    1.535580e-21
 3.092308e+1    1.324800e-21
 3.653599e+1    1.152630e-21
 4.221256e+1    9.944150e-22
 4.926965e+1    8.561090e-22
 5.623413e+1    7.370380e-22
 6.431376e+1    6.278720e-22
 7.340479e+1    5.405450e-22
 8.480964e+1    4.396030e-22
 9.898811e+1    3.575100e-22
 1.143678e+2    2.944510e-22
 1.276460e+2    2.476840e-22
 1.395971e+2    2.039960e-22
 1.542278e+2    1.715960e-22
 1.683249e+2    1.496110e-22
 1.800115e+2    1.258490e-22
 1.901744e+2    1.134910e-22
 1.988779e+2    1.047500e-22
-----------------------------