       Time_s           01           02           03           04           05
   0.0000E+00   1.7689E+02   3.0315E+02   0.0000E+00   0.0000E+00   0.0000E+00
   1.0000E-06   1.7689E+02   3.0315E+02   4.7456E+04   2.0217E-06   8.6619E-02
   2.0000E-06   1.2488E+03   3.0315E+02   9.7759E+04   1.0611E-05   3.2093E+00
   3.0000E-06   1.4484E+03   3.0315E+02   1.0690E+05   1.1776E-05   4.1309E+00
   4.0000E-06   1.4806E+03   3.0315E+02   1.0838E+05   1.1956E-05   4.2876E+00
   5.0000E-06   1.4857E+03   3.0315E+02   1.0861E+05   1.1988E-05   4.3135E+00
   6.0000E-06   1.4857E+03   3.0315E+02   1.0861E+05   1.1992E-05   4.3150E+00
   7.0000E-06   1.4857E+03   3.0315E+02   1.0861E+05   1.1996E-05   4.3165E+00
   8.0000E-06   1.4857E+03   3.0315E+02   1.0861E+05   1.2000E-05   4.3179E+00
   9.0000E-06   1.4857E+03   3.0315E+02   1.0861E+05   1.2004E-05   4.3194E+00
   1.0000E-05   1.4857E+03   3.0315E+02   1.0861E+05   1.2008E-05   4.3209E+00
   1.1000E-05   1.4857E+03   3.0315E+02   1.0861E+05   1.2012E-05   4.3224E+00
   1.2000E-05   1.4857E+03   3.0315E+02   1.0861E+05   1.2016E-05   4.3238E+00
   1.3000E-05   1.4857E+03   3.0315E+02   1.0861E+05   1.2020E-05   4.3253E+00
   1.4000E-05   1.4857E+03   3.0315E+02   1.0861E+05   1.2025E-05   4.3268E+00
   1.5000E-05   1.4840E+03   3.0315E+02   1.0853E+05   1.2019E-05   4.3200E+00
   1.6000E-05   1.4840E+03   3.0315E+02   1.0853E+05   1.2024E-05   4.3215E+00
   1.7000E-05   1.4840E+03   3.0315E+02   1.0853E+05   1.2028E-05   4.3230E+00
   1.8000E-05   1.4840E+03   3.0315E+02   1.0853E+05   1.2032E-05   4.3244E+00
   1.9000E-05   1.4840E+03   3.0315E+02   1.0853E+05   1.2036E-05   4.3259E+00
   2.0000E-05   1.4824E+03   3.0315E+02   1.0846E+05   1.2032E-05   4.3199E+00
   2.1000E-05   1.4824E+03   3.0315E+02   1.0846E+05   1.2036E-05   4.3214E+00
   2.2000E-05   1.4824E+03   3.0315E+02   1.0846E+05   1.2040E-05   4.3228E+00
   2.3000E-05   1.4824E+03   3.0315E+02   1.0846E+05   1.2044E-05   4.3243E+00
   2.4000E-05   1.4824E+03   3.0315E+02   1.0846E+05   1.2048E-05   4.3258E+00
   2.5000E-05   1.4809E+03   3.0315E+02   1.0839E+05   1.2044E-05   4.3199E+00
   2.6000E-05   1.4809E+03   3.0315E+02   1.0839E+05   1.2048E-05   4.3213E+00
   2.7000E-05   1.4809E+03   3.0315E+02   1.0839E+05   1.2052E-05   4.3228E+00
   2.8000E-05   1.4809E+03   3.0315E+02   1.0839E+05   1.2056E-05   4.3243E+00
   2.9000E-05   1.4809E+03   3.0315E+02   1.0839E+05   1.2060E-05   4.3257E+00
   3.0000E-05   1.4794E+03   3.0315E+02   1.0832E+05   1.2056E-05   4.3199E+00
   3.1000E-05   1.4794E+03   3.0315E+02   1.0832E+05   1.2060E-05   4.3213E+00
   3.2000E-05   1.4794E+03   3.0315E+02   1.0832E+05   1.2064E-05   4.3228E+00
   3.3000E-05   1.4794E+03   3.0315E+02   1.0832E+05   1.2068E-05   4.3243E+00
   3.4000E-05   1.4794E+03   3.0315E+02   1.0832E+05   1.2072E-05   4.3257E+00
   3.5000E-05   1.4779E+03   3.0315E+02   1.0825E+05   1.2068E-05   4.3199E+00
   3.6000E-05   1.4779E+03   3.0315E+02   1.0825E+05   1.2072E-05   4.3213E+00
   3.7000E-05   1.4779E+03   3.0315E+02   1.0825E+05   1.2076E-05   4.3228E+00
   3.8000E-05   1.4779E+03   3.0315E+02   1.0825E+05   1.2081E-05   4.3242E+00
   3.9000E-05   1.4779E+03   3.0315E+02   1.0825E+05   1.2085E-05   4.3257E+00
   4.0000E-05   1.4764E+03   3.0315E+02   1.0818E+05   1.2081E-05   4.3199E+00
   4.1000E-05   1.4764E+03   3.0315E+02   1.0818E+05   1.2085E-05   4.3213E+00
   4.2000E-05   1.4764E+03   3.0315E+02   1.0818E+05   1.2089E-05   4.3228E+00
   4.3000E-05   1.4764E+03   3.0315E+02   1.0818E+05   1.2093E-05   4.3242E+00
   4.4000E-05   1.4764E+03   3.0315E+02   1.0818E+05   1.2097E-05   4.3257E+00
   4.5000E-05   1.4749E+03   3.0315E+02   1.0811E+05   1.2093E-05   4.3199E+00
   4.6000E-05   1.4749E+03   3.0315E+02   1.0811E+05   1.2097E-05   4.3213E+00
   4.7000E-05   1.4749E+03   3.0315E+02   1.0811E+05   1.2101E-05   4.3228E+00
   4.8000E-05   1.4749E+03   3.0315E+02   1.0811E+05   1.2105E-05   4.3242E+00
   4.9000E-05   1.4749E+03   3.0315E+02   1.0811E+05   1.2109E-05   4.3257E+00
   5.0000E-05   1.4734E+03   3.0315E+02   1.0805E+05   1.2105E-05   4.3198E+00
   5.1000E-05   1.4734E+03   3.0315E+02   1.0805E+05   1.2109E-05   4.3213E+00
   5.2000E-05   1.4734E+03   3.0315E+02   1.0805E+05   1.2113E-05   4.3228E+00
   5.3000E-05   1.4734E+03   3.0315E+02   1.0805E+05   1.2117E-05   4.3242E+00
   5.4000E-05   1.4734E+03   3.0315E+02   1.0805E+05   1.2121E-05   4.3257E+00
   5.5000E-05   1.4719E+03   3.0315E+02   1.0798E+05   1.2117E-05   4.3198E+00
   5.6000E-05   1.4719E+03   3.0315E+02   1.0798E+05   1.2121E-05   4.3213E+00
   5.7000E-05   1.4719E+03   3.0315E+02   1.0798E+05   1.2125E-05   4.3228E+00
   5.8000E-05   1.4719E+03   3.0315E+02   1.0798E+05   1.2129E-05   4.3242E+00
   5.9000E-05   1.4719E+03   3.0315E+02   1.0798E+05   1.2134E-05   4.3257E+00
   6.0000E-05   1.4704E+03   3.0315E+02   1.0791E+05   1.2129E-05   4.3198E+00
   6.1000E-05   1.4704E+03   3.0315E+02   1.0791E+05   1.2134E-05   4.3213E+00
   6.2000E-05   1.4704E+03   3.0315E+02   1.0791E+05   1.2138E-05   4.3227E+00
   6.3000E-05   1.4704E+03   3.0315E+02   1.0791E+05   1.2142E-05   4.3242E+00
   6.4000E-05   1.4704E+03   3.0315E+02   1.0791E+05   1.2146E-05   4.3256E+00
   6.5000E-05   1.4690E+03   3.0315E+02   1.0784E+05   1.2142E-05   4.3198E+00
   6.6000E-05   1.4690E+03   3.0315E+02   1.0784E+05   1.2146E-05   4.3212E+00
   6.7000E-05   1.4690E+03   3.0315E+02   1.0784E+05   1.2150E-05   4.3227E+00
   6.8000E-05   1.4690E+03   3.0315E+02   1.0784E+05   1.2154E-05   4.3241E+00
   6.9000E-05   1.4690E+03   3.0315E+02   1.0784E+05   1.2158E-05   4.3256E+00
   7.0000E-05   1.4690E+03   3.0315E+02   1.0784E+05   1.2162E-05   4.3270E+00
   7.1000E-05   1.4672E+03   3.0315E+02   1.0776E+05   1.2156E-05   4.3201E+00
   7.2000E-05   1.4672E+03   3.0315E+02   1.0776E+05   1.2161E-05   4.3215E+00
   7.3000E-05   1.4672E+03   3.0315E+02   1.0776E+05   1.2165E-05   4.3229E+00
   7.4000E-05   1.4672E+03   3.0315E+02   1.0776E+05   1.2169E-05   4.3244E+00
   7.5000E-05   1.4672E+03   3.0315E+02   1.0776E+05   1.2173E-05   4.3258E+00
   7.6000E-05   1.4657E+03   3.0315E+02   1.0770E+05   1.2168E-05   4.3198E+00
   7.7000E-05   1.4657E+03   3.0315E+02   1.0770E+05   1.2172E-05   4.3213E+00
   7.8000E-05   1.4657E+03   3.0315E+02   1.0770E+05   1.2177E-05   4.3227E+00
   7.9000E-05   1.4657E+03   3.0315E+02   1.0770E+05   1.2181E-05   4.3242E+00
   8.0000E-05   1.4657E+03   3.0315E+02   1.0770E+05   1.2185E-05   4.3256E+00
   8.1000E-05   1.4643E+03   3.0315E+02   1.0763E+05   1.2181E-05   4.3198E+00
   8.2000E-05   1.4643E+03   3.0315E+02   1.0763E+05   1.2185E-05   4.3212E+00
   8.3000E-05   1.4643E+03   3.0315E+02   1.0763E+05   1.2189E-05   4.3227E+00
   8.4000E-05   1.4643E+03   3.0315E+02   1.0763E+05   1.2193E-05   4.3241E+00
   8.5000E-05   1.4643E+03   3.0315E+02   1.0763E+05   1.2197E-05   4.3256E+00
   8.6000E-05   1.4643E+03   3.0315E+02   1.0763E+05   1.2201E-05   4.3270E+00
   8.7000E-05   1.4625E+03   3.0315E+02   1.0755E+05   1.2195E-05   4.3200E+00
   8.8000E-05   1.4625E+03   3.0315E+02   1.0755E+05   1.2199E-05   4.3215E+00
   8.9000E-05   1.4625E+03   3.0315E+02   1.0755E+05   1.2204E-05   4.3229E+00
   9.0000E-05   1.4625E+03   3.0315E+02   1.0755E+05   1.2208E-05   4.3243E+00
   9.1000E-05   1.4625E+03   3.0315E+02   1.0755E+05   1.2212E-05   4.3258E+00
   9.2000E-05   1.4611E+03   3.0315E+02   1.0748E+05   1.2207E-05   4.3198E+00
   9.3000E-05   1.4611E+03   3.0315E+02   1.0748E+05   1.2211E-05   4.3213E+00
   9.4000E-05   1.4611E+03   3.0315E+02   1.0748E+05   1.2215E-05   4.3227E+00
   9.5000E-05   1.4611E+03   3.0315E+02   1.0748E+05   1.2220E-05   4.3241E+00
   9.6000E-05   1.4611E+03   3.0315E+02   1.0748E+05   1.2224E-05   4.3256E+00
   9.7000E-05   1.4596E+03   3.0315E+02   1.0741E+05   1.2219E-05   4.3198E+00
   9.8000E-05   1.4596E+03   3.0315E+02   1.0741E+05   1.2223E-05   4.3212E+00
   9.9000E-05   1.4596E+03   3.0315E+02   1.0741E+05   1.2228E-05   4.3227E+00
   1.0000E-04   1.4596E+03   3.0315E+02   1.0741E+05   1.2232E-05   4.3241E+00
   1.0100E-04   1.4596E+03   3.0315E+02   1.0741E+05   1.2236E-05   4.3255E+00
   1.1100E-04   1.4596E+03   3.0315E+02   1.0741E+05   1.2276E-05   4.3400E+00
   1.2100E-04   1.4557E+03   3.0315E+02   1.0724E+05   1.2295E-05   4.3350E+00
   1.3100E-04   1.4527E+03   3.0315E+02   1.0710E+05   1.2318E-05   4.3341E+00
   1.4100E-04   1.4498E+03   3.0315E+02   1.0696E+05   1.2342E-05   4.3339E+00
   1.5100E-04   1.4470E+03   3.0315E+02   1.0683E+05   1.2366E-05   4.3338E+00
   1.6100E-04   1.4441E+03   3.0315E+02   1.0670E+05   1.2390E-05   4.3338E+00
   1.7100E-04   1.4413E+03   3.0315E+02   1.0658E+05   1.2414E-05   4.3338E+00
   1.8100E-04   1.4385E+03   3.0315E+02   1.0645E+05   1.2438E-05   4.3337E+00
   1.9100E-04   1.4357E+03   3.0315E+02   1.0632E+05   1.2462E-05   4.3337E+00
   2.0100E-04   1.4330E+03   3.0315E+02   1.0619E+05   1.2486E-05   4.3336E+00
   2.1100E-04   1.4302E+03   3.0315E+02   1.0607E+05   1.2510E-05   4.3335E+00
   2.2100E-04   1.4275E+03   3.0315E+02   1.0594E+05   1.2534E-05   4.3333E+00
   2.3100E-04   1.4248E+03   3.0315E+02   1.0581E+05   1.2557E-05   4.3333E+00
   2.4100E-04   1.4221E+03   3.0315E+02   1.0569E+05   1.2581E-05   4.3332E+00
   2.5100E-04   1.4194E+03   3.0315E+02   1.0557E+05   1.2604E-05   4.3332E+00
   2.6100E-04   1.4168E+03   3.0315E+02   1.0544E+05   1.2628E-05   4.3331E+00
   2.7100E-04   1.4141E+03   3.0315E+02   1.0532E+05   1.2651E-05   4.3331E+00
   2.8100E-04   1.4115E+03   3.0315E+02   1.0520E+05   1.2675E-05   4.3330E+00
   2.9100E-04   1.4088E+03   3.0315E+02   1.0508E+05   1.2698E-05   4.3330E+00
   3.0100E-04   1.4062E+03   3.0315E+02   1.0496E+05   1.2722E-05   4.3330E+00
   3.1100E-04   1.4036E+03   3.0315E+02   1.0484E+05   1.2746E-05   4.3331E+00
   3.2100E-04   1.4010E+03   3.0315E+02   1.0472E+05   1.2770E-05   4.3331E+00
   3.3100E-04   1.3984E+03   3.0315E+02   1.0460E+05   1.2793E-05   4.3330E+00
   3.4100E-04   1.3958E+03   3.0315E+02   1.0448E+05   1.2817E-05   4.3330E+00
   3.5100E-04   1.3932E+03   3.0315E+02   1.0436E+05   1.2841E-05   4.3329E+00
   3.6100E-04   1.3906E+03   3.0315E+02   1.0424E+05   1.2864E-05   4.3329E+00
   3.7100E-04   1.3881E+03   3.0315E+02   1.0413E+05   1.2888E-05   4.3329E+00
   3.8100E-04   1.3855E+03   3.0315E+02   1.0402E+05   1.2914E-05   4.3338E+00
   3.9100E-04   1.3828E+03   3.0315E+02   1.0389E+05   1.2937E-05   4.3329E+00
   4.0100E-04   1.3803E+03   3.0315E+02   1.0378E+05   1.2961E-05   4.3328E+00
   4.1100E-04   1.3777E+03   3.0315E+02   1.0366E+05   1.2984E-05   4.3325E+00
   4.2100E-04   1.3753E+03   3.0315E+02   1.0355E+05   1.3007E-05   4.3324E+00
   4.3100E-04   1.3728E+03   3.0315E+02   1.0343E+05   1.3030E-05   4.3324E+00
   4.4100E-04   1.3703E+03   3.0315E+02   1.0332E+05   1.3053E-05   4.3324E+00
   4.5100E-04   1.3679E+03   3.0315E+02   1.0321E+05   1.3076E-05   4.3323E+00
   4.6100E-04   1.3655E+03   3.0315E+02   1.0310E+05   1.3100E-05   4.3323E+00
   4.7100E-04   1.3630E+03   3.0315E+02   1.0298E+05   1.3123E-05   4.3322E+00
   4.8100E-04   1.3606E+03   3.0315E+02   1.0287E+05   1.3146E-05   4.3322E+00
   4.9100E-04   1.3582E+03   3.0315E+02   1.0276E+05   1.3169E-05   4.3321E+00
   5.0100E-04   1.3558E+03   3.0315E+02   1.0265E+05   1.3192E-05   4.3320E+00
   5.1100E-04   1.3535E+03   3.0315E+02   1.0254E+05   1.3215E-05   4.3320E+00
   5.2100E-04   1.3511E+03   3.0315E+02   1.0243E+05   1.3237E-05   4.3319E+00
   5.3100E-04   1.3488E+03   3.0315E+02   1.0232E+05   1.3260E-05   4.3319E+00
   5.4100E-04   1.3465E+03   3.0315E+02   1.0222E+05   1.3283E-05   4.3319E+00
   5.5100E-04   1.3441E+03   3.0315E+02   1.0211E+05   1.3307E-05   4.3320E+00
   5.6100E-04   1.3418E+03   3.0315E+02   1.0200E+05   1.3330E-05   4.3321E+00
   5.7100E-04   1.3394E+03   3.0315E+02   1.0190E+05   1.3354E-05   4.3321E+00
   5.8100E-04   1.3371E+03   3.0315E+02   1.0179E+05   1.3377E-05   4.3321E+00
   5.9100E-04   1.3348E+03   3.0315E+02   1.0168E+05   1.3400E-05   4.3320E+00
   6.0100E-04   1.3324E+03   3.0315E+02   1.0158E+05   1.3423E-05   4.3320E+00
   6.1100E-04   1.3301E+03   3.0315E+02   1.0147E+05   1.3446E-05   4.3319E+00
   6.2100E-04   1.3278E+03   3.0315E+02   1.0137E+05   1.3469E-05   4.3318E+00
   6.3100E-04   1.3255E+03   3.0315E+02   1.0126E+05   1.3493E-05   4.3318E+00
   6.4100E-04   1.3233E+03   3.0315E+02   1.0116E+05   1.3515E-05   4.3317E+00
   6.5100E-04   1.3210E+03   3.0315E+02   1.0106E+05   1.3538E-05   4.3316E+00
   6.6100E-04   1.3188E+03   3.0315E+02   1.0095E+05   1.3561E-05   4.3316E+00
   6.7100E-04   1.3165E+03   3.0315E+02   1.0085E+05   1.3584E-05   4.3316E+00
   6.8100E-04   1.3143E+03   3.0315E+02   1.0075E+05   1.3607E-05   4.3315E+00
   6.9100E-04   1.3121E+03   3.0315E+02   1.0065E+05   1.3630E-05   4.3315E+00
   7.0100E-04   1.3099E+03   3.0315E+02   1.0055E+05   1.3653E-05   4.3315E+00
   7.1100E-04   1.3077E+03   3.0315E+02   1.0045E+05   1.3676E-05   4.3315E+00
   7.2100E-04   1.3055E+03   3.0315E+02   1.0035E+05   1.3699E-05   4.3314E+00
   7.3100E-04   1.3033E+03   3.0315E+02   1.0025E+05   1.3721E-05   4.3314E+00
   7.4100E-04   1.3011E+03   3.0315E+02   1.0015E+05   1.3744E-05   4.3313E+00
   7.5100E-04   1.2990E+03   3.0315E+02   1.0005E+05   1.3767E-05   4.3313E+00
   7.6100E-04   1.2968E+03   3.0315E+02   9.9951E+04   1.3790E-05   4.3313E+00
   7.7100E-04   1.2947E+03   3.0315E+02   9.9852E+04   1.3812E-05   4.3312E+00
   7.8100E-04   1.2925E+03   3.0315E+02   9.9755E+04   1.3835E-05   4.3312E+00
   7.9100E-04   1.2904E+03   3.0315E+02   9.9657E+04   1.3858E-05   4.3311E+00
   8.0100E-04   1.2883E+03   3.0315E+02   9.9561E+04   1.3881E-05   4.3311E+00
   8.1100E-04   1.2862E+03   3.0315E+02   9.9464E+04   1.3903E-05   4.3311E+00
   8.2100E-04   1.2841E+03   3.0315E+02   9.9368E+04   1.3926E-05   4.3311E+00
   8.3100E-04   1.2820E+03   3.0315E+02   9.9273E+04   1.3949E-05   4.3311E+00
   8.4100E-04   1.2799E+03   3.0315E+02   9.9178E+04   1.3972E-05   4.3311E+00
   8.5100E-04   1.2778E+03   3.0315E+02   9.9082E+04   1.3994E-05   4.3309E+00
   8.6100E-04   1.2757E+03   3.0315E+02   9.8987E+04   1.4016E-05   4.3308E+00
   8.7100E-04   1.2737E+03   3.0315E+02   9.8894E+04   1.4039E-05   4.3308E+00
   8.8100E-04   1.2716E+03   3.0315E+02   9.8801E+04   1.4061E-05   4.3308E+00
   8.9100E-04   1.2696E+03   3.0315E+02   9.8707E+04   1.4082E-05   4.3302E+00
   9.0100E-04   1.2677E+03   3.0315E+02   9.8617E+04   1.4104E-05   4.3305E+00
   9.1100E-04   1.2657E+03   3.0315E+02   9.8526E+04   1.4127E-05   4.3306E+00
   9.2100E-04   1.2637E+03   3.0315E+02   9.8435E+04   1.4149E-05   4.3306E+00
   9.3100E-04   1.2617E+03   3.0315E+02   9.8344E+04   1.4172E-05   4.3307E+00
   9.4100E-04   1.2597E+03   3.0315E+02   9.8253E+04   1.4195E-05   4.3307E+00
   9.5100E-04   1.2577E+03   3.0315E+02   9.8162E+04   1.4217E-05   4.3307E+00
   9.6100E-04   1.2557E+03   3.0315E+02   9.8071E+04   1.4240E-05   4.3307E+00
   9.7100E-04   1.2537E+03   3.0315E+02   9.7981E+04   1.4262E-05   4.3307E+00
   9.8100E-04   1.2517E+03   3.0315E+02   9.7890E+04   1.4285E-05   4.3306E+00
   9.9100E-04   1.2497E+03   3.0315E+02   9.7800E+04   1.4307E-05   4.3305E+00
   1.0010E-03   1.2478E+03   3.0315E+02   9.7711E+04   1.4329E-05   4.3305E+00
   1.1010E-03   1.2458E+03   3.0315E+02   9.7623E+04   1.4700E-05   4.4354E+00
   1.2010E-03   1.2290E+03   3.0315E+02   9.6858E+04   1.4943E-05   4.4483E+00
   1.3010E-03   1.2108E+03   3.0315E+02   9.6024E+04   1.5168E-05   4.4480E+00
   1.4010E-03   1.1928E+03   3.0315E+02   9.5205E+04   1.5386E-05   4.4450E+00
   1.5010E-03   1.1755E+03   3.0315E+02   9.4417E+04   1.5601E-05   4.4418E+00
   1.6010E-03   1.1588E+03   3.0315E+02   9.3658E+04   1.5816E-05   4.4392E+00
   1.7010E-03   1.1428E+03   3.0315E+02   9.2926E+04   1.6028E-05   4.4364E+00
   1.8010E-03   1.1273E+03   3.0315E+02   9.2214E+04   1.6231E-05   4.4316E+00
   1.9010E-03   1.1126E+03   3.0315E+02   9.1543E+04   1.6443E-05   4.4310E+00
   2.0010E-03   1.0982E+03   3.0315E+02   9.0891E+04   1.6655E-05   4.4300E+00
   2.1010E-03   1.0841E+03   3.0315E+02   9.0251E+04   1.6860E-05   4.4271E+00
   2.2010E-03   1.0705E+03   3.0315E+02   8.9631E+04   1.7061E-05   4.4238E+00
   2.3010E-03   1.0575E+03   3.0315E+02   8.9055E+04   1.7277E-05   4.4253E+00
   2.4010E-03   1.0445E+03   3.0315E+02   8.8461E+04   1.7473E-05   4.4204E+00
   2.5010E-03   1.0322E+03   3.0315E+02   8.7899E+04   1.7672E-05   4.4181E+00
   2.6010E-03   1.0203E+03   3.0315E+02   8.7356E+04   1.7872E-05   4.4166E+00
   2.7010E-03   1.0087E+03   3.0315E+02   8.6834E+04   1.8073E-05   4.4157E+00
   2.8010E-03   9.9739E+02   3.0315E+02   8.6319E+04   1.8269E-05   4.4133E+00
   2.9010E-03   9.8644E+02   3.0315E+02   8.5812E+04   1.8452E-05   4.4085E+00
   3.0010E-03   9.7615E+02   3.0315E+02   8.5343E+04   1.8647E-05   4.4087E+00
   3.1010E-03   9.6594E+02   3.0315E+02   8.4878E+04   1.8839E-05   4.4075E+00
   3.2010E-03   9.5597E+02   3.0315E+02   8.4428E+04   1.9033E-05   4.4069E+00
   3.3010E-03   9.4616E+02   3.0315E+02   8.3984E+04   1.9224E-05   4.4054E+00
   3.4010E-03   9.3661E+02   3.0315E+02   8.3551E+04   1.9414E-05   4.4041E+00
   3.5010E-03   9.2730E+02   3.0315E+02   8.3129E+04   1.9601E-05   4.4023E+00
   3.6010E-03   9.1827E+02   3.0315E+02   8.2718E+04   1.9785E-05   4.4003E+00
   3.7010E-03   9.0953E+02   3.0315E+02   8.2320E+04   1.9969E-05   4.3989E+00
   3.8010E-03   9.0102E+02   3.0315E+02   8.1938E+04   2.0159E-05   4.3992E+00
   3.9010E-03   8.9255E+02   3.0315E+02   8.1553E+04   2.0337E-05   4.3964E+00
   4.0010E-03   8.8445E+02   3.0315E+02   8.1183E+04   2.0517E-05   4.3950E+00
   4.1010E-03   8.7655E+02   3.0315E+02   8.0822E+04   2.0697E-05   4.3940E+00
   4.2010E-03   8.6883E+02   3.0315E+02   8.0470E+04   2.0876E-05   4.3930E+00
   4.3010E-03   8.6127E+02   3.0315E+02   8.0126E+04   2.1056E-05   4.3925E+00
   4.4010E-03   8.5384E+02   3.0315E+02   7.9788E+04   2.1235E-05   4.3915E+00
   4.5010E-03   8.4656E+02   3.0315E+02   7.9458E+04   2.1412E-05   4.3904E+00
   4.6010E-03   8.3945E+02   3.0315E+02   7.9135E+04   2.1589E-05   4.3893E+00
   4.7010E-03   8.3250E+02   3.0315E+02   7.8820E+04   2.1764E-05   4.3883E+00
   4.8010E-03   8.2570E+02   3.0315E+02   7.8514E+04   2.1934E-05   4.3865E+00
   4.9010E-03   8.1913E+02   3.0315E+02   7.8216E+04   2.2108E-05   4.3862E+00
   5.0010E-03   8.1264E+02   3.0315E+02   7.7921E+04   2.2280E-05   4.3853E+00
   5.1010E-03   8.0628E+02   3.0315E+02   7.7633E+04   2.2452E-05   4.3845E+00
   5.2010E-03   8.0004E+02   3.0315E+02   7.7349E+04   2.2622E-05   4.3835E+00
   5.3010E-03   7.9394E+02   3.0315E+02   7.7068E+04   2.2786E-05   4.3817E+00
   5.4010E-03   7.8806E+02   3.0315E+02   7.6799E+04   2.2956E-05   4.3816E+00
   5.5010E-03   7.8222E+02   3.0315E+02   7.6533E+04   2.3122E-05   4.3807E+00
   5.6010E-03   7.7651E+02   3.0315E+02   7.6272E+04   2.3289E-05   4.3801E+00
   5.7010E-03   7.7089E+02   3.0315E+02   7.6016E+04   2.3455E-05   4.3793E+00
   5.8010E-03   7.6538E+02   3.0315E+02   7.5765E+04   2.3620E-05   4.3786E+00
   5.9010E-03   7.5997E+02   3.0315E+02   7.5519E+04   2.3784E-05   4.3780E+00
   6.0010E-03   7.5465E+02   3.0315E+02   7.5278E+04   2.3949E-05   4.3774E+00
   6.1010E-03   7.4943E+02   3.0315E+02   7.5041E+04   2.4111E-05   4.3766E+00
   6.2010E-03   7.4430E+02   3.0315E+02   7.4808E+04   2.4273E-05   4.3758E+00
   6.3010E-03   7.3928E+02   3.0315E+02   7.4580E+04   2.4434E-05   4.3751E+00
   6.4010E-03   7.3434E+02   3.0315E+02   7.4357E+04   2.4593E-05   4.3742E+00
   6.5010E-03   7.2952E+02   3.0315E+02   7.4136E+04   2.4753E-05   4.3736E+00
   6.6010E-03   7.2478E+02   3.0315E+02   7.3920E+04   2.4911E-05   4.3731E+00
   6.7010E-03   7.2011E+02   3.0315E+02   7.3707E+04   2.5069E-05   4.3724E+00
   6.8010E-03   7.1553E+02   3.0315E+02   7.3498E+04   2.5225E-05   4.3716E+00
   6.9010E-03   7.1104E+02   3.0315E+02   7.3293E+04   2.5381E-05   4.3711E+00
   7.0010E-03   7.0662E+02   3.0315E+02   7.3091E+04   2.5536E-05   4.3703E+00
   7.1010E-03   7.0229E+02   3.0315E+02   7.2893E+04   2.5692E-05   4.3701E+00
   7.2010E-03   6.9800E+02   3.0315E+02   7.2697E+04   2.5846E-05   4.3695E+00
   7.3010E-03   6.9380E+02   3.0315E+02   7.2505E+04   2.6000E-05   4.3690E+00
   7.4010E-03   6.8965E+02   3.0315E+02   7.2315E+04   2.6153E-05   4.3684E+00
   7.5010E-03   6.8557E+02   3.0315E+02   7.2129E+04   2.6305E-05   4.3679E+00
   7.6010E-03   6.8156E+02   3.0315E+02   7.1946E+04   2.6457E-05   4.3674E+00
   7.7010E-03   6.7761E+02   3.0315E+02   7.1766E+04   2.6608E-05   4.3669E+00
   7.8010E-03   6.7372E+02   3.0315E+02   7.1588E+04   2.6758E-05   4.3664E+00
   7.9010E-03   6.6989E+02   3.0315E+02   7.1414E+04   2.6908E-05   4.3659E+00
   8.0010E-03   6.6612E+02   3.0315E+02   7.1242E+04   2.7057E-05   4.3653E+00
   8.1010E-03   6.6242E+02   3.0315E+02   7.1073E+04   2.7205E-05   4.3648E+00
   8.2010E-03   6.5878E+02   3.0315E+02   7.0907E+04   2.7353E-05   4.3644E+00
   8.3010E-03   6.5519E+02   3.0315E+02   7.0745E+04   2.7503E-05   4.3644E+00
   8.4010E-03   6.5162E+02   3.0315E+02   7.0582E+04   2.7648E-05   4.3636E+00
   8.5010E-03   6.4813E+02   3.0315E+02   7.0422E+04   2.7794E-05   4.3630E+00
   8.6010E-03   6.4469E+02   3.0315E+02   7.0265E+04   2.7938E-05   4.3625E+00
   8.7010E-03   6.4132E+02   3.0315E+02   7.0111E+04   2.8083E-05   4.3622E+00
   8.8010E-03   6.3798E+02   3.0315E+02   6.9958E+04   2.8228E-05   4.3618E+00
   8.9010E-03   6.3469E+02   3.0315E+02   6.9806E+04   2.8370E-05   4.3612E+00
   9.0010E-03   6.3146E+02   3.0315E+02   6.9659E+04   2.8514E-05   4.3610E+00
   9.1010E-03   6.2826E+02   3.0315E+02   6.9512E+04   2.8658E-05   4.3608E+00
   9.2010E-03   6.2510E+02   3.0315E+02   6.9368E+04   2.8799E-05   4.3603E+00
   9.3010E-03   6.2198E+02   3.0315E+02   6.9225E+04   2.8941E-05   4.3598E+00
   9.4010E-03   6.1892E+02   3.0315E+02   6.9085E+04   2.9081E-05   4.3594E+00
   9.5010E-03   6.1589E+02   3.0315E+02   6.8946E+04   2.9222E-05   4.3591E+00
   9.6010E-03   6.1291E+02   3.0315E+02   6.8810E+04   2.9362E-05   4.3588E+00
   9.7010E-03   6.0996E+02   3.0315E+02   6.8675E+04   2.9501E-05   4.3584E+00
   9.8010E-03   6.0705E+02   3.0315E+02   6.8542E+04   2.9640E-05   4.3580E+00
   9.9010E-03   6.0419E+02   3.0315E+02   6.8410E+04   2.9779E-05   4.3577E+00
   1.0001E-02   6.0135E+02   3.0315E+02   6.8280E+04   2.9917E-05   4.3574E+00
   1.1001E-02   5.9855E+02   3.0315E+02   6.8152E+04   3.2424E-05   4.7006E+00
   1.2001E-02   5.7361E+02   3.0315E+02   6.7009E+04   3.3893E-05   4.7087E+00
   1.3001E-02   5.4923E+02   3.0315E+02   6.5889E+04   3.5154E-05   4.6763E+00
   1.4001E-02   5.2770E+02   3.0315E+02   6.4898E+04   3.6381E-05   4.6499E+00
   1.5001E-02   5.0846E+02   3.0315E+02   6.4010E+04   3.7574E-05   4.6272E+00
   1.6001E-02   4.9111E+02   3.0315E+02   6.3211E+04   3.8731E-05   4.6071E+00
   1.7001E-02   4.7540E+02   3.0315E+02   6.2481E+04   3.9843E-05   4.5877E+00
   1.8001E-02   4.6116E+02   3.0315E+02   6.1821E+04   4.0925E-05   4.5712E+00
   1.9001E-02   4.4815E+02   3.0315E+02   6.1216E+04   4.1992E-05   4.5581E+00
   2.0001E-02   4.3614E+02   3.0315E+02   6.0657E+04   4.3035E-05   4.5460E+00
   2.1001E-02   4.2501E+02   3.0315E+02   6.0137E+04   4.4040E-05   4.5334E+00
   2.2001E-02   4.1473E+02   3.0315E+02   5.9658E+04   4.5025E-05   4.5228E+00
   2.3001E-02   4.0518E+02   3.0315E+02   5.9208E+04   4.5991E-05   4.5135E+00
   2.4001E-02   3.9626E+02   3.0315E+02   5.8788E+04   4.6922E-05   4.5035E+00
   2.5001E-02   3.8797E+02   3.0315E+02   5.8397E+04   4.7843E-05   4.4957E+00
   2.6001E-02   3.8018E+02   3.0315E+02   5.8029E+04   4.8740E-05   4.4881E+00
   2.7001E-02   3.7286E+02   3.0315E+02   5.7682E+04   4.9625E-05   4.4816E+00
   2.8001E-02   3.6595E+02   3.0315E+02   5.7356E+04   5.0481E-05   4.4744E+00
   2.9001E-02   3.5945E+02   3.0315E+02   5.7048E+04   5.1321E-05   4.4681E+00
   3.0001E-02   3.5332E+02   3.0315E+02   5.6756E+04   5.2145E-05   4.4624E+00
   3.1001E-02   3.4751E+02   3.0315E+02   5.6476E+04   5.2952E-05   4.4570E+00
   3.2001E-02   3.4201E+02   3.0315E+02   5.6212E+04   5.3744E-05   4.4520E+00
   3.3001E-02   3.3678E+02   3.0315E+02   5.5960E+04   5.4523E-05   4.4475E+00
   3.4001E-02   3.3180E+02   3.0315E+02   5.5720E+04   5.5280E-05   4.4425E+00
   3.5001E-02   3.2708E+02   3.0315E+02   5.5491E+04   5.6026E-05   4.4384E+00
   3.6001E-02   3.2257E+02   3.0315E+02   5.5272E+04   5.6757E-05   4.4344E+00
   3.7001E-02   3.1827E+02   3.0315E+02   5.5064E+04   5.7475E-05   4.4306E+00
   3.8001E-02   3.1416E+02   3.0315E+02   5.4863E+04   5.8181E-05   4.4271E+00
   3.9001E-02   3.1023E+02   3.0315E+02   5.4672E+04   5.8866E-05   4.4232E+00
   4.0001E-02   3.0648E+02   3.0315E+02   5.4489E+04   5.9545E-05   4.4201E+00
   4.1001E-02   3.0288E+02   3.0315E+02   5.4312E+04   6.0209E-05   4.4170E+00
   4.2001E-02   2.9943E+02   3.0315E+02   5.4141E+04   6.0864E-05   4.4142E+00
   4.3001E-02   2.9611E+02   3.0315E+02   5.3977E+04   6.1503E-05   4.4111E+00
   4.4001E-02   2.9294E+02   3.0315E+02   5.3819E+04   6.2132E-05   4.4084E+00
   4.5001E-02   2.8988E+02   3.0315E+02   5.3668E+04   6.2751E-05   4.4059E+00
   4.6001E-02   2.8694E+02   3.0315E+02   5.3522E+04   6.3360E-05   4.4035E+00
   4.7001E-02   2.8411E+02   3.0315E+02   5.3380E+04   6.3958E-05   4.4012E+00
   4.8001E-02   2.8137E+02   3.0315E+02   5.3244E+04   6.4545E-05   4.3988E+00
   4.9001E-02   2.7874E+02   3.0315E+02   5.3112E+04   6.5122E-05   4.3967E+00
   5.0001E-02   2.7620E+02   3.0315E+02   5.2981E+04   6.5683E-05   4.3942E+00
   5.1001E-02   2.7376E+02   3.0315E+02   5.2858E+04   6.6242E-05   4.3924E+00
   5.2001E-02   2.7140E+02   3.0315E+02   5.2738E+04   6.6789E-05   4.3905E+00
   5.3001E-02   2.6912E+02   3.0315E+02   5.2622E+04   6.7328E-05   4.3887E+00
   5.4001E-02   2.6691E+02   3.0315E+02   5.2509E+04   6.7856E-05   4.3868E+00
   5.5001E-02   2.6478E+02   3.0315E+02   5.2400E+04   6.8370E-05   4.3847E+00
   5.6001E-02   2.6272E+02   3.0315E+02   5.2294E+04   6.8879E-05   4.3830E+00
   5.7001E-02   2.6073E+02   3.0315E+02   5.2192E+04   6.9379E-05   4.3815E+00
   5.8001E-02   2.5881E+02   3.0315E+02   5.2093E+04   6.9870E-05   4.3799E+00
   5.9001E-02   2.5694E+02   3.0315E+02   5.1997E+04   7.0357E-05   4.3786E+00
   6.0001E-02   2.5512E+02   3.0315E+02   5.1904E+04   7.0830E-05   4.3769E+00
   6.1001E-02   2.5337E+02   3.0315E+02   5.1813E+04   7.1300E-05   4.3756E+00
   6.2001E-02   2.5167E+02   3.0315E+02   5.1724E+04   7.1758E-05   4.3741E+00
   6.3001E-02   2.5002E+02   3.0315E+02   5.1638E+04   7.2210E-05   4.3728E+00
   6.4001E-02   2.4841E+02   3.0315E+02   5.1553E+04   7.2656E-05   4.3716E+00
   6.5001E-02   2.4685E+02   3.0315E+02   5.1471E+04   7.3091E-05   4.3702E+00
   6.6001E-02   2.4535E+02   3.0315E+02   5.1392E+04   7.3517E-05   4.3688E+00
   6.7001E-02   2.4388E+02   3.0315E+02   5.1315E+04   7.3937E-05   4.3676E+00
   6.8001E-02   2.4247E+02   3.0315E+02   5.1240E+04   7.4351E-05   4.3665E+00
   6.9001E-02   2.4109E+02   3.0315E+02   5.1167E+04   7.4757E-05   4.3654E+00
   7.0001E-02   2.3974E+02   3.0315E+02   5.1096E+04   7.5156E-05   4.3643E+00
   7.1001E-02   2.3844E+02   3.0315E+02   5.1026E+04   7.5548E-05   4.3632E+00
   7.2001E-02   2.3717E+02   3.0315E+02   5.0959E+04   7.5933E-05   4.3621E+00
   7.3001E-02   2.3594E+02   3.0315E+02   5.0893E+04   7.6314E-05   4.3612E+00
   7.4001E-02   2.3474E+02   3.0315E+02   5.0828E+04   7.6686E-05   4.3602E+00
   7.5001E-02   2.3357E+02   3.0315E+02   5.0765E+04   7.7054E-05   4.3593E+00
   7.6001E-02   2.3243E+02   3.0315E+02   5.0703E+04   7.7416E-05   4.3585E+00
   7.7001E-02   2.3132E+02   3.0315E+02   5.0643E+04   7.7772E-05   4.3576E+00
   7.8001E-02   2.3024E+02   3.0315E+02   5.0584E+04   7.8120E-05   4.3566E+00
   7.9001E-02   2.2919E+02   3.0315E+02   5.0527E+04   7.8461E-05   4.3556E+00
   8.0001E-02   2.2817E+02   3.0315E+02   5.0471E+04   7.8798E-05   4.3549E+00
   8.1001E-02   2.2717E+02   3.0315E+02   5.0417E+04   7.9127E-05   4.3540E+00
   8.2001E-02   2.2620E+02   3.0315E+02   5.0364E+04   7.9450E-05   4.3531E+00
   8.3001E-02   2.2526E+02   3.0315E+02   5.0312E+04   7.9768E-05   4.3524E+00
   8.4001E-02   2.2434E+02   3.0315E+02   5.0262E+04   8.0081E-05   4.3516E+00
   8.5001E-02   2.2345E+02   3.0315E+02   5.0212E+04   8.0389E-05   4.3509E+00
   8.6001E-02   2.2257E+02   3.0315E+02   5.0164E+04   8.0691E-05   4.3502E+00
   8.7001E-02   2.2172E+02   3.0315E+02   5.0117E+04   8.0989E-05   4.3495E+00
   8.8001E-02   2.2089E+02   3.0315E+02   5.0071E+04   8.1281E-05   4.3488E+00
   8.9001E-02   2.2008E+02   3.0315E+02   5.0026E+04   8.1568E-05   4.3482E+00
   9.0001E-02   2.1929E+02   3.0315E+02   4.9982E+04   8.1851E-05   4.3475E+00
   9.1001E-02   2.1851E+02   3.0315E+02   4.9939E+04   8.2134E-05   4.3472E+00
   9.2001E-02   2.1775E+02   3.0315E+02   4.9896E+04   8.2404E-05   4.3463E+00
   9.3001E-02   2.1702E+02   3.0315E+02   4.9855E+04   8.2671E-05   4.3456E+00
   9.4001E-02   2.1630E+02   3.0315E+02   4.9815E+04   8.2935E-05   4.3451E+00
   9.5001E-02   2.1560E+02   3.0315E+02   4.9775E+04   8.3195E-05   4.3445E+00
   9.6001E-02   2.1491E+02   3.0315E+02   4.9736E+04   8.3449E-05   4.3440E+00
   9.7001E-02   2.1424E+02   3.0315E+02   4.9699E+04   8.3700E-05   4.3434E+00
   9.8001E-02   2.1359E+02   3.0315E+02   4.9662E+04   8.3946E-05   4.3429E+00
   9.9001E-02   2.1295E+02   3.0315E+02   4.9625E+04   8.4188E-05   4.3424E+00
   1.0000E-01   2.1232E+02   3.0315E+02   4.9590E+04   8.4425E-05   4.3418E+00
   1.1000E-01   2.1171E+02   3.0315E+02   4.9555E+04   8.8750E-05   4.5512E+00
   1.2000E-01   2.0619E+02   3.0315E+02   4.9240E+04   9.0423E-05   4.5161E+00
   1.3000E-01   2.0159E+02   3.0315E+02   4.8972E+04   9.1632E-05   4.4744E+00
   1.4000E-01   1.9801E+02   3.0315E+02   4.8760E+04   9.2647E-05   4.4437E+00
   1.5000E-01   1.9517E+02   3.0315E+02   4.8591E+04   9.3494E-05   4.4199E+00
   1.6000E-01   1.9288E+02   3.0315E+02   4.8453E+04   9.4177E-05   4.4001E+00
   1.7000E-01   1.9105E+02   3.0315E+02   4.8342E+04   9.4738E-05   4.3843E+00
   1.8000E-01   1.8957E+02   3.0315E+02   4.8252E+04   9.5204E-05   4.3719E+00
   1.9000E-01   1.8838E+02   3.0315E+02   4.8179E+04   9.5585E-05   4.3618E+00
   2.0000E-01   1.8741E+02   3.0315E+02   4.8120E+04   9.5890E-05   4.3532E+00
   2.1000E-01   1.8663E+02   3.0315E+02   4.8071E+04   9.6140E-05   4.3464E+00
   2.2000E-01   1.8599E+02   3.0315E+02   4.8032E+04   9.6341E-05   4.3407E+00
   2.3000E-01   1.8548E+02   3.0315E+02   4.8001E+04   9.6518E-05   4.3368E+00
   2.4000E-01   1.8506E+02   3.0315E+02   4.7974E+04   9.6647E-05   4.3327E+00
   2.5000E-01   1.8472E+02   3.0315E+02   4.7953E+04   9.6760E-05   4.3299E+00
   2.6000E-01   1.8445E+02   3.0315E+02   4.7936E+04   9.6850E-05   4.3275E+00
   2.7000E-01   1.8422E+02   3.0315E+02   4.7922E+04   9.6925E-05   4.3256E+00
   2.8000E-01   1.8404E+02   3.0315E+02   4.7911E+04   9.6985E-05   4.3239E+00
   2.9000E-01   1.8404E+02   3.0315E+02   4.7911E+04   9.7120E-05   4.3300E+00
   3.0000E-01   1.8376E+02   3.0315E+02   4.7894E+04   9.7094E-05   4.3223E+00
   3.1000E-01   1.8364E+02   3.0315E+02   4.7886E+04   9.7113E-05   4.3205E+00
   3.2000E-01   1.8364E+02   3.0315E+02   4.7886E+04   9.7183E-05   4.3237E+00
   3.3000E-01   1.8364E+02   3.0315E+02   4.7886E+04   9.7246E-05   4.3265E+00
   3.4000E-01   1.8344E+02   3.0315E+02   4.7874E+04   9.7200E-05   4.3197E+00
   3.5000E-01   1.8344E+02   3.0315E+02   4.7874E+04   9.7234E-05   4.3212E+00
   3.6000E-01   1.8344E+02   3.0315E+02   4.7874E+04   9.7265E-05   4.3227E+00
   3.7000E-01   1.8344E+02   3.0315E+02   4.7874E+04   9.7293E-05   4.3240E+00
   3.8000E-01   1.8329E+02   3.0315E+02   4.7865E+04   9.7251E-05   4.3186E+00
   3.9000E-01   1.8329E+02   3.0315E+02   4.7865E+04   9.7261E-05   4.3191E+00
   4.0000E-01   1.8329E+02   3.0315E+02   4.7865E+04   9.7270E-05   4.3195E+00
   4.1000E-01   1.8329E+02   3.0315E+02   4.7865E+04   9.7278E-05   4.3199E+00
   4.2000E-01   1.8329E+02   3.0315E+02   4.7865E+04   9.7285E-05   4.3203E+00
   4.3000E-01   1.8329E+02   3.0315E+02   4.7865E+04   9.7292E-05   4.3206E+00
   4.4000E-01   1.8329E+02   3.0315E+02   4.7865E+04   9.7298E-05   4.3209E+00
   4.5000E-01   1.8329E+02   3.0315E+02   4.7865E+04   9.7304E-05   4.3212E+00
   4.6000E-01   1.8329E+02   3.0315E+02   4.7865E+04   9.7309E-05   4.3215E+00
   4.7000E-01   1.8329E+02   3.0315E+02   4.7865E+04   9.7314E-05   4.3217E+00
   4.8000E-01   1.8329E+02   3.0315E+02   4.7865E+04   9.7318E-05   4.3219E+00
   4.9000E-01   1.8329E+02   3.0315E+02   4.7865E+04   9.7323E-05   4.3222E+00
   5.0000E-01   1.8329E+02   3.0315E+02   4.7865E+04   9.7327E-05   4.3224E+00
   5.1000E-01   1.8329E+02   3.0315E+02   4.7865E+04   9.7330E-05   4.3226E+00
   5.2000E-01   1.8329E+02   3.0315E+02   4.7865E+04   9.7334E-05   4.3228E+00
   5.3000E-01   1.8329E+02   3.0315E+02   4.7865E+04   9.7337E-05   4.3229E+00
   5.4000E-01   1.8329E+02   3.0315E+02   4.7865E+04   9.7340E-05   4.3231E+00
   5.5000E-01   1.8329E+02   3.0315E+02   4.7865E+04   9.7342E-05   4.3233E+00
   5.6000E-01   1.8329E+02   3.0315E+02   4.7865E+04   9.7345E-05   4.3234E+00
   5.7000E-01   1.8329E+02   3.0315E+02   4.7865E+04   9.7348E-05   4.3235E+00
   5.8000E-01   1.8329E+02   3.0315E+02   4.7865E+04   9.7350E-05   4.3237E+00
   5.9000E-01   1.8329E+02   3.0315E+02   4.7865E+04   9.7352E-05   4.3238E+00
   6.0000E-01   1.8329E+02   3.0315E+02   4.7865E+04   9.7355E-05   4.3240E+00
   6.1000E-01   1.8329E+02   3.0315E+02   4.7865E+04   9.7357E-05   4.3241E+00
   6.2000E-01   1.8329E+02   3.0315E+02   4.7865E+04   9.7359E-05   4.3242E+00
   6.3000E-01   1.8329E+02   3.0315E+02   4.7865E+04   9.7361E-05   4.3243E+00
   6.4000E-01   1.8313E+02   3.0315E+02   4.7865E+04   9.7279E-05   4.3171E+00
   6.5000E-01   1.8329E+02   3.0315E+02   4.7865E+04   9.7365E-05   4.3246E+00
   6.6000E-01   1.8313E+02   3.0315E+02   4.7865E+04   9.7281E-05   4.3171E+00
   6.7000E-01   1.8329E+02   3.0315E+02   4.7865E+04   9.7369E-05   4.3248E+00
   6.8000E-01   1.8312E+02   3.0315E+02   4.7857E+04   9.7345E-05   4.3198E+00
   6.9000E-01   1.8312E+02   3.0315E+02   4.7857E+04   9.7333E-05   4.3194E+00
   7.0000E-01   1.8312E+02   3.0315E+02   4.7857E+04   9.7323E-05   4.3190E+00
   7.1000E-01   1.8312E+02   3.0315E+02   4.7857E+04   9.7314E-05   4.3186E+00
   7.2000E-01   1.8312E+02   3.0315E+02   4.7857E+04   9.7306E-05   4.3183E+00
   7.3000E-01   1.8312E+02   3.0315E+02   4.7857E+04   9.7298E-05   4.3180E+00
   7.4000E-01   1.8312E+02   3.0315E+02   4.7857E+04   9.7292E-05   4.3177E+00
   7.5000E-01   1.8312E+02   3.0315E+02   4.7857E+04   9.7286E-05   4.3175E+00
   7.6000E-01   1.8311E+02   3.0315E+02   4.7857E+04   9.7275E-05   4.3167E+00
   7.7000E-01   1.8312E+02   3.0315E+02   4.7857E+04   9.7277E-05   4.3171E+00
   7.8000E-01   1.8312E+02   3.0315E+02   4.7857E+04   9.7273E-05   4.3170E+00
   7.9000E-01   1.8312E+02   3.0315E+02   4.7857E+04   9.7269E-05   4.3169E+00
   8.0000E-01   1.8312E+02   3.0315E+02   4.7858E+04   9.7290E-05   4.3179E+00
   8.1000E-01   1.8310E+02   3.0315E+02   4.7858E+04   9.7278E-05   4.3169E+00
   8.2000E-01   1.8312E+02   3.0315E+02   4.7858E+04   9.7288E-05   4.3178E+00
   8.3000E-01   1.8312E+02   3.0315E+02   4.7857E+04   9.7263E-05   4.3168E+00
   8.4000E-01   1.8312E+02   3.0315E+02   4.7858E+04   9.7287E-05   4.3179E+00
   8.5000E-01   1.8312E+02   3.0315E+02   4.7857E+04   9.7263E-05   4.3168E+00
   8.6000E-01   1.8312E+02   3.0315E+02   4.7858E+04   9.7287E-05   4.3179E+00
   8.7000E-01   1.8312E+02   3.0315E+02   4.7857E+04   9.7263E-05   4.3169E+00
   8.8000E-01   1.8312E+02   3.0315E+02   4.7858E+04   9.7288E-05   4.3180E+00
   8.9000E-01   1.8312E+02   3.0315E+02   4.7857E+04   9.7265E-05   4.3170E+00
   9.0000E-01   1.8312E+02   3.0315E+02   4.7857E+04   9.7265E-05   4.3171E+00
   9.1000E-01   1.8312E+02   3.0315E+02   4.7857E+04   9.7266E-05   4.3171E+00
   9.2000E-01   1.8312E+02   3.0315E+02   4.7857E+04   9.7266E-05   4.3172E+00
   9.3000E-01   1.8312E+02   3.0315E+02   4.7857E+04   9.7267E-05   4.3173E+00
   9.4000E-01   1.8312E+02   3.0315E+02   4.7857E+04   9.7268E-05   4.3173E+00
   9.5000E-01   1.8311E+02   3.0315E+02   4.7857E+04   9.7265E-05   4.3170E+00
   9.6000E-01   1.8311E+02   3.0315E+02   4.7857E+04   9.7266E-05   4.3170E+00
   9.7000E-01   1.8312E+02   3.0315E+02   4.7857E+04   9.7273E-05   4.3177E+00
   9.8000E-01   1.8311E+02   3.0315E+02   4.7857E+04   9.7267E-05   4.3171E+00
   9.9000E-01   1.8312E+02   3.0315E+02   4.7857E+04   9.7277E-05   4.3179E+00
   1.0000E+00   1.8310E+02   3.0315E+02   4.7857E+04   9.7269E-05   4.3171E+00
   1.1000E+00   1.8310E+02   3.0315E+02   4.7859E+04   9.7374E-05   4.3220E+00
   1.2000E+00   1.8310E+02   3.0315E+02   4.7859E+04   9.7422E-05   4.3245E+00
   1.3000E+00   1.8294E+02   3.0315E+02   4.7850E+04   9.7334E-05   4.3172E+00
   1.4000E+00   1.8294E+02   3.0315E+02   4.7850E+04   9.7352E-05   4.3183E+00
   1.5000E+00   1.8294E+02   3.0315E+02   4.7850E+04   9.7400E-05   4.3208E+00
   1.6000E+00   1.8286E+02   3.0315E+02   4.7848E+04   9.7465E-05   4.3221E+00
   1.7000E+00   1.8275E+02   3.0315E+02   4.7842E+04   9.7421E-05   4.3179E+00
   1.8000E+00   1.8275E+02   3.0315E+02   4.7842E+04   9.7469E-05   4.3203E+00
   1.9000E+00   1.8275E+02   3.0315E+02   4.7842E+04   9.7546E-05   4.3241E+00
   2.0000E+00   1.8260E+02   3.0315E+02   4.7835E+04   9.7547E-05   4.3209E+00
   2.1000E+00   1.8252E+02   3.0315E+02   4.7831E+04   9.7538E-05   4.3188E+00
   2.2000E+00   1.8252E+02   3.0315E+02   4.7831E+04   9.7612E-05   4.3225E+00
   2.3000E+00   1.8252E+02   3.0315E+02   4.7833E+04   9.7784E-05   4.3304E+00
   2.4000E+00   1.8223E+02   3.0315E+02   4.7815E+04   9.7569E-05   4.3145E+00
   2.5000E+00   1.8223E+02   3.0315E+02   4.7815E+04   9.7620E-05   4.3171E+00
   2.6000E+00   1.8223E+02   3.0315E+02   4.7818E+04   9.7793E-05   4.3251E+00
   2.7000E+00   1.8206E+02   3.0315E+02   4.7807E+04   9.7733E-05   4.3187E+00
   2.8000E+00   1.8203E+02   3.0315E+02   4.7806E+04   9.7834E-05   4.3226E+00
   2.9000E+00   1.8203E+02   3.0315E+02   4.7806E+04   9.7964E-05   4.3287E+00
   3.0000E+00   1.8178E+02   3.0315E+02   4.7792E+04   9.7926E-05   4.3215E+00
   3.1000E+00   1.8178E+02   3.0315E+02   4.7792E+04   9.7999E-05   4.3250E+00
   3.2000E+00   1.8161E+02   3.0315E+02   4.7783E+04   9.8012E-05   4.3219E+00
   3.3000E+00   1.8161E+02   3.0315E+02   4.7783E+04   9.8115E-05   4.3267E+00
   3.4000E+00   1.8140E+02   3.0315E+02   4.7771E+04   9.8068E-05   4.3201E+00
   3.5000E+00   1.8140E+02   3.0315E+02   4.7771E+04   9.8189E-05   4.3258E+00
   3.6000E+00   1.8122E+02   3.0315E+02   4.7762E+04   9.8221E-05   4.3231E+00
   3.7000E+00   1.8109E+02   3.0315E+02   4.7754E+04   9.8222E-05   4.3204E+00
   3.8000E+00   1.8109E+02   3.0315E+02   4.7754E+04   9.8361E-05   4.3268E+00
   3.9000E+00   1.8088E+02   3.0315E+02   4.7743E+04   9.8365E-05   4.3224E+00
   4.0000E+00   1.8088E+02   3.0315E+02   4.7743E+04   9.8517E-05   4.3294E+00
   4.1000E+00   1.8062E+02   3.0315E+02   4.7728E+04   9.8478E-05   4.3218E+00
   4.2000E+00   1.8052E+02   3.0315E+02   4.7722E+04   9.8511E-05   4.3212E+00
   4.3000E+00   1.8052E+02   3.0315E+02   4.7722E+04   9.8683E-05   4.3290E+00
   4.4000E+00   1.8027E+02   3.0315E+02   4.7708E+04   9.8715E-05   4.3247E+00
   4.5000E+00   1.8011E+02   3.0315E+02   4.7698E+04   9.8675E-05   4.3194E+00
   4.6000E+00   1.8011E+02   3.0315E+02   4.7698E+04   9.8840E-05   4.3269E+00
   4.7000E+00   1.7990E+02   3.0315E+02   4.7687E+04   9.8900E-05   4.3249E+00
   4.8000E+00   1.7973E+02   3.0315E+02   4.7677E+04   9.8901E-05   4.3213E+00
   4.9000E+00   1.7964E+02   3.0315E+02   4.7672E+04   9.9039E-05   4.3255E+00
   5.0000E+00   1.7946E+02   3.0315E+02   4.7662E+04   9.9081E-05   4.3233E+00
   5.1000E+00   1.7946E+02   3.0315E+02   4.7662E+04   9.9277E-05   4.3322E+00
   5.2000E+00   1.7915E+02   3.0315E+02   4.7643E+04   9.9267E-05   4.3245E+00
   5.3000E+00   1.7899E+02   3.0315E+02   4.7634E+04   9.9256E-05   4.3206E+00
   5.4000E+00   1.7892E+02   3.0315E+02   4.7630E+04   9.9401E-05   4.3254E+00
   5.5000E+00   1.7874E+02   3.0315E+02   4.7619E+04   9.9460E-05   4.3241E+00
   5.6000E+00   1.7859E+02   3.0315E+02   4.7611E+04   9.9590E-05   4.3265E+00
   5.7000E+00   1.7840E+02   3.0315E+02   4.7599E+04   9.9593E-05   4.3221E+00
   5.8000E+00   1.7840E+02   3.0315E+02   4.7599E+04   9.9818E-05   4.3323E+00
   5.9000E+00   1.7808E+02   3.0315E+02   4.7581E+04   9.9805E-05   4.3244E+00
   6.0000E+00   1.7793E+02   3.0315E+02   4.7571E+04   9.9858E-05   4.3233E+00
   6.1000E+00   1.7780E+02   3.0315E+02   4.7564E+04   9.9997E-05   4.3265E+00
   6.2000E+00   1.7760E+02   3.0315E+02   4.7552E+04   1.0008E-04   4.3254E+00
   6.3000E+00   1.7743E+02   3.0315E+02   4.7542E+04   1.0014E-04   4.3242E+00
   6.4000E+00   1.7728E+02   3.0315E+02   4.7533E+04   1.0027E-04   4.3267E+00
   6.5000E+00   1.7708E+02   3.0315E+02   4.7521E+04   1.0032E-04   4.3244E+00
   6.6000E+00   1.7693E+02   3.0315E+02   4.7512E+04   1.0046E-04   4.3270E+00
   6.7000E+00   1.7672E+02   3.0315E+02   4.7500E+04   1.0053E-04   4.3253E+00
   6.8000E+00   1.7655E+02   3.0315E+02   4.7490E+04   1.0066E-04   4.3267E+00
   6.9000E+00   1.7635E+02   3.0315E+02   4.7478E+04   1.0073E-04   4.3254E+00
   7.0000E+00   1.7618E+02   3.0315E+02   4.7467E+04   1.0084E-04   4.3260E+00
   7.1000E+00   1.7599E+02   3.0315E+02   4.7456E+04   1.0095E-04   4.3268E+00
   7.2000E+00   1.7579E+02   3.0315E+02   4.7444E+04   1.0104E-04   4.3258E+00
   7.3000E+00   1.7561E+02   3.0315E+02   4.7433E+04   1.0117E-04   4.3272E+00
   7.4000E+00   1.7540E+02   3.0315E+02   4.7420E+04   1.0125E-04   4.3259E+00
   7.5000E+00   1.7522E+02   3.0315E+02   4.7409E+04   1.0139E-04   4.3278E+00
   7.6000E+00   1.7500E+02   3.0315E+02   4.7396E+04   1.0147E-04   4.3264E+00
   7.7000E+00   1.7481E+02   3.0315E+02   4.7384E+04   1.0160E-04   4.3275E+00
   7.8000E+00   1.7460E+02   3.0315E+02   4.7371E+04   1.0169E-04   4.3260E+00
   7.9000E+00   1.7441E+02   3.0315E+02   4.7360E+04   1.0187E-04   4.3298E+00
   8.0000E+00   1.7416E+02   3.0315E+02   4.7344E+04   1.0191E-04   4.3253E+00
   8.1000E+00   1.7399E+02   3.0315E+02   4.7334E+04   1.0205E-04   4.3273E+00
   8.2000E+00   1.7378E+02   3.0315E+02   4.7322E+04   1.0224E-04   4.3306E+00
   8.3000E+00   1.7350E+02   3.0315E+02   4.7304E+04   1.0223E-04   4.3239E+00
   8.4000E+00   1.7337E+02   3.0315E+02   4.7296E+04   1.0245E-04   4.3297E+00
   8.5000E+00   1.7311E+02   3.0315E+02   4.7279E+04   1.0251E-04   4.3263E+00
   8.6000E+00   1.7292E+02   3.0315E+02   4.7268E+04   1.0271E-04   4.3304E+00
   8.7000E+00   1.7265E+02   3.0315E+02   4.7251E+04   1.0275E-04   4.3256E+00
   8.8000E+00   1.7248E+02   3.0315E+02   4.7241E+04   1.0294E-04   4.3299E+00
   8.9000E+00   1.7222E+02   3.0315E+02   4.7224E+04   1.0304E-04   4.3278E+00
   9.0000E+00   1.7201E+02   3.0315E+02   4.7211E+04   1.0317E-04   4.3280E+00
   9.1000E+00   1.7179E+02   3.0315E+02   4.7197E+04   1.0333E-04   4.3295E+00
   9.2000E+00   1.7154E+02   3.0315E+02   4.7182E+04   1.0348E-04   4.3300E+00
   9.3000E+00   1.7128E+02   3.0315E+02   4.7165E+04   1.0354E-04   4.3262E+00
   9.4000E+00   1.7110E+02   3.0315E+02   4.7154E+04   1.0372E-04   4.3296E+00
   9.5000E+00   1.7084E+02   3.0315E+02   4.7138E+04   1.0385E-04   4.3288E+00
   9.6000E+00   1.7061E+02   3.0315E+02   4.7124E+04   1.0406E-04   4.3320E+00
   9.7000E+00   1.7031E+02   3.0315E+02   4.7104E+04   1.0409E-04   4.3262E+00
   9.8000E+00   1.7013E+02   3.0315E+02   4.7093E+04   1.0429E-04   4.3302E+00
   9.9000E+00   1.6987E+02   3.0315E+02   4.7077E+04   1.0442E-04   4.3295E+00
   1.0000E+01   1.6962E+02   3.0315E+02   4.7061E+04   1.0455E-04   4.3286E+00
   1.0100E+01   1.6940E+02   3.0315E+02   4.7047E+04   1.0472E-04   4.3303E+00
   1.0200E+01   1.6913E+02   3.0315E+02   4.7030E+04   1.0486E-04   4.3298E+00
   1.0300E+01   1.6888E+02   3.0315E+02   4.7014E+04   1.0501E-04   4.3299E+00
   1.0400E+01   1.6863E+02   3.0315E+02   4.6998E+04   1.0516E-04   4.3297E+00
   1.0500E+01   1.6838E+02   3.0315E+02   4.6982E+04   1.0534E-04   4.3312E+00
   1.0600E+01   1.6810E+02   3.0315E+02   4.6963E+04   1.0548E-04   4.3300E+00
   1.0700E+01   1.6785E+02   3.0315E+02   4.6947E+04   1.0563E-04   4.3301E+00
   1.0800E+01   1.6759E+02   3.0315E+02   4.6931E+04   1.0578E-04   4.3300E+00
   1.0900E+01   1.6734E+02   3.0315E+02   4.6915E+04   1.0602E-04   4.3335E+00
   1.1000E+01   1.6702E+02   3.0315E+02   4.6894E+04   1.0607E-04   4.3276E+00
   1.1100E+01   1.6681E+02   3.0315E+02   4.6881E+04   1.0628E-04   4.3315E+00
   1.1200E+01   1.6653E+02   3.0315E+02   4.6863E+04   1.0644E-04   4.3308E+00
   1.1300E+01   1.6627E+02   3.0315E+02   4.6846E+04   1.0661E-04   4.3313E+00
   1.1400E+01   1.6599E+02   3.0315E+02   4.6828E+04   1.0676E-04   4.3307E+00
   1.1500E+01   1.6573E+02   3.0315E+02   4.6811E+04   1.0698E-04   4.3327E+00
   1.1600E+01   1.6543E+02   3.0315E+02   4.6792E+04   1.0711E-04   4.3306E+00
   1.1700E+01   1.6517E+02   3.0315E+02   4.6774E+04   1.0728E-04   4.3308E+00
   1.1800E+01   1.6490E+02   3.0315E+02   4.6757E+04   1.0746E-04   4.3315E+00
   1.1900E+01   1.6462E+02   3.0315E+02   4.6739E+04   1.0764E-04   4.3321E+00
   1.2000E+01   1.6433E+02   3.0315E+02   4.6720E+04   1.0782E-04   4.3320E+00
   1.2100E+01   1.6405E+02   3.0315E+02   4.6702E+04   1.0799E-04   4.3317E+00
   1.2200E+01   1.6377E+02   3.0315E+02   4.6683E+04   1.0817E-04   4.3319E+00
   1.2300E+01   1.6349E+02   3.0315E+02   4.6665E+04   1.0836E-04   4.3322E+00
   1.2400E+01   1.6320E+02   3.0315E+02   4.6646E+04   1.0856E-04   4.3331E+00
   1.2500E+01   1.6289E+02   3.0315E+02   4.6626E+04   1.0873E-04   4.3320E+00
   1.2600E+01   1.6261E+02   3.0315E+02   4.6607E+04   1.0890E-04   4.3318E+00
   1.2700E+01   1.6233E+02   3.0315E+02   4.6589E+04   1.0911E-04   4.3330E+00
   1.2800E+01   1.6203E+02   3.0315E+02   4.6569E+04   1.0930E-04   4.3328E+00
   1.2900E+01   1.6173E+02   3.0315E+02   4.6549E+04   1.0949E-04   4.3325E+00
   1.3000E+01   1.6144E+02   3.0315E+02   4.6529E+04   1.0970E-04   4.3337E+00
   1.3100E+01   1.6113E+02   3.0315E+02   4.6508E+04   1.0987E-04   4.3323E+00
