       Time_s           01           02           03           04           05
   0.0000E+00   1.5403E+02   3.0315E+02   0.0000E+00   0.0000E+00   0.0000E+00
   1.0000E-06   1.5403E+02   3.0315E+02   4.5877E+04   1.7744E-06   6.6193E-02
   2.0000E-06   1.0831E+03   3.0315E+02   9.0204E+04   9.5671E-06   2.5097E+00
   3.0000E-06   1.2369E+03   3.0315E+02   9.7214E+04   1.0545E-05   3.1590E+00
   4.0000E-06   1.2590E+03   3.0315E+02   9.8221E+04   1.0684E-05   3.2578E+00
   5.0000E-06   1.2619E+03   3.0315E+02   9.8354E+04   1.0707E-05   3.2724E+00
   6.0000E-06   1.2619E+03   3.0315E+02   9.8354E+04   1.0712E-05   3.2741E+00
   7.0000E-06   1.2619E+03   3.0315E+02   9.8354E+04   1.0718E-05   3.2758E+00
   8.0000E-06   1.2619E+03   3.0315E+02   9.8354E+04   1.0724E-05   3.2776E+00
   9.0000E-06   1.2619E+03   3.0315E+02   9.8354E+04   1.0730E-05   3.2793E+00
   1.0000E-05   1.2619E+03   3.0315E+02   9.8354E+04   1.0735E-05   3.2811E+00
   1.1000E-05   1.2603E+03   3.0315E+02   9.8283E+04   1.0732E-05   3.2759E+00
   1.2000E-05   1.2603E+03   3.0315E+02   9.8283E+04   1.0737E-05   3.2776E+00
   1.3000E-05   1.2603E+03   3.0315E+02   9.8283E+04   1.0743E-05   3.2794E+00
   1.4000E-05   1.2603E+03   3.0315E+02   9.8283E+04   1.0749E-05   3.2811E+00
   1.5000E-05   1.2588E+03   3.0315E+02   9.8212E+04   1.0745E-05   3.2759E+00
   1.6000E-05   1.2588E+03   3.0315E+02   9.8212E+04   1.0751E-05   3.2776E+00
   1.7000E-05   1.2588E+03   3.0315E+02   9.8212E+04   1.0756E-05   3.2794E+00
   1.8000E-05   1.2588E+03   3.0315E+02   9.8212E+04   1.0762E-05   3.2811E+00
   1.9000E-05   1.2572E+03   3.0315E+02   9.8141E+04   1.0758E-05   3.2759E+00
   2.0000E-05   1.2572E+03   3.0315E+02   9.8141E+04   1.0764E-05   3.2776E+00
   2.1000E-05   1.2572E+03   3.0315E+02   9.8141E+04   1.0770E-05   3.2794E+00
   2.2000E-05   1.2572E+03   3.0315E+02   9.8141E+04   1.0775E-05   3.2811E+00
   2.3000E-05   1.2557E+03   3.0315E+02   9.8070E+04   1.0772E-05   3.2759E+00
   2.4000E-05   1.2557E+03   3.0315E+02   9.8070E+04   1.0777E-05   3.2776E+00
   2.5000E-05   1.2557E+03   3.0315E+02   9.8070E+04   1.0783E-05   3.2794E+00
   2.6000E-05   1.2557E+03   3.0315E+02   9.8070E+04   1.0789E-05   3.2811E+00
   2.7000E-05   1.2541E+03   3.0315E+02   9.8000E+04   1.0785E-05   3.2759E+00
   2.8000E-05   1.2541E+03   3.0315E+02   9.8000E+04   1.0791E-05   3.2776E+00
   2.9000E-05   1.2541E+03   3.0315E+02   9.8000E+04   1.0796E-05   3.2793E+00
   3.0000E-05   1.2541E+03   3.0315E+02   9.8000E+04   1.0802E-05   3.2811E+00
   3.1000E-05   1.2525E+03   3.0315E+02   9.7929E+04   1.0798E-05   3.2759E+00
   3.2000E-05   1.2525E+03   3.0315E+02   9.7929E+04   1.0804E-05   3.2776E+00
   3.3000E-05   1.2525E+03   3.0315E+02   9.7929E+04   1.0810E-05   3.2793E+00
   3.4000E-05   1.2525E+03   3.0315E+02   9.7929E+04   1.0815E-05   3.2811E+00
   3.5000E-05   1.2510E+03   3.0315E+02   9.7859E+04   1.0812E-05   3.2758E+00
   3.6000E-05   1.2510E+03   3.0315E+02   9.7859E+04   1.0817E-05   3.2776E+00
   3.7000E-05   1.2510E+03   3.0315E+02   9.7859E+04   1.0823E-05   3.2793E+00
   3.8000E-05   1.2510E+03   3.0315E+02   9.7859E+04   1.0828E-05   3.2810E+00
   3.9000E-05   1.2495E+03   3.0315E+02   9.7789E+04   1.0825E-05   3.2758E+00
   4.0000E-05   1.2495E+03   3.0315E+02   9.7789E+04   1.0830E-05   3.2775E+00
   4.1000E-05   1.2495E+03   3.0315E+02   9.7789E+04   1.0836E-05   3.2792E+00
   4.2000E-05   1.2495E+03   3.0315E+02   9.7789E+04   1.0842E-05   3.2810E+00
   4.3000E-05   1.2479E+03   3.0315E+02   9.7720E+04   1.0838E-05   3.2758E+00
   4.4000E-05   1.2479E+03   3.0315E+02   9.7720E+04   1.0844E-05   3.2775E+00
   4.5000E-05   1.2479E+03   3.0315E+02   9.7720E+04   1.0849E-05   3.2792E+00
   4.6000E-05   1.2479E+03   3.0315E+02   9.7720E+04   1.0855E-05   3.2809E+00
   4.7000E-05   1.2464E+03   3.0315E+02   9.7651E+04   1.0851E-05   3.2758E+00
   4.8000E-05   1.2464E+03   3.0315E+02   9.7651E+04   1.0857E-05   3.2775E+00
   4.9000E-05   1.2464E+03   3.0315E+02   9.7651E+04   1.0862E-05   3.2792E+00
   5.0000E-05   1.2464E+03   3.0315E+02   9.7651E+04   1.0868E-05   3.2809E+00
   5.1000E-05   1.2449E+03   3.0315E+02   9.7582E+04   1.0864E-05   3.2758E+00
   5.2000E-05   1.2449E+03   3.0315E+02   9.7582E+04   1.0870E-05   3.2775E+00
   5.3000E-05   1.2449E+03   3.0315E+02   9.7582E+04   1.0876E-05   3.2792E+00
   5.4000E-05   1.2449E+03   3.0315E+02   9.7582E+04   1.0881E-05   3.2809E+00
   5.5000E-05   1.2434E+03   3.0315E+02   9.7513E+04   1.0877E-05   3.2758E+00
   5.6000E-05   1.2434E+03   3.0315E+02   9.7513E+04   1.0883E-05   3.2775E+00
   5.7000E-05   1.2434E+03   3.0315E+02   9.7513E+04   1.0889E-05   3.2792E+00
   5.8000E-05   1.2434E+03   3.0315E+02   9.7513E+04   1.0894E-05   3.2809E+00
   5.9000E-05   1.2419E+03   3.0315E+02   9.7444E+04   1.0891E-05   3.2758E+00
   6.0000E-05   1.2419E+03   3.0315E+02   9.7444E+04   1.0896E-05   3.2775E+00
   6.1000E-05   1.2419E+03   3.0315E+02   9.7444E+04   1.0902E-05   3.2792E+00
   6.2000E-05   1.2419E+03   3.0315E+02   9.7444E+04   1.0907E-05   3.2809E+00
   6.3000E-05   1.2404E+03   3.0315E+02   9.7376E+04   1.0904E-05   3.2758E+00
   6.4000E-05   1.2404E+03   3.0315E+02   9.7376E+04   1.0909E-05   3.2775E+00
   6.5000E-05   1.2404E+03   3.0315E+02   9.7376E+04   1.0915E-05   3.2792E+00
   6.6000E-05   1.2404E+03   3.0315E+02   9.7376E+04   1.0921E-05   3.2808E+00
   6.7000E-05   1.2389E+03   3.0315E+02   9.7307E+04   1.0917E-05   3.2758E+00
   6.8000E-05   1.2389E+03   3.0315E+02   9.7307E+04   1.0922E-05   3.2774E+00
   6.9000E-05   1.2389E+03   3.0315E+02   9.7307E+04   1.0928E-05   3.2791E+00
   7.0000E-05   1.2389E+03   3.0315E+02   9.7307E+04   1.0934E-05   3.2808E+00
   7.1000E-05   1.2374E+03   3.0315E+02   9.7239E+04   1.0930E-05   3.2758E+00
   7.2000E-05   1.2374E+03   3.0315E+02   9.7239E+04   1.0936E-05   3.2774E+00
   7.3000E-05   1.2374E+03   3.0315E+02   9.7239E+04   1.0941E-05   3.2791E+00
   7.4000E-05   1.2374E+03   3.0315E+02   9.7239E+04   1.0947E-05   3.2808E+00
   7.5000E-05   1.2359E+03   3.0315E+02   9.7172E+04   1.0943E-05   3.2758E+00
   7.6000E-05   1.2359E+03   3.0315E+02   9.7172E+04   1.0949E-05   3.2774E+00
   7.7000E-05   1.2359E+03   3.0315E+02   9.7172E+04   1.0954E-05   3.2791E+00
   7.8000E-05   1.2359E+03   3.0315E+02   9.7172E+04   1.0960E-05   3.2808E+00
   7.9000E-05   1.2344E+03   3.0315E+02   9.7104E+04   1.0956E-05   3.2757E+00
   8.0000E-05   1.2344E+03   3.0315E+02   9.7104E+04   1.0962E-05   3.2774E+00
   8.1000E-05   1.2344E+03   3.0315E+02   9.7104E+04   1.0967E-05   3.2791E+00
   8.2000E-05   1.2344E+03   3.0315E+02   9.7104E+04   1.0973E-05   3.2808E+00
   8.3000E-05   1.2330E+03   3.0315E+02   9.7037E+04   1.0969E-05   3.2757E+00
   8.4000E-05   1.2330E+03   3.0315E+02   9.7037E+04   1.0975E-05   3.2774E+00
   8.5000E-05   1.2330E+03   3.0315E+02   9.7037E+04   1.0980E-05   3.2791E+00
   8.6000E-05   1.2330E+03   3.0315E+02   9.7037E+04   1.0986E-05   3.2808E+00
   8.7000E-05   1.2315E+03   3.0315E+02   9.7037E+04   1.0979E-05   3.2746E+00
   8.8000E-05   1.2315E+03   3.0315E+02   9.6969E+04   1.0988E-05   3.2774E+00
   8.9000E-05   1.2315E+03   3.0315E+02   9.6969E+04   1.0994E-05   3.2791E+00
   9.0000E-05   1.2315E+03   3.0315E+02   9.6969E+04   1.0999E-05   3.2808E+00
   9.1000E-05   1.2300E+03   3.0315E+02   9.6902E+04   1.0995E-05   3.2757E+00
   9.2000E-05   1.2300E+03   3.0315E+02   9.6902E+04   1.1001E-05   3.2774E+00
   9.3000E-05   1.2300E+03   3.0315E+02   9.6902E+04   1.1007E-05   3.2791E+00
   9.4000E-05   1.2300E+03   3.0315E+02   9.6902E+04   1.1012E-05   3.2808E+00
   9.5000E-05   1.2286E+03   3.0315E+02   9.6836E+04   1.1009E-05   3.2758E+00
   9.6000E-05   1.2286E+03   3.0315E+02   9.6836E+04   1.1014E-05   3.2774E+00
   9.7000E-05   1.2286E+03   3.0315E+02   9.6836E+04   1.1020E-05   3.2791E+00
   9.8000E-05   1.2286E+03   3.0315E+02   9.6836E+04   1.1025E-05   3.2808E+00
   9.9000E-05   1.2271E+03   3.0315E+02   9.6769E+04   1.1022E-05   3.2758E+00
   1.0000E-04   1.2271E+03   3.0315E+02   9.6769E+04   1.1027E-05   3.2774E+00
   1.0100E-04   1.2271E+03   3.0315E+02   9.6769E+04   1.1033E-05   3.2791E+00
   1.1100E-04   1.2271E+03   3.0315E+02   9.6769E+04   1.1089E-05   3.2958E+00
   1.2100E-04   1.2228E+03   3.0315E+02   9.6575E+04   1.1118E-05   3.2928E+00
   1.3100E-04   1.2191E+03   3.0315E+02   9.6407E+04   1.1150E-05   3.2924E+00
   1.4100E-04   1.2155E+03   3.0315E+02   9.6242E+04   1.1182E-05   3.2922E+00
   1.5100E-04   1.2120E+03   3.0315E+02   9.6080E+04   1.1215E-05   3.2921E+00
   1.6100E-04   1.2085E+03   3.0315E+02   9.5919E+04   1.1247E-05   3.2920E+00
   1.7100E-04   1.2050E+03   3.0315E+02   9.5760E+04   1.1280E-05   3.2920E+00
   1.8100E-04   1.2015E+03   3.0315E+02   9.5602E+04   1.1312E-05   3.2919E+00
   1.9100E-04   1.1980E+03   3.0315E+02   9.5443E+04   1.1344E-05   3.2916E+00
   2.0100E-04   1.1946E+03   3.0315E+02   9.5288E+04   1.1376E-05   3.2915E+00
   2.1100E-04   1.1912E+03   3.0315E+02   9.5134E+04   1.1408E-05   3.2915E+00
   2.2100E-04   1.1879E+03   3.0315E+02   9.4981E+04   1.1440E-05   3.2914E+00
   2.3100E-04   1.1845E+03   3.0315E+02   9.4829E+04   1.1472E-05   3.2913E+00
   2.4100E-04   1.1812E+03   3.0315E+02   9.4678E+04   1.1504E-05   3.2912E+00
   2.5100E-04   1.1780E+03   3.0315E+02   9.4529E+04   1.1536E-05   3.2913E+00
   2.6100E-04   1.1747E+03   3.0315E+02   9.4380E+04   1.1568E-05   3.2912E+00
   2.7100E-04   1.1714E+03   3.0315E+02   9.4231E+04   1.1600E-05   3.2911E+00
   2.8100E-04   1.1682E+03   3.0315E+02   9.4084E+04   1.1632E-05   3.2910E+00
   2.9100E-04   1.1650E+03   3.0315E+02   9.3938E+04   1.1663E-05   3.2909E+00
   3.0100E-04   1.1618E+03   3.0315E+02   9.3792E+04   1.1695E-05   3.2908E+00
   3.1100E-04   1.1586E+03   3.0315E+02   9.3649E+04   1.1726E-05   3.2907E+00
   3.2100E-04   1.1555E+03   3.0315E+02   9.3506E+04   1.1758E-05   3.2906E+00
   3.3100E-04   1.1524E+03   3.0315E+02   9.3365E+04   1.1789E-05   3.2906E+00
   3.4100E-04   1.1493E+03   3.0315E+02   9.3224E+04   1.1821E-05   3.2905E+00
   3.5100E-04   1.1462E+03   3.0315E+02   9.3084E+04   1.1852E-05   3.2905E+00
   3.6100E-04   1.1432E+03   3.0315E+02   9.2945E+04   1.1884E-05   3.2904E+00
   3.7100E-04   1.1401E+03   3.0315E+02   9.2807E+04   1.1915E-05   3.2903E+00
   3.8100E-04   1.1371E+03   3.0315E+02   9.2670E+04   1.1946E-05   3.2903E+00
   3.9100E-04   1.1341E+03   3.0315E+02   9.2533E+04   1.1978E-05   3.2902E+00
   4.0100E-04   1.1312E+03   3.0315E+02   9.2399E+04   1.2009E-05   3.2902E+00
   4.1100E-04   1.1282E+03   3.0315E+02   9.2255E+04   1.2034E-05   3.2883E+00
   4.2100E-04   1.1256E+03   3.0315E+02   9.2135E+04   1.2067E-05   3.2896E+00
   4.3100E-04   1.1227E+03   3.0315E+02   9.2004E+04   1.2098E-05   3.2898E+00
   4.4100E-04   1.1198E+03   3.0315E+02   9.1873E+04   1.2129E-05   3.2898E+00
   4.5100E-04   1.1170E+03   3.0315E+02   9.1742E+04   1.2160E-05   3.2897E+00
   4.6100E-04   1.1141E+03   3.0315E+02   9.1611E+04   1.2191E-05   3.2896E+00
   4.7100E-04   1.1113E+03   3.0315E+02   9.1482E+04   1.2222E-05   3.2896E+00
   4.8100E-04   1.1085E+03   3.0315E+02   9.1354E+04   1.2253E-05   3.2895E+00
   4.9100E-04   1.1057E+03   3.0315E+02   9.1227E+04   1.2284E-05   3.2896E+00
   5.0100E-04   1.1029E+03   3.0315E+02   9.1101E+04   1.2315E-05   3.2897E+00
   5.1100E-04   1.1001E+03   3.0315E+02   9.0975E+04   1.2347E-05   3.2896E+00
   5.2100E-04   1.0973E+03   3.0315E+02   9.0849E+04   1.2378E-05   3.2896E+00
   5.3100E-04   1.0945E+03   3.0315E+02   9.0724E+04   1.2408E-05   3.2894E+00
   5.4100E-04   1.0918E+03   3.0315E+02   9.0600E+04   1.2439E-05   3.2892E+00
   5.5100E-04   1.0891E+03   3.0315E+02   9.0477E+04   1.2469E-05   3.2891E+00
   5.6100E-04   1.0864E+03   3.0315E+02   9.0355E+04   1.2500E-05   3.2890E+00
   5.7100E-04   1.0837E+03   3.0315E+02   9.0234E+04   1.2530E-05   3.2889E+00
   5.8100E-04   1.0811E+03   3.0315E+02   9.0113E+04   1.2560E-05   3.2888E+00
   5.9100E-04   1.0785E+03   3.0315E+02   8.9994E+04   1.2590E-05   3.2887E+00
   6.0100E-04   1.0759E+03   3.0315E+02   8.9876E+04   1.2620E-05   3.2887E+00
   6.1100E-04   1.0733E+03   3.0315E+02   8.9758E+04   1.2650E-05   3.2886E+00
   6.2100E-04   1.0708E+03   3.0315E+02   8.9642E+04   1.2680E-05   3.2885E+00
   6.3100E-04   1.0682E+03   3.0315E+02   8.9526E+04   1.2710E-05   3.2885E+00
   6.4100E-04   1.0657E+03   3.0315E+02   8.9410E+04   1.2740E-05   3.2884E+00
   6.5100E-04   1.0632E+03   3.0315E+02   8.9296E+04   1.2770E-05   3.2884E+00
   6.6100E-04   1.0607E+03   3.0315E+02   8.9182E+04   1.2800E-05   3.2883E+00
   6.7100E-04   1.0582E+03   3.0315E+02   8.9086E+04   1.2839E-05   3.2907E+00
   6.8100E-04   1.0553E+03   3.0315E+02   8.8956E+04   1.2866E-05   3.2886E+00
   6.9100E-04   1.0528E+03   3.0315E+02   8.8841E+04   1.2895E-05   3.2882E+00
   7.0100E-04   1.0504E+03   3.0315E+02   8.8729E+04   1.2925E-05   3.2881E+00
   7.1100E-04   1.0480E+03   3.0315E+02   8.8619E+04   1.2954E-05   3.2881E+00
   7.2100E-04   1.0455E+03   3.0315E+02   8.8508E+04   1.2984E-05   3.2880E+00
   7.3100E-04   1.0431E+03   3.0315E+02   8.8399E+04   1.3014E-05   3.2880E+00
   7.4100E-04   1.0408E+03   3.0315E+02   8.8290E+04   1.3043E-05   3.2879E+00
   7.5100E-04   1.0384E+03   3.0315E+02   8.8182E+04   1.3073E-05   3.2879E+00
   7.6100E-04   1.0360E+03   3.0315E+02   8.8074E+04   1.3102E-05   3.2878E+00
   7.7100E-04   1.0337E+03   3.0315E+02   8.7967E+04   1.3132E-05   3.2878E+00
   7.8100E-04   1.0314E+03   3.0315E+02   8.7861E+04   1.3161E-05   3.2877E+00
   7.9100E-04   1.0290E+03   3.0315E+02   8.7755E+04   1.3191E-05   3.2877E+00
   8.0100E-04   1.0267E+03   3.0315E+02   8.7649E+04   1.3220E-05   3.2876E+00
   8.1100E-04   1.0244E+03   3.0315E+02   8.7544E+04   1.3250E-05   3.2876E+00
   8.2100E-04   1.0222E+03   3.0315E+02   8.7440E+04   1.3279E-05   3.2875E+00
   8.3100E-04   1.0199E+03   3.0315E+02   8.7337E+04   1.3309E-05   3.2875E+00
   8.4100E-04   1.0176E+03   3.0315E+02   8.7234E+04   1.3338E-05   3.2875E+00
   8.5100E-04   1.0154E+03   3.0315E+02   8.7133E+04   1.3368E-05   3.2876E+00
   8.6100E-04   1.0131E+03   3.0315E+02   8.7031E+04   1.3398E-05   3.2876E+00
   8.7100E-04   1.0109E+03   3.0315E+02   8.6929E+04   1.3427E-05   3.2875E+00
   8.8100E-04   1.0086E+03   3.0315E+02   8.6829E+04   1.3457E-05   3.2875E+00
   8.9100E-04   1.0064E+03   3.0315E+02   8.6728E+04   1.3486E-05   3.2873E+00
   9.0100E-04   1.0042E+03   3.0315E+02   8.6628E+04   1.3515E-05   3.2872E+00
   9.1100E-04   1.0020E+03   3.0315E+02   8.6529E+04   1.3544E-05   3.2871E+00
   9.2100E-04   9.9985E+02   3.0315E+02   8.6431E+04   1.3573E-05   3.2871E+00
   9.3100E-04   9.9770E+02   3.0315E+02   8.6333E+04   1.3602E-05   3.2870E+00
   9.4100E-04   9.9557E+02   3.0315E+02   8.6236E+04   1.3631E-05   3.2869E+00
   9.5100E-04   9.9346E+02   3.0315E+02   8.6140E+04   1.3660E-05   3.2869E+00
   9.6100E-04   9.9135E+02   3.0315E+02   8.6044E+04   1.3689E-05   3.2868E+00
   9.7100E-04   9.8926E+02   3.0315E+02   8.5940E+04   1.3710E-05   3.2850E+00
   9.8100E-04   9.8744E+02   3.0315E+02   8.5857E+04   1.3742E-05   3.2865E+00
   9.9100E-04   9.8541E+02   3.0315E+02   8.5765E+04   1.3770E-05   3.2866E+00
   1.0010E-03   9.8336E+02   3.0315E+02   8.5671E+04   1.3799E-05   3.2866E+00
   1.1010E-03   9.8133E+02   3.0315E+02   8.5579E+04   1.4290E-05   3.3964E+00
   1.2010E-03   9.6333E+02   3.0315E+02   8.4760E+04   1.4599E-05   3.4063E+00
   1.3010E-03   9.4428E+02   3.0315E+02   8.3898E+04   1.4887E-05   3.4049E+00
   1.4010E-03   9.2581E+02   3.0315E+02   8.3060E+04   1.5166E-05   3.4008E+00
   1.5010E-03   9.0824E+02   3.0315E+02   8.2267E+04   1.5443E-05   3.3972E+00
   1.6010E-03   8.9148E+02   3.0315E+02   8.1504E+04   1.5709E-05   3.3919E+00
   1.7010E-03   8.7571E+02   3.0315E+02   8.0784E+04   1.5975E-05   3.3884E+00
   1.8010E-03   8.6066E+02   3.0315E+02   8.0098E+04   1.6241E-05   3.3856E+00
   1.9010E-03   8.4622E+02   3.0315E+02   7.9443E+04   1.6505E-05   3.3828E+00
   2.0010E-03   8.3237E+02   3.0315E+02   7.8814E+04   1.6764E-05   3.3797E+00
   2.1010E-03   8.1912E+02   3.0315E+02   7.8216E+04   1.7017E-05   3.3762E+00
   2.2010E-03   8.0651E+02   3.0315E+02   7.7643E+04   1.7272E-05   3.3740E+00
   2.3010E-03   7.9434E+02   3.0315E+02   7.7086E+04   1.7520E-05   3.3707E+00
   2.4010E-03   7.8275E+02   3.0315E+02   7.6557E+04   1.7768E-05   3.3685E+00
   2.5010E-03   7.7156E+02   3.0315E+02   7.6046E+04   1.8015E-05   3.3665E+00
   2.6010E-03   7.6077E+02   3.0315E+02   7.5555E+04   1.8259E-05   3.3644E+00
   2.7010E-03   7.5036E+02   3.0315E+02   7.5083E+04   1.8501E-05   3.3624E+00
   2.8010E-03   7.4031E+02   3.0315E+02   7.4627E+04   1.8740E-05   3.3602E+00
   2.9010E-03   7.3063E+02   3.0315E+02   7.4187E+04   1.8976E-05   3.3580E+00
   3.0010E-03   7.2132E+02   3.0315E+02   7.3763E+04   1.9211E-05   3.3562E+00
   3.1010E-03   7.1232E+02   3.0315E+02   7.3352E+04   1.9441E-05   3.3541E+00
   3.2010E-03   7.0365E+02   3.0315E+02   7.2955E+04   1.9671E-05   3.3525E+00
   3.3010E-03   6.9525E+02   3.0315E+02   7.2571E+04   1.9900E-05   3.3510E+00
   3.4010E-03   6.8711E+02   3.0315E+02   7.2199E+04   2.0127E-05   3.3496E+00
   3.5010E-03   6.7920E+02   3.0315E+02   7.1839E+04   2.0354E-05   3.3483E+00
   3.6010E-03   6.7151E+02   3.0315E+02   7.1487E+04   2.0577E-05   3.3467E+00
   3.7010E-03   6.6407E+02   3.0315E+02   7.1148E+04   2.0796E-05   3.3449E+00
   3.8010E-03   6.5689E+02   3.0315E+02   7.0823E+04   2.1018E-05   3.3441E+00
   3.9010E-03   6.4987E+02   3.0315E+02   7.0502E+04   2.1236E-05   3.3425E+00
   4.0010E-03   6.4307E+02   3.0315E+02   7.0191E+04   2.1450E-05   3.3410E+00
   4.1010E-03   6.3649E+02   3.0315E+02   6.9889E+04   2.1664E-05   3.3397E+00
   4.2010E-03   6.3010E+02   3.0315E+02   6.9596E+04   2.1877E-05   3.3388E+00
   4.3010E-03   6.2386E+02   3.0315E+02   6.9311E+04   2.2089E-05   3.3377E+00
   4.4010E-03   6.1778E+02   3.0315E+02   6.9033E+04   2.2298E-05   3.3364E+00
   4.5010E-03   6.1187E+02   3.0315E+02   6.8762E+04   2.2506E-05   3.3354E+00
   4.6010E-03   6.0612E+02   3.0315E+02   6.8499E+04   2.2713E-05   3.3344E+00
   4.7010E-03   6.0051E+02   3.0315E+02   6.8242E+04   2.2919E-05   3.3335E+00
   4.8010E-03   5.9503E+02   3.0315E+02   6.7991E+04   2.3123E-05   3.3324E+00
   4.9010E-03   5.8970E+02   3.0315E+02   6.7748E+04   2.3327E-05   3.3317E+00
   5.0010E-03   5.8447E+02   3.0315E+02   6.7508E+04   2.3527E-05   3.3305E+00
   5.1010E-03   5.7940E+02   3.0315E+02   6.7275E+04   2.3726E-05   3.3296E+00
   5.2010E-03   5.7445E+02   3.0315E+02   6.7048E+04   2.3925E-05   3.3288E+00
   5.3010E-03   5.6962E+02   3.0315E+02   6.6826E+04   2.4121E-05   3.3279E+00
   5.4010E-03   5.6490E+02   3.0315E+02   6.6609E+04   2.4317E-05   3.3271E+00
   5.5010E-03   5.6028E+02   3.0315E+02   6.6397E+04   2.4512E-05   3.3263E+00
   5.6010E-03   5.5577E+02   3.0315E+02   6.6190E+04   2.4706E-05   3.3256E+00
   5.7010E-03   5.5135E+02   3.0315E+02   6.5987E+04   2.4898E-05   3.3249E+00
   5.8010E-03   5.4703E+02   3.0315E+02   6.5788E+04   2.5089E-05   3.3241E+00
   5.9010E-03   5.4280E+02   3.0315E+02   6.5593E+04   2.5280E-05   3.3235E+00
   6.0010E-03   5.3865E+02   3.0315E+02   6.5402E+04   2.5468E-05   3.3226E+00
   6.1010E-03   5.3461E+02   3.0315E+02   6.5216E+04   2.5656E-05   3.3221E+00
   6.2010E-03   5.3065E+02   3.0315E+02   6.5034E+04   2.5842E-05   3.3213E+00
   6.3010E-03   5.2677E+02   3.0315E+02   6.4855E+04   2.6028E-05   3.3208E+00
   6.4010E-03   5.2296E+02   3.0315E+02   6.4679E+04   2.6212E-05   3.3202E+00
   6.5010E-03   5.1923E+02   3.0315E+02   6.4507E+04   2.6397E-05   3.3196E+00
   6.6010E-03   5.1556E+02   3.0315E+02   6.4338E+04   2.6579E-05   3.3190E+00
   6.7010E-03   5.1198E+02   3.0315E+02   6.4173E+04   2.6760E-05   3.3184E+00
   6.8010E-03   5.0846E+02   3.0315E+02   6.4010E+04   2.6940E-05   3.3178E+00
   6.9010E-03   5.0501E+02   3.0315E+02   6.3851E+04   2.7120E-05   3.3172E+00
   7.0010E-03   5.0163E+02   3.0315E+02   6.3695E+04   2.7297E-05   3.3166E+00
   7.1010E-03   4.9832E+02   3.0315E+02   6.3543E+04   2.7475E-05   3.3161E+00
   7.2010E-03   4.9507E+02   3.0315E+02   6.3394E+04   2.7655E-05   3.3160E+00
   7.3010E-03   4.9184E+02   3.0315E+02   6.3245E+04   2.7829E-05   3.3151E+00
   7.4010E-03   4.8870E+02   3.0315E+02   6.3097E+04   2.8002E-05   3.3145E+00
   7.5010E-03   4.8563E+02   3.0315E+02   6.2955E+04   2.8175E-05   3.3141E+00
   7.6010E-03   4.8261E+02   3.0315E+02   6.2815E+04   2.8348E-05   3.3136E+00
   7.7010E-03   4.7964E+02   3.0315E+02   6.2677E+04   2.8520E-05   3.3132E+00
   7.8010E-03   4.7672E+02   3.0315E+02   6.2542E+04   2.8691E-05   3.3128E+00
   7.9010E-03   4.7384E+02   3.0315E+02   6.2409E+04   2.8861E-05   3.3123E+00
   8.0010E-03   4.7102E+02   3.0315E+02   6.2278E+04   2.9031E-05   3.3119E+00
   8.1010E-03   4.6824E+02   3.0315E+02   6.2149E+04   2.9199E-05   3.3114E+00
   8.2010E-03   4.6551E+02   3.0315E+02   6.2023E+04   2.9367E-05   3.3111E+00
   8.3010E-03   4.6282E+02   3.0315E+02   6.1898E+04   2.9533E-05   3.3106E+00
   8.4010E-03   4.6018E+02   3.0315E+02   6.1775E+04   2.9700E-05   3.3103E+00
   8.5010E-03   4.5757E+02   3.0315E+02   6.1653E+04   2.9866E-05   3.3099E+00
   8.6010E-03   4.5501E+02   3.0315E+02   6.1535E+04   3.0031E-05   3.3096E+00
   8.7010E-03   4.5249E+02   3.0315E+02   6.1417E+04   3.0194E-05   3.3091E+00
   8.8010E-03   4.5001E+02   3.0315E+02   6.1302E+04   3.0357E-05   3.3087E+00
   8.9010E-03   4.4757E+02   3.0315E+02   6.1189E+04   3.0519E-05   3.3083E+00
   9.0010E-03   4.4517E+02   3.0315E+02   6.1077E+04   3.0680E-05   3.3080E+00
   9.1010E-03   4.4280E+02   3.0315E+02   6.0967E+04   3.0841E-05   3.3077E+00
   9.2010E-03   4.4047E+02   3.0315E+02   6.0859E+04   3.1000E-05   3.3073E+00
   9.3010E-03   4.3818E+02   3.0315E+02   6.0752E+04   3.1159E-05   3.3069E+00
   9.4010E-03   4.3592E+02   3.0315E+02   6.0647E+04   3.1318E-05   3.3066E+00
   9.5010E-03   4.3370E+02   3.0315E+02   6.0543E+04   3.1476E-05   3.3063E+00
   9.6010E-03   4.3150E+02   3.0315E+02   6.0441E+04   3.1632E-05   3.3060E+00
   9.7010E-03   4.2934E+02   3.0315E+02   6.0340E+04   3.1789E-05   3.3057E+00
   9.8010E-03   4.2721E+02   3.0315E+02   6.0240E+04   3.1945E-05   3.3054E+00
   9.9010E-03   4.2510E+02   3.0315E+02   6.0142E+04   3.2100E-05   3.3052E+00
   1.0001E-02   4.2303E+02   3.0315E+02   6.0045E+04   3.2255E-05   3.3049E+00
   1.1001E-02   4.2098E+02   3.0315E+02   5.9949E+04   3.5130E-05   3.5820E+00
   1.2001E-02   4.0241E+02   3.0315E+02   5.9077E+04   3.6693E-05   3.5763E+00
   1.3001E-02   3.8496E+02   3.0315E+02   5.8255E+04   3.8084E-05   3.5510E+00
   1.4001E-02   3.6958E+02   3.0315E+02   5.7528E+04   3.9430E-05   3.5296E+00
   1.5001E-02   3.5589E+02   3.0315E+02   5.6878E+04   4.0737E-05   3.5115E+00
   1.6001E-02   3.4359E+02   3.0315E+02   5.6288E+04   4.1978E-05   3.4935E+00
   1.7001E-02   3.3257E+02   3.0315E+02   5.5757E+04   4.3179E-05   3.4782E+00
   1.8001E-02   3.2261E+02   3.0315E+02   5.5274E+04   4.4362E-05   3.4664E+00
   1.9001E-02   3.1348E+02   3.0315E+02   5.4830E+04   4.5503E-05   3.4550E+00
   2.0001E-02   3.0511E+02   3.0315E+02   5.4422E+04   4.6613E-05   3.4447E+00
   2.1001E-02   2.9740E+02   3.0315E+02   5.4041E+04   4.7697E-05   3.4358E+00
   2.2001E-02   2.9027E+02   3.0315E+02   5.3687E+04   4.8754E-05   3.4277E+00
   2.3001E-02   2.8364E+02   3.0315E+02   5.3357E+04   4.9765E-05   3.4189E+00
   2.4001E-02   2.7752E+02   3.0315E+02   5.3047E+04   5.0754E-05   3.4116E+00
   2.5001E-02   2.7182E+02   3.0315E+02   5.2759E+04   5.1735E-05   3.4062E+00
   2.6001E-02   2.6645E+02   3.0315E+02   5.2485E+04   5.2687E-05   3.4004E+00
   2.7001E-02   2.6141E+02   3.0315E+02   5.2227E+04   5.3601E-05   3.3939E+00
   2.8001E-02   2.5671E+02   3.0315E+02   5.1986E+04   5.4517E-05   3.3899E+00
   2.9001E-02   2.5225E+02   3.0315E+02   5.1754E+04   5.5408E-05   3.3853E+00
   3.0001E-02   2.4803E+02   3.0315E+02   5.1533E+04   5.6269E-05   3.3804E+00
   3.1001E-02   2.4405E+02   3.0315E+02   5.1323E+04   5.7119E-05   3.3765E+00
   3.2001E-02   2.4028E+02   3.0315E+02   5.1124E+04   5.7945E-05   3.3724E+00
   3.3001E-02   2.3671E+02   3.0315E+02   5.0934E+04   5.8747E-05   3.3683E+00
   3.4001E-02   2.3334E+02   3.0315E+02   5.0752E+04   5.9545E-05   3.3654E+00
   3.5001E-02   2.3011E+02   3.0315E+02   5.0576E+04   6.0326E-05   3.3624E+00
   3.6001E-02   2.2703E+02   3.0315E+02   5.0409E+04   6.1084E-05   3.3591E+00
   3.7001E-02   2.2410E+02   3.0315E+02   5.0248E+04   6.1828E-05   3.3561E+00
   3.8001E-02   2.2131E+02   3.0315E+02   5.0094E+04   6.2561E-05   3.3536E+00
   3.9001E-02   2.1863E+02   3.0315E+02   4.9945E+04   6.3282E-05   3.3512E+00
   4.0001E-02   2.1606E+02   3.0315E+02   4.9801E+04   6.3977E-05   3.3482E+00
   4.1001E-02   2.1362E+02   3.0315E+02   4.9663E+04   6.4674E-05   3.3464E+00
   4.2001E-02   2.1126E+02   3.0315E+02   4.9529E+04   6.5351E-05   3.3442E+00
   4.3001E-02   2.0900E+02   3.0315E+02   4.9401E+04   6.6018E-05   3.3421E+00
   4.4001E-02   2.0683E+02   3.0315E+02   4.9276E+04   6.6664E-05   3.3397E+00
   4.5001E-02   2.0475E+02   3.0315E+02   4.9156E+04   6.7306E-05   3.3380E+00
   4.6001E-02   2.0274E+02   3.0315E+02   4.9039E+04   6.7930E-05   3.3360E+00
   4.7001E-02   2.0082E+02   3.0315E+02   4.8926E+04   6.8548E-05   3.3344E+00
   4.8001E-02   1.9896E+02   3.0315E+02   4.8816E+04   6.9153E-05   3.3327E+00
   4.9001E-02   1.9717E+02   3.0315E+02   4.8709E+04   6.9746E-05   3.3310E+00
   5.0001E-02   1.9545E+02   3.0315E+02   4.8606E+04   7.0327E-05   3.3294E+00
   5.1001E-02   1.9378E+02   3.0315E+02   4.8507E+04   7.0903E-05   3.3281E+00
   5.2001E-02   1.9217E+02   3.0315E+02   4.8409E+04   7.1464E-05   3.3265E+00
   5.3001E-02   1.9062E+02   3.0315E+02   4.8315E+04   7.2018E-05   3.3252E+00
   5.4001E-02   1.8911E+02   3.0315E+02   4.8223E+04   7.2560E-05   3.3238E+00
   5.5001E-02   1.8766E+02   3.0315E+02   4.8134E+04   7.3098E-05   3.3227E+00
   5.6001E-02   1.8625E+02   3.0315E+02   4.8046E+04   7.3623E-05   3.3214E+00
   5.7001E-02   1.8488E+02   3.0315E+02   4.7962E+04   7.4139E-05   3.3202E+00
   5.8001E-02   1.8356E+02   3.0315E+02   4.7879E+04   7.4646E-05   3.3190E+00
   5.9001E-02   1.8228E+02   3.0315E+02   4.7799E+04   7.5143E-05   3.3179E+00
   6.0001E-02   1.8105E+02   3.0315E+02   4.7721E+04   7.5637E-05   3.3170E+00
   6.1001E-02   1.7984E+02   3.0315E+02   4.7644E+04   7.6118E-05   3.3159E+00
   6.2001E-02   1.7867E+02   3.0315E+02   4.7570E+04   7.6590E-05   3.3148E+00
   6.3001E-02   1.7754E+02   3.0315E+02   4.7497E+04   7.7061E-05   3.3140E+00
   6.4001E-02   1.7644E+02   3.0315E+02   4.7425E+04   7.7517E-05   3.3129E+00
   6.5001E-02   1.7537E+02   3.0315E+02   4.7356E+04   7.7972E-05   3.3122E+00
   6.6001E-02   1.7433E+02   3.0315E+02   4.7287E+04   7.8414E-05   3.3112E+00
   6.7001E-02   1.7332E+02   3.0315E+02   4.7221E+04   7.8850E-05   3.3103E+00
   6.8001E-02   1.7233E+02   3.0315E+02   4.7156E+04   7.9278E-05   3.3095E+00
   6.9001E-02   1.7138E+02   3.0315E+02   4.7092E+04   7.9699E-05   3.3086E+00
   7.0001E-02   1.7045E+02   3.0315E+02   4.7030E+04   8.0111E-05   3.3077E+00
   7.1001E-02   1.6956E+02   3.0315E+02   4.6970E+04   8.0520E-05   3.3071E+00
   7.2001E-02   1.6868E+02   3.0315E+02   4.6910E+04   8.0919E-05   3.3063E+00
   7.3001E-02   1.6782E+02   3.0315E+02   4.6852E+04   8.1317E-05   3.3058E+00
   7.4001E-02   1.6699E+02   3.0315E+02   4.6796E+04   8.1702E-05   3.3049E+00
   7.5001E-02   1.6618E+02   3.0315E+02   4.6741E+04   8.2084E-05   3.3043E+00
   7.6001E-02   1.6539E+02   3.0315E+02   4.6686E+04   8.2459E-05   3.3036E+00
   7.7001E-02   1.6462E+02   3.0315E+02   4.6633E+04   8.2830E-05   3.3031E+00
   7.8001E-02   1.6387E+02   3.0315E+02   4.6581E+04   8.3194E-05   3.3024E+00
   7.9001E-02   1.6314E+02   3.0315E+02   4.6530E+04   8.3551E-05   3.3018E+00
   8.0001E-02   1.6242E+02   3.0315E+02   4.6480E+04   8.3902E-05   3.3012E+00
   8.1001E-02   1.6173E+02   3.0315E+02   4.6431E+04   8.4250E-05   3.3007E+00
   8.2001E-02   1.6105E+02   3.0315E+02   4.6383E+04   8.4590E-05   3.3000E+00
   8.3001E-02   1.6039E+02   3.0315E+02   4.6336E+04   8.4926E-05   3.2995E+00
   8.4001E-02   1.5974E+02   3.0315E+02   4.6290E+04   8.5257E-05   3.2990E+00
   8.5001E-02   1.5911E+02   3.0315E+02   4.6245E+04   8.5580E-05   3.2984E+00
   8.6001E-02   1.5849E+02   3.0315E+02   4.6201E+04   8.5899E-05   3.2979E+00
   8.7001E-02   1.5789E+02   3.0315E+02   4.6157E+04   8.6214E-05   3.2975E+00
   8.8001E-02   1.5730E+02   3.0315E+02   4.6115E+04   8.6521E-05   3.2969E+00
   8.9001E-02   1.5673E+02   3.0315E+02   4.6073E+04   8.6826E-05   3.2965E+00
   9.0001E-02   1.5617E+02   3.0315E+02   4.6033E+04   8.7123E-05   3.2959E+00
   9.1001E-02   1.5562E+02   3.0315E+02   4.5993E+04   8.7416E-05   3.2955E+00
   9.2001E-02   1.5509E+02   3.0315E+02   4.5954E+04   8.7706E-05   3.2951E+00
   9.3001E-02   1.5457E+02   3.0315E+02   4.5915E+04   8.7991E-05   3.2947E+00
   9.4001E-02   1.5406E+02   3.0315E+02   4.5878E+04   8.8272E-05   3.2943E+00
   9.5001E-02   1.5356E+02   3.0315E+02   4.5841E+04   8.8548E-05   3.2939E+00
   9.6001E-02   1.5307E+02   3.0315E+02   4.5804E+04   8.8819E-05   3.2934E+00
   9.7001E-02   1.5259E+02   3.0315E+02   4.5769E+04   8.9087E-05   3.2931E+00
   9.8001E-02   1.5213E+02   3.0315E+02   4.5734E+04   8.9350E-05   3.2927E+00
   9.9001E-02   1.5167E+02   3.0315E+02   4.5699E+04   8.9609E-05   3.2923E+00
   1.0000E-01   1.5122E+02   3.0315E+02   4.5666E+04   8.9864E-05   3.2920E+00
   1.1000E-01   1.5078E+02   3.0315E+02   4.5632E+04   9.4577E-05   3.4547E+00
   1.2000E-01   1.4676E+02   3.0315E+02   4.5322E+04   9.6380E-05   3.4268E+00
   1.3000E-01   1.4343E+02   3.0315E+02   4.5059E+04   9.7829E-05   3.3994E+00
   1.4000E-01   1.4074E+02   3.0315E+02   4.4839E+04   9.9041E-05   3.3770E+00
   1.5000E-01   1.3856E+02   3.0315E+02   4.4657E+04   1.0005E-04   3.3584E+00
   1.6000E-01   1.3678E+02   3.0315E+02   4.4507E+04   1.0090E-04   3.3438E+00
   1.7000E-01   1.3533E+02   3.0315E+02   4.4382E+04   1.0162E-04   3.3318E+00
   1.8000E-01   1.3412E+02   3.0315E+02   4.4278E+04   1.0223E-04   3.3222E+00
   1.9000E-01   1.3313E+02   3.0315E+02   4.4189E+04   1.0273E-04   3.3136E+00
   2.0000E-01   1.3231E+02   3.0315E+02   4.4117E+04   1.0315E-04   3.3068E+00
   2.1000E-01   1.3163E+02   3.0315E+02   4.4056E+04   1.0352E-04   3.3016E+00
   2.2000E-01   1.3106E+02   3.0315E+02   4.4004E+04   1.0381E-04   3.2967E+00
   2.3000E-01   1.3058E+02   3.0315E+02   4.3962E+04   1.0406E-04   3.2928E+00
   2.4000E-01   1.3019E+02   3.0315E+02   4.3926E+04   1.0428E-04   3.2896E+00
   2.5000E-01   1.2986E+02   3.0315E+02   4.3895E+04   1.0445E-04   3.2867E+00
   2.6000E-01   1.2959E+02   3.0315E+02   4.3870E+04   1.0460E-04   3.2846E+00
   2.7000E-01   1.2936E+02   3.0315E+02   4.3849E+04   1.0472E-04   3.2826E+00
   2.8000E-01   1.2917E+02   3.0315E+02   4.3831E+04   1.0482E-04   3.2810E+00
   2.9000E-01   1.2901E+02   3.0315E+02   4.3817E+04   1.0490E-04   3.2798E+00
   3.0000E-01   1.2887E+02   3.0315E+02   4.3804E+04   1.0497E-04   3.2786E+00
   3.1000E-01   1.2876E+02   3.0315E+02   4.3794E+04   1.0504E-04   3.2778E+00
   3.2000E-01   1.2867E+02   3.0315E+02   4.3785E+04   1.0509E-04   3.2770E+00
   3.3000E-01   1.2867E+02   3.0315E+02   4.3785E+04   1.0520E-04   3.2805E+00
   3.4000E-01   1.2852E+02   3.0315E+02   4.3770E+04   1.0517E-04   3.2760E+00
   3.5000E-01   1.2852E+02   3.0315E+02   4.3770E+04   1.0525E-04   3.2785E+00
   3.6000E-01   1.2841E+02   3.0315E+02   4.3760E+04   1.0522E-04   3.2750E+00
   3.7000E-01   1.2841E+02   3.0315E+02   4.3760E+04   1.0528E-04   3.2766E+00
   3.8000E-01   1.2841E+02   3.0315E+02   4.3760E+04   1.0532E-04   3.2782E+00
   3.9000E-01   1.2841E+02   3.0315E+02   4.3760E+04   1.0537E-04   3.2797E+00
   4.0000E-01   1.2828E+02   3.0315E+02   4.3746E+04   1.0530E-04   3.2741E+00
   4.1000E-01   1.2828E+02   3.0315E+02   4.3746E+04   1.0532E-04   3.2748E+00
   4.2000E-01   1.2828E+02   3.0315E+02   4.3746E+04   1.0534E-04   3.2755E+00
   4.3000E-01   1.2828E+02   3.0315E+02   4.3746E+04   1.0536E-04   3.2762E+00
   4.4000E-01   1.2828E+02   3.0315E+02   4.3746E+04   1.0538E-04   3.2768E+00
   4.5000E-01   1.2828E+02   3.0315E+02   4.3746E+04   1.0539E-04   3.2774E+00
   4.6000E-01   1.2828E+02   3.0315E+02   4.3746E+04   1.0541E-04   3.2780E+00
   4.7000E-01   1.2828E+02   3.0315E+02   4.3746E+04   1.0543E-04   3.2786E+00
   4.8000E-01   1.2817E+02   3.0315E+02   4.3746E+04   1.0535E-04   3.2735E+00
   4.9000E-01   1.2816E+02   3.0315E+02   4.3733E+04   1.0537E-04   3.2737E+00
   5.0000E-01   1.2816E+02   3.0315E+02   4.3733E+04   1.0536E-04   3.2736E+00
   5.1000E-01   1.2816E+02   3.0315E+02   4.3733E+04   1.0535E-04   3.2735E+00
   5.2000E-01   1.2816E+02   3.0315E+02   4.3733E+04   1.0535E-04   3.2734E+00
   5.3000E-01   1.2816E+02   3.0315E+02   4.3733E+04   1.0535E-04   3.2734E+00
   5.4000E-01   1.2816E+02   3.0315E+02   4.3733E+04   1.0534E-04   3.2734E+00
   5.5000E-01   1.2816E+02   3.0315E+02   4.3733E+04   1.0534E-04   3.2734E+00
   5.6000E-01   1.2816E+02   3.0315E+02   4.3733E+04   1.0534E-04   3.2734E+00
   5.7000E-01   1.2815E+02   3.0315E+02   4.3733E+04   1.0533E-04   3.2730E+00
   5.8000E-01   1.2815E+02   3.0315E+02   4.3733E+04   1.0533E-04   3.2730E+00
   5.9000E-01   1.2816E+02   3.0315E+02   4.3733E+04   1.0534E-04   3.2736E+00
   6.0000E-01   1.2814E+02   3.0315E+02   4.3733E+04   1.0533E-04   3.2731E+00
   6.1000E-01   1.2816E+02   3.0315E+02   4.3733E+04   1.0534E-04   3.2739E+00
   6.2000E-01   1.2814E+02   3.0315E+02   4.3733E+04   1.0533E-04   3.2731E+00
   6.3000E-01   1.2816E+02   3.0315E+02   4.3733E+04   1.0535E-04   3.2742E+00
   6.4000E-01   1.2813E+02   3.0315E+02   4.3733E+04   1.0533E-04   3.2731E+00
   6.5000E-01   1.2813E+02   3.0315E+02   4.3733E+04   1.0534E-04   3.2731E+00
   6.6000E-01   1.2816E+02   3.0315E+02   4.3733E+04   1.0536E-04   3.2747E+00
   6.7000E-01   1.2812E+02   3.0315E+02   4.3733E+04   1.0534E-04   3.2732E+00
   6.8000E-01   1.2816E+02   3.0315E+02   4.3733E+04   1.0537E-04   3.2752E+00
   6.9000E-01   1.2811E+02   3.0315E+02   4.3733E+04   1.0534E-04   3.2732E+00
   7.0000E-01   1.2811E+02   3.0315E+02   4.3733E+04   1.0534E-04   3.2732E+00
   7.1000E-01   1.2816E+02   3.0315E+02   4.3733E+04   1.0539E-04   3.2759E+00
   7.2000E-01   1.2810E+02   3.0315E+02   4.3733E+04   1.0535E-04   3.2732E+00
   7.3000E-01   1.2816E+02   3.0315E+02   4.3733E+04   1.0540E-04   3.2765E+00
   7.4000E-01   1.2809E+02   3.0315E+02   4.3733E+04   1.0536E-04   3.2732E+00
   7.5000E-01   1.2816E+02   3.0315E+02   4.3733E+04   1.0542E-04   3.2771E+00
   7.6000E-01   1.2808E+02   3.0315E+02   4.3733E+04   1.0536E-04   3.2733E+00
   7.7000E-01   1.2807E+02   3.0315E+02   4.3733E+04   1.0537E-04   3.2733E+00
   7.8000E-01   1.2816E+02   3.0315E+02   4.3733E+04   1.0545E-04   3.2781E+00
   7.9000E-01   1.2806E+02   3.0315E+02   4.3733E+04   1.0537E-04   3.2733E+00
   8.0000E-01   1.2816E+02   3.0315E+02   4.3733E+04   1.0546E-04   3.2788E+00
   8.1000E-01   1.2804E+02   3.0315E+02   4.3733E+04   1.0538E-04   3.2733E+00
   8.2000E-01   1.2804E+02   3.0315E+02   4.3733E+04   1.0538E-04   3.2733E+00
   8.3000E-01   1.2804E+02   3.0315E+02   4.3714E+04   1.0541E-04   3.2741E+00
   8.4000E-01   1.2804E+02   3.0315E+02   4.3714E+04   1.0539E-04   3.2737E+00
   8.5000E-01   1.2804E+02   3.0315E+02   4.3714E+04   1.0538E-04   3.2733E+00
   8.6000E-01   1.2804E+02   3.0315E+02   4.3714E+04   1.0537E-04   3.2730E+00
   8.7000E-01   1.2804E+02   3.0315E+02   4.3714E+04   1.0536E-04   3.2728E+00
   8.8000E-01   1.2804E+02   3.0315E+02   4.3714E+04   1.0535E-04   3.2726E+00
   8.9000E-01   1.2804E+02   3.0315E+02   4.3713E+04   1.0536E-04   3.2730E+00
   9.0000E-01   1.2804E+02   3.0315E+02   4.3713E+04   1.0535E-04   3.2729E+00
   9.1000E-01   1.2804E+02   3.0315E+02   4.3713E+04   1.0534E-04   3.2728E+00
   9.2000E-01   1.2804E+02   3.0315E+02   4.3713E+04   1.0534E-04   3.2728E+00
   9.3000E-01   1.2804E+02   3.0315E+02   4.3713E+04   1.0534E-04   3.2728E+00
   9.4000E-01   1.2804E+02   3.0315E+02   4.3713E+04   1.0534E-04   3.2728E+00
   9.5000E-01   1.2805E+02   3.0315E+02   4.3713E+04   1.0534E-04   3.2730E+00
   9.6000E-01   1.2804E+02   3.0315E+02   4.3713E+04   1.0534E-04   3.2730E+00
   9.7000E-01   1.2804E+02   3.0315E+02   4.3713E+04   1.0534E-04   3.2731E+00
   9.8000E-01   1.2804E+02   3.0315E+02   4.3713E+04   1.0535E-04   3.2733E+00
   9.9000E-01   1.2804E+02   3.0315E+02   4.3713E+04   1.0534E-04   3.2731E+00
   1.0000E+00   1.2804E+02   3.0315E+02   4.3714E+04   1.0534E-04   3.2732E+00
   1.1000E+00   1.2804E+02   3.0315E+02   4.3714E+04   1.0544E-04   3.2767E+00
   1.2000E+00   1.2804E+02   3.0315E+02   4.3705E+04   1.0557E-04   3.2813E+00
   1.3000E+00   1.2787E+02   3.0315E+02   4.3688E+04   1.0538E-04   3.2718E+00
   1.4000E+00   1.2787E+02   3.0315E+02   4.3688E+04   1.0545E-04   3.2746E+00
   1.5000E+00   1.2787E+02   3.0315E+02   4.3688E+04   1.0560E-04   3.2799E+00
   1.6000E+00   1.2774E+02   3.0315E+02   4.3667E+04   1.0553E-04   3.2749E+00
   1.7000E+00   1.2774E+02   3.0315E+02   4.3667E+04   1.0564E-04   3.2789E+00
   1.8000E+00   1.2762E+02   3.0315E+02   4.3650E+04   1.0562E-04   3.2758E+00
   1.9000E+00   1.2762E+02   3.0315E+02   4.3650E+04   1.0576E-04   3.2808E+00
   2.0000E+00   1.2747E+02   3.0315E+02   4.3629E+04   1.0574E-04   3.2766E+00
   2.1000E+00   1.2740E+02   3.0315E+02   4.3621E+04   1.0574E-04   3.2755E+00
   2.2000E+00   1.2740E+02   3.0315E+02   4.3621E+04   1.0592E-04   3.2817E+00
   2.3000E+00   1.2723E+02   3.0315E+02   4.3598E+04   1.0588E-04   3.2766E+00
   2.4000E+00   1.2723E+02   3.0315E+02   4.3598E+04   1.0605E-04   3.2825E+00
   2.5000E+00   1.2704E+02   3.0315E+02   4.3575E+04   1.0598E-04   3.2761E+00
   2.6000E+00   1.2698E+02   3.0315E+02   4.3567E+04   1.0606E-04   3.2775E+00
   2.7000E+00   1.2698E+02   3.0315E+02   4.3567E+04   1.0632E-04   3.2860E+00
   2.8000E+00   1.2673E+02   3.0315E+02   4.3535E+04   1.0620E-04   3.2764E+00
   2.9000E+00   1.2673E+02   3.0315E+02   4.3535E+04   1.0639E-04   3.2827E+00
   3.0000E+00   1.2654E+02   3.0315E+02   4.3511E+04   1.0640E-04   3.2786E+00
   3.1000E+00   1.2643E+02   3.0315E+02   4.3499E+04   1.0641E-04   3.2769E+00
   3.2000E+00   1.2636E+02   3.0315E+02   4.3489E+04   1.0654E-04   3.2792E+00
   3.3000E+00   1.2624E+02   3.0315E+02   4.3473E+04   1.0666E-04   3.2803E+00
   3.4000E+00   1.2609E+02   3.0315E+02   4.3457E+04   1.0670E-04   3.2784E+00
   3.5000E+00   1.2599E+02   3.0315E+02   4.3444E+04   1.0680E-04   3.2794E+00
   3.6000E+00   1.2586E+02   3.0315E+02   4.3429E+04   1.0690E-04   3.2797E+00
   3.7000E+00   1.2574E+02   3.0315E+02   4.3414E+04   1.0699E-04   3.2795E+00
   3.8000E+00   1.2561E+02   3.0315E+02   4.3398E+04   1.0710E-04   3.2804E+00
   3.9000E+00   1.2547E+02   3.0315E+02   4.3382E+04   1.0719E-04   3.2798E+00
   4.0000E+00   1.2534E+02   3.0315E+02   4.3365E+04   1.0731E-04   3.2807E+00
   4.1000E+00   1.2519E+02   3.0315E+02   4.3348E+04   1.0741E-04   3.2803E+00
   4.2000E+00   1.2505E+02   3.0315E+02   4.3331E+04   1.0754E-04   3.2811E+00
   4.3000E+00   1.2489E+02   3.0315E+02   4.3313E+04   1.0763E-04   3.2803E+00
   4.4000E+00   1.2475E+02   3.0315E+02   4.3296E+04   1.0777E-04   3.2814E+00
   4.5000E+00   1.2459E+02   3.0315E+02   4.3278E+04   1.0785E-04   3.2804E+00
   4.6000E+00   1.2445E+02   3.0315E+02   4.3261E+04   1.0800E-04   3.2815E+00
   4.7000E+00   1.2429E+02   3.0315E+02   4.3242E+04   1.0810E-04   3.2810E+00
   4.8000E+00   1.2414E+02   3.0315E+02   4.3223E+04   1.0827E-04   3.2824E+00
   4.9000E+00   1.2396E+02   3.0315E+02   4.3203E+04   1.0837E-04   3.2813E+00
   5.0000E+00   1.2380E+02   3.0315E+02   4.3184E+04   1.0849E-04   3.2812E+00
   5.1000E+00   1.2364E+02   3.0315E+02   4.3166E+04   1.0864E-04   3.2823E+00
   5.2000E+00   1.2347E+02   3.0315E+02   4.3144E+04   1.0877E-04   3.2820E+00
   5.3000E+00   1.2330E+02   3.0315E+02   4.3125E+04   1.0889E-04   3.2817E+00
   5.4000E+00   1.2313E+02   3.0315E+02   4.3105E+04   1.0905E-04   3.2826E+00
   5.5000E+00   1.2295E+02   3.0315E+02   4.3084E+04   1.0918E-04   3.2821E+00
   5.6000E+00   1.2278E+02   3.0315E+02   4.3064E+04   1.0933E-04   3.2827E+00
   5.7000E+00   1.2260E+02   3.0315E+02   4.3043E+04   1.0948E-04   3.2827E+00
   5.8000E+00   1.2242E+02   3.0315E+02   4.3020E+04   1.0968E-04   3.2842E+00
   5.9000E+00   1.2221E+02   3.0315E+02   4.2997E+04   1.0977E-04   3.2817E+00
   6.0000E+00   1.2204E+02   3.0315E+02   4.2977E+04   1.0995E-04   3.2833E+00
   6.1000E+00   1.2185E+02   3.0315E+02   4.2955E+04   1.1010E-04   3.2832E+00
   6.2000E+00   1.2166E+02   3.0315E+02   4.2932E+04   1.1027E-04   3.2835E+00
   6.3000E+00   1.2147E+02   3.0315E+02   4.2908E+04   1.1043E-04   3.2836E+00
   6.4000E+00   1.2127E+02   3.0315E+02   4.2885E+04   1.1061E-04   3.2842E+00
   6.5000E+00   1.2106E+02   3.0315E+02   4.2861E+04   1.1077E-04   3.2837E+00
   6.6000E+00   1.2086E+02   3.0315E+02   4.2838E+04   1.1092E-04   3.2835E+00
   6.7000E+00   1.2067E+02   3.0315E+02   4.2814E+04   1.1111E-04   3.2842E+00
   6.8000E+00   1.2046E+02   3.0315E+02   4.2788E+04   1.1130E-04   3.2847E+00
   6.9000E+00   1.2025E+02   3.0315E+02   4.2763E+04   1.1147E-04   3.2842E+00
   7.0000E+00   1.2004E+02   3.0315E+02   4.2739E+04   1.1163E-04   3.2840E+00
   7.1000E+00   1.1984E+02   3.0315E+02   4.2714E+04   1.1183E-04   3.2846E+00
   7.2000E+00   1.1963E+02   3.0315E+02   4.2689E+04   1.1201E-04   3.2847E+00
   7.3000E+00   1.1941E+02   3.0315E+02   4.2664E+04   1.1221E-04   3.2851E+00
   7.4000E+00   1.1919E+02   3.0315E+02   4.2638E+04   1.1238E-04   3.2844E+00
   7.5000E+00   1.1898E+02   3.0315E+02   4.2611E+04   1.1263E-04   3.2866E+00
   7.6000E+00   1.1874E+02   3.0315E+02   4.2582E+04   1.1277E-04   3.2844E+00
   7.7000E+00   1.1853E+02   3.0315E+02   4.2558E+04   1.1295E-04   3.2845E+00
   7.8000E+00   1.1832E+02   3.0315E+02   4.2532E+04   1.1317E-04   3.2853E+00
   7.9000E+00   1.1810E+02   3.0315E+02   4.2504E+04   1.1339E-04   3.2863E+00
   8.0000E+00   1.1786E+02   3.0315E+02   4.2476E+04   1.1356E-04   3.2849E+00
   8.1000E+00   1.1764E+02   3.0315E+02   4.2450E+04   1.1378E-04   3.2859E+00
   8.2000E+00   1.1741E+02   3.0315E+02   4.2421E+04   1.1404E-04   3.2872E+00
   8.3000E+00   1.1716E+02   3.0315E+02   4.2392E+04   1.1417E-04   3.2844E+00
   8.4000E+00   1.1695E+02   3.0315E+02   4.2365E+04   1.1445E-04   3.2873E+00
   8.5000E+00   1.1670E+02   3.0315E+02   4.2335E+04   1.1460E-04   3.2849E+00
   8.6000E+00   1.1649E+02   3.0315E+02   4.2308E+04   1.1487E-04   3.2871E+00
   8.7000E+00   1.1623E+02   3.0315E+02   4.2277E+04   1.1512E-04   3.2875E+00
   8.8000E+00   1.1598E+02   3.0315E+02   4.2246E+04   1.1527E-04   3.2849E+00
   8.9000E+00   1.1577E+02   3.0315E+02   4.2218E+04   1.1558E-04   3.2882E+00
   9.0000E+00   1.1550E+02   3.0315E+02   4.2186E+04   1.1573E-04   3.2855E+00
   9.1000E+00   1.1528E+02   3.0315E+02   4.2158E+04   1.1600E-04   3.2872E+00
   9.2000E+00   1.1503E+02   3.0315E+02   4.2127E+04   1.1620E-04   3.2865E+00
   9.3000E+00   1.1479E+02   3.0315E+02   4.2098E+04   1.1644E-04   3.2870E+00
   9.4000E+00   1.1454E+02   3.0315E+02   4.2067E+04   1.1669E-04   3.2875E+00
   9.5000E+00   1.1429E+02   3.0315E+02   4.2035E+04   1.1692E-04   3.2869E+00
   9.6000E+00   1.1405E+02   3.0315E+02   4.2005E+04   1.1716E-04   3.2874E+00
   9.7000E+00   1.1380E+02   3.0315E+02   4.1973E+04   1.1742E-04   3.2879E+00
   9.8000E+00   1.1354E+02   3.0315E+02   4.1941E+04   1.1765E-04   3.2873E+00
   9.9000E+00   1.1329E+02   3.0315E+02   4.1908E+04   1.1795E-04   3.2889E+00
   1.0000E+01   1.1302E+02   3.0315E+02   4.1873E+04   1.1815E-04   3.2870E+00
   1.0100E+01   1.1277E+02   3.0315E+02   4.1842E+04   1.1844E-04   3.2885E+00
   1.0200E+01   1.1251E+02   3.0315E+02   4.1809E+04   1.1865E-04   3.2869E+00
   1.0300E+01   1.1227E+02   3.0315E+02   4.1777E+04   1.1895E-04   3.2887E+00
   1.0400E+01   1.1200E+02   3.0315E+02   4.1743E+04   1.1919E-04   3.2880E+00
   1.0500E+01   1.1174E+02   3.0315E+02   4.1710E+04   1.1945E-04   3.2882E+00
   1.0600E+01   1.1148E+02   3.0315E+02   4.1676E+04   1.1972E-04   3.2882E+00
   1.0700E+01   1.1122E+02   3.0315E+02   4.1643E+04   1.1997E-04   3.2881E+00
   1.0800E+01   1.1097E+02   3.0315E+02   4.1609E+04   1.2026E-04   3.2888E+00
   1.0900E+01   1.1070E+02   3.0315E+02   4.1575E+04   1.2051E-04   3.2881E+00
   1.1000E+01   1.1044E+02   3.0315E+02   4.1540E+04   1.2083E-04   3.2897E+00
   1.1100E+01   1.1016E+02   3.0315E+02   4.1504E+04   1.2106E-04   3.2881E+00
   1.1200E+01   1.0991E+02   3.0315E+02   4.1470E+04   1.2134E-04   3.2885E+00
   1.1300E+01   1.0965E+02   3.0315E+02   4.1435E+04   1.2167E-04   3.2902E+00
   1.1400E+01   1.0936E+02   3.0315E+02   4.1397E+04   1.2193E-04   3.2891E+00
   1.1500E+01   1.0909E+02   3.0315E+02   4.1362E+04   1.2218E-04   3.2883E+00
   1.1600E+01   1.0884E+02   3.0315E+02   4.1328E+04   1.2250E-04   3.2895E+00
   1.1700E+01   1.0856E+02   3.0315E+02   4.1292E+04   1.2275E-04   3.2885E+00
   1.1800E+01   1.0830E+02   3.0315E+02   4.1257E+04   1.2305E-04   3.2893E+00
   1.1900E+01   1.0804E+02   3.0315E+02   4.1220E+04   1.2339E-04   3.2906E+00
   1.2000E+01   1.0775E+02   3.0315E+02   4.1181E+04   1.2364E-04   3.2888E+00
   1.2100E+01   1.0749E+02   3.0315E+02   4.1146E+04   1.2395E-04   3.2896E+00
   1.2200E+01   1.0721E+02   3.0315E+02   4.1109E+04   1.2424E-04   3.2895E+00
   1.2300E+01   1.0694E+02   3.0315E+02   4.1072E+04   1.2458E-04   3.2906E+00
   1.2400E+01   1.0666E+02   3.0315E+02   4.1033E+04   1.2485E-04   3.2893E+00
   1.2500E+01   1.0639E+02   3.0315E+02   4.0997E+04   1.2513E-04   3.2891E+00
   1.2600E+01   1.0613E+02   3.0315E+02   4.0960E+04   1.2550E-04   3.2911E+00
   1.2700E+01   1.0584E+02   3.0315E+02   4.0919E+04   1.2576E-04   3.2892E+00
   1.2800E+01   1.0557E+02   3.0315E+02   4.0883E+04   1.2609E-04   3.2901E+00
   1.2900E+01   1.0530E+02   3.0315E+02   4.0845E+04   1.2639E-04   3.2900E+00
   1.3000E+01   1.0503E+02   3.0315E+02   4.0807E+04   1.2669E-04   3.2898E+00
   1.3100E+01   1.0476E+02   3.0315E+02   4.0768E+04   1.2703E-04   3.2905E+00
   1.3200E+01   1.0448E+02   3.0315E+02   4.0729E+04   1.2734E-04   3.2903E+00
   1.3300E+01   1.0420E+02   3.0315E+02   4.0690E+04   1.2768E-04   3.2907E+00
   1.3400E+01   1.0392E+02   3.0315E+02   4.0650E+04   1.2797E-04   3.2898E+00
   1.3500E+01   1.0365E+02   3.0315E+02   4.0612E+04   1.2829E-04   3.2901E+00
   1.3600E+01   1.0338E+02   3.0315E+02   4.0573E+04   1.2866E-04   3.2913E+00
   1.3700E+01   1.0310E+02   3.0315E+02   4.0532E+04   1.2895E-04   3.2901E+00
   1.3800E+01   1.0283E+02   3.0315E+02   4.0493E+04   1.2927E-04   3.2902E+00
   1.3900E+01   1.0256E+02   3.0315E+02   4.0453E+04   1.2963E-04   3.2912E+00
   1.4000E+01   1.0227E+02   3.0315E+02   4.0412E+04   1.2994E-04   3.2903E+00
   1.4100E+01   1.0200E+02   3.0315E+02   4.0372E+04   1.3030E-04   3.2911E+00
   1.4200E+01   1.0172E+02   3.0315E+02   4.0331E+04   1.3062E-04   3.2907E+00
   1.4300E+01   1.0145E+02   3.0315E+02   4.0290E+04   1.3098E-04   3.2912E+00
   1.4400E+01   1.0117E+02   3.0315E+02   4.0249E+04   1.3129E-04   3.2904E+00
   1.4500E+01   1.0090E+02   3.0315E+02   4.0209E+04   1.3164E-04   3.2908E+00
   1.4600E+01   1.0062E+02   3.0315E+02   4.0168E+04   1.3199E-04   3.2911E+00
   1.4700E+01   1.0035E+02   3.0315E+02   4.0126E+04   1.3232E-04   3.2907E+00
   1.4800E+01   1.0007E+02   3.0315E+02   4.0086E+04   1.3267E-04   3.2909E+00
   1.4900E+01   9.9801E+01   3.0315E+02   4.0044E+04   1.3301E-04   3.2907E+00
   1.5000E+01   9.9531E+01   3.0315E+02   4.0003E+04   1.3336E-04   3.2909E+00
   1.5100E+01   9.9260E+01   3.0315E+02   3.9961E+04   1.3378E-04   3.2927E+00
   1.5200E+01   9.8962E+01   3.0315E+02   3.9917E+04   1.3404E-04   3.2896E+00
   1.5300E+01   9.8711E+01   3.0315E+02   3.9878E+04   1.3441E-04   3.2909E+00
   1.5400E+01   9.8442E+01   3.0315E+02   3.9836E+04   1.3478E-04   3.2913E+00
   1.5500E+01   9.8168E+01   3.0315E+02   3.9794E+04   1.3511E-04   3.2908E+00
   1.5600E+01   9.7901E+01   3.0315E+02   3.9752E+04   1.3549E-04   3.2913E+00
   1.5700E+01   9.7628E+01   3.0315E+02   3.9709E+04   1.3585E-04   3.2915E+00
   1.5800E+01   9.7352E+01   3.0315E+02   3.9666E+04   1.3619E-04   3.2908E+00
   1.5900E+01   9.7088E+01   3.0315E+02   3.9625E+04   1.3655E-04   3.2910E+00
   1.6000E+01   9.6821E+01   3.0315E+02   3.9583E+04   1.3692E-04   3.2913E+00
   1.6100E+01   9.6551E+01   3.0315E+02   3.9540E+04   1.3726E-04   3.2907E+00
   1.6200E+01   9.6290E+01   3.0315E+02   3.9498E+04   1.3763E-04   3.2912E+00
   1.6300E+01   9.6023E+01   3.0315E+02   3.9455E+04   1.3800E-04   3.2913E+00
   1.6400E+01   9.5755E+01   3.0315E+02   3.9412E+04   1.3836E-04   3.2910E+00
   1.6500E+01   9.5491E+01   3.0315E+02   3.9369E+04   1.3877E-04   3.2921E+00
   1.6600E+01   9.5213E+01   3.0315E+02   3.9325E+04   1.3908E-04   3.2904E+00
   1.6700E+01   9.4961E+01   3.0315E+02   3.9283E+04   1.3950E-04   3.2920E+00
   1.6800E+01   9.4686E+01   3.0315E+02   3.9239E+04   1.3985E-04   3.2912E+00
   1.6900E+01   9.4424E+01   3.0315E+02   3.9196E+04   1.4019E-04   3.2905E+00
   1.7000E+01   9.4172E+01   3.0315E+02   3.9154E+04   1.4060E-04   3.2917E+00
   1.7100E+01   9.3904E+01   3.0315E+02   3.9110E+04   1.4094E-04   3.2908E+00
