11441.55343557776
701.947965401596
6373.448257389877
570.5349323826025
5406.171127775818
8548.151801089653
8848.799743758247
13017.401192394462
11075.851597499588
16050.27486996966
16409.88700678039
14292.670698318705
8080.702998175504
399.627595942047
16643.430084272346
10823.246211347636
550.5454410170709
933.7126976611376
8593.105928516215
1069.5433483622296
14226.54255813615
3849.640155140168
4708.205492102477
12304.971600611689
657.7890713424521
8741.156484730625
2985.9743336913525
4579.260959799606
8145.6654885107055
24769.06161229725
7681.621898297923
586.6928102200156
596.2416716255779
354.679711313783
10800.97907758905
8768.329699381404
13011.149372721693
7866.696762100955
656.4729132057167
391.08652314024744
15872.474230502925
603.7257361479012
12188.033010780848
11369.569745707142
7104.063409196812
8170.954651295675
13099.989899335373
10097.29094841571
6621.34723813155
12687.369993217708
12087.334730692859
5373.861132522317
13797.406902705681
603.3743630117755
2948.325634067258
17773.44893054201
6128.513674514634
18744.106284169204
2668.4764800656835
9152.81178474495
17685.706032277503
2096.590887851878
9383.209896410426
1125.9715213458828
6640.704787048253
14590.530714736271
7811.715058264417
9892.700369039123
608.8281716896148
9667.942911226572
9800.701211350992
19190.465609331648
8095.131411008095
6044.223507485518
13131.349085346965
17379.17531128786
9249.67529920498
8797.157255836828
15710.528939773028
16165.73465178918
11610.150280477159
10774.747493049463
819.9576303409519
16458.922352132213
2489.8027494472
18686.785794987125
654.5186349018583
12148.939425447246
591.0254691479715
5707.79527095821
4439.088359903117
16206.203257283914
8339.576253496773
438.83978626193766
8195.098637403831
232188.3088887756
6977.299643667855
18921.403808033894
14713.90283288529
15087.9277955571
5195.9552902777
3141.338531423789
572.2193418637315
7106.891149334086
3343.2072284938235
747.7112423456787
350.1099464261971
9857.310688606613
570.9545091394333
7965.489395628434
19191.36190116763
10653.221112222995
11613.115850754337
11420.813482484475
7087.940559478035
362.38492803047427
20517.89430817239
5027.56422220509
20501.730222446156
285.8904789441146
444.09292685661103
447.59957230436123
10648.03586884068
6912.588211642087
11218.875163774599
520.7729597505185
10150.290179471553
11416.316856097488
555.2079416397905
8177.374263458195
12488.241100890365
152468.19834178433
7853.965402340384
5077.524025076243
4126.1806655550745
7694.060405107054
16072.190674139623
816.0553979628153
12626.284784828069
10025.150328307082
12781.392799253776
18234.718683654664
11962.730540602994
431.78724474048175
1491.740935637291
18704.53038026316
8376.544833800443
18403.273310916473
11358.55367757028
11916.073128142189
7886.016544356823
11623.583873596783
14948.48673354697
633.2824385642974
7151.6489087784075
7757.0718394437645
435.7630496694663
5782.007026639765
10081.23363906602
11846.363204729449
4456.889740259512
19705.86893072957
352.67800015305244
6329.183065614128
4098.887699983366
7996.947782092973
7982.272281192258
11440.121601847983
13188.397476419606
2243550.0838019988
8795.425511318508
11417.59196043657
590.5350198204508
8179.817742426785
14889.69406381648
611.0219827101433
4406.874091648131
11178.216195865278
5797.262606747532
10280.743640512457
13082.246078939992
392.4262772789392
14164.16119668462
7669.132931237606
24462.971444794788
552.4175264300075
11480.523010890707
5995.295305614171
11526.543251607729
11833.873676882711
8444.988003237002
18807.24645411085
11172.831131716188
15026.02462815072
7566.676448756176
6559.541770734313
1256.8058162511975
10153.925651934303
17803.93784009778
9726.253906247755
6025.678036307037
4433.28291060316
11176.259329071543
20285.879851145517
5693.417081686522
7150.371449887593
7591.547865475772
771.206786245976
8179.675252631663
523.2466037099252
9370.015916908284
7556.624915083138
6356.965376933811
21013.452490956675
9380.97721788062
10811.37475542333
11692.235076211891
11993.571934540025
9252.865697113037
17250.842509254286
13428.659930327838
623.0973199115001
5932.803333972516
6932.562125166764
14157.643711240145
726392409.2187243
13996.694440409874
14305.099217370263
5642.157676770445
1924.488207381049
13240.852392195742
772.8584474250432
811.7821567096505
11279.30103280284
8176.465146846291
6074.839650595442
8747.241306436403
28370.516939864898
9364.57693668916
7067.108066675799
8155.860097207995
9358.849072359677
8841.042171820138
17421.771092820614
9014.946545873134
11664.818302820366
9466.41835834427
24245.24704110902
524.3677348450525
10946.180751878193
22318.94628072595
7920.978297322739
18043.70094223924
524.0638708184094
14156.949399142837
542.9598837248436
