       Time_s           01           02           03           04           05
   0.0000E+00   1.8738E+02   3.4015E+02   0.0000E+00   0.0000E+00   0.0000E+00
   1.0000E-06   1.8738E+02   3.4015E+02   4.8117E+04   2.1340E-06   8.6314E-02
   2.0000E-06   1.3251E+03   3.4015E+02   1.0125E+05   1.1063E-05   3.1644E+00
   3.0000E-06   1.5478E+03   3.4015E+02   1.1147E+05   1.2311E-05   4.1130E+00
   4.0000E-06   1.5857E+03   3.4015E+02   1.1323E+05   1.2513E-05   4.2830E+00
   5.0000E-06   1.5919E+03   3.4015E+02   1.1352E+05   1.2547E-05   4.3116E+00
   6.0000E-06   1.5919E+03   3.4015E+02   1.1352E+05   1.2547E-05   4.3116E+00
   7.0000E-06   1.5919E+03   3.4015E+02   1.1352E+05   1.2547E-05   4.3116E+00
   8.0000E-06   1.5919E+03   3.4015E+02   1.1352E+05   1.2547E-05   4.3116E+00
   9.0000E-06   1.5919E+03   3.4015E+02   1.1352E+05   1.2547E-05   4.3116E+00
   1.0000E-05   1.5919E+03   3.4015E+02   1.1352E+05   1.2547E-05   4.3116E+00
   1.1000E-05   1.5919E+03   3.4015E+02   1.1352E+05   1.2547E-05   4.3116E+00
   1.2000E-05   1.5919E+03   3.4015E+02   1.1352E+05   1.2547E-05   4.3116E+00
   1.3000E-05   1.5919E+03   3.4015E+02   1.1352E+05   1.2547E-05   4.3116E+00
   1.4000E-05   1.5919E+03   3.4015E+02   1.1352E+05   1.2547E-05   4.3116E+00
   1.5000E-05   1.5929E+03   3.4015E+02   1.1352E+05   1.2555E-05   4.3169E+00
   1.6000E-05   1.5919E+03   3.4015E+02   1.1352E+05   1.2547E-05   4.3116E+00
   1.7000E-05   1.5929E+03   3.4015E+02   1.1352E+05   1.2555E-05   4.3169E+00
   1.8000E-05   1.5919E+03   3.4015E+02   1.1352E+05   1.2547E-05   4.3116E+00
   1.9000E-05   1.5929E+03   3.4015E+02   1.1352E+05   1.2555E-05   4.3169E+00
   2.0000E-05   1.5919E+03   3.4015E+02   1.1352E+05   1.2547E-05   4.3116E+00
   2.1000E-05   1.5919E+03   3.4015E+02   1.1352E+05   1.2547E-05   4.3116E+00
   2.2000E-05   1.5929E+03   3.4015E+02   1.1352E+05   1.2555E-05   4.3169E+00
   2.3000E-05   1.5919E+03   3.4015E+02   1.1352E+05   1.2547E-05   4.3116E+00
   2.4000E-05   1.5929E+03   3.4015E+02   1.1352E+05   1.2555E-05   4.3169E+00
   2.5000E-05   1.5919E+03   3.4015E+02   1.1352E+05   1.2547E-05   4.3116E+00
   2.6000E-05   1.5929E+03   3.4015E+02   1.1352E+05   1.2555E-05   4.3169E+00
   2.7000E-05   1.5919E+03   3.4015E+02   1.1352E+05   1.2547E-05   4.3116E+00
   2.8000E-05   1.5919E+03   3.4015E+02   1.1352E+05   1.2547E-05   4.3116E+00
   2.9000E-05   1.5929E+03   3.4015E+02   1.1352E+05   1.2555E-05   4.3169E+00
   3.0000E-05   1.5919E+03   3.4015E+02   1.1352E+05   1.2547E-05   4.3116E+00
   3.1000E-05   1.5929E+03   3.4015E+02   1.1352E+05   1.2555E-05   4.3169E+00
   3.2000E-05   1.5919E+03   3.4015E+02   1.1352E+05   1.2547E-05   4.3116E+00
   3.3000E-05   1.5929E+03   3.4015E+02   1.1352E+05   1.2555E-05   4.3169E+00
   3.4000E-05   1.5919E+03   3.4015E+02   1.1352E+05   1.2547E-05   4.3116E+00
   3.5000E-05   1.5929E+03   3.4015E+02   1.1352E+05   1.2555E-05   4.3169E+00
   3.6000E-05   1.5919E+03   3.4015E+02   1.1352E+05   1.2547E-05   4.3116E+00
   3.7000E-05   1.5919E+03   3.4015E+02   1.1352E+05   1.2547E-05   4.3116E+00
   3.8000E-05   1.5929E+03   3.4015E+02   1.1352E+05   1.2555E-05   4.3169E+00
   3.9000E-05   1.5919E+03   3.4015E+02   1.1352E+05   1.2547E-05   4.3116E+00
   4.0000E-05   1.5929E+03   3.4015E+02   1.1352E+05   1.2555E-05   4.3169E+00
   4.1000E-05   1.5919E+03   3.4015E+02   1.1352E+05   1.2547E-05   4.3116E+00
   4.2000E-05   1.5929E+03   3.4015E+02   1.1352E+05   1.2555E-05   4.3169E+00
   4.3000E-05   1.5919E+03   3.4015E+02   1.1352E+05   1.2547E-05   4.3116E+00
   4.4000E-05   1.5929E+03   3.4015E+02   1.1352E+05   1.2555E-05   4.3169E+00
   4.5000E-05   1.5919E+03   3.4015E+02   1.1352E+05   1.2547E-05   4.3116E+00
   4.6000E-05   1.5919E+03   3.4015E+02   1.1352E+05   1.2547E-05   4.3116E+00
   4.7000E-05   1.5929E+03   3.4015E+02   1.1352E+05   1.2555E-05   4.3169E+00
   4.8000E-05   1.5919E+03   3.4015E+02   1.1352E+05   1.2547E-05   4.3116E+00
   4.9000E-05   1.5929E+03   3.4015E+02   1.1352E+05   1.2555E-05   4.3169E+00
   5.0000E-05   1.5919E+03   3.4015E+02   1.1352E+05   1.2547E-05   4.3116E+00
   5.1000E-05   1.5929E+03   3.4015E+02   1.1352E+05   1.2555E-05   4.3169E+00
   5.2000E-05   1.5929E+03   3.4015E+02   1.1352E+05   1.2555E-05   4.3169E+00
   5.3000E-05   1.5919E+03   3.4015E+02   1.1352E+05   1.2547E-05   4.3116E+00
   5.4000E-05   1.5929E+03   3.4015E+02   1.1352E+05   1.2555E-05   4.3169E+00
   5.5000E-05   1.5919E+03   3.4015E+02   1.1352E+05   1.2547E-05   4.3116E+00
   5.6000E-05   1.5929E+03   3.4015E+02   1.1352E+05   1.2555E-05   4.3169E+00
   5.7000E-05   1.5929E+03   3.4015E+02   1.1352E+05   1.2555E-05   4.3169E+00
   5.8000E-05   1.5919E+03   3.4015E+02   1.1352E+05   1.2547E-05   4.3116E+00
   5.9000E-05   1.5929E+03   3.4015E+02   1.1352E+05   1.2555E-05   4.3169E+00
   6.0000E-05   1.5929E+03   3.4015E+02   1.1352E+05   1.2555E-05   4.3169E+00
   6.1000E-05   1.5919E+03   3.4015E+02   1.1352E+05   1.2547E-05   4.3116E+00
   6.2000E-05   1.5929E+03   3.4015E+02   1.1352E+05   1.2555E-05   4.3169E+00
   6.3000E-05   1.5919E+03   3.4015E+02   1.1352E+05   1.2547E-05   4.3116E+00
   6.4000E-05   1.5929E+03   3.4015E+02   1.1352E+05   1.2555E-05   4.3169E+00
   6.5000E-05   1.5929E+03   3.4015E+02   1.1352E+05   1.2555E-05   4.3169E+00
   6.6000E-05   1.5919E+03   3.4015E+02   1.1352E+05   1.2547E-05   4.3116E+00
   6.7000E-05   1.5929E+03   3.4015E+02   1.1352E+05   1.2555E-05   4.3169E+00
   6.8000E-05   1.5929E+03   3.4015E+02   1.1352E+05   1.2555E-05   4.3169E+00
   6.9000E-05   1.5919E+03   3.4015E+02   1.1352E+05   1.2547E-05   4.3116E+00
   7.0000E-05   1.5929E+03   3.4015E+02   1.1352E+05   1.2555E-05   4.3169E+00
   7.1000E-05   1.5919E+03   3.4015E+02   1.1352E+05   1.2547E-05   4.3116E+00
   7.2000E-05   1.5929E+03   3.4015E+02   1.1352E+05   1.2555E-05   4.3169E+00
   7.3000E-05   1.5929E+03   3.4015E+02   1.1352E+05   1.2555E-05   4.3169E+00
   7.4000E-05   1.5919E+03   3.4015E+02   1.1352E+05   1.2547E-05   4.3116E+00
   7.5000E-05   1.5929E+03   3.4015E+02   1.1352E+05   1.2555E-05   4.3169E+00
   7.6000E-05   1.5929E+03   3.4015E+02   1.1352E+05   1.2555E-05   4.3169E+00
   7.7000E-05   1.5919E+03   3.4015E+02   1.1352E+05   1.2547E-05   4.3116E+00
   7.8000E-05   1.5929E+03   3.4015E+02   1.1352E+05   1.2555E-05   4.3169E+00
   7.9000E-05   1.5929E+03   3.4015E+02   1.1352E+05   1.2555E-05   4.3169E+00
   8.0000E-05   1.5929E+03   3.4015E+02   1.1352E+05   1.2555E-05   4.3169E+00
   8.1000E-05   1.5919E+03   3.4015E+02   1.1352E+05   1.2547E-05   4.3116E+00
   8.2000E-05   1.5929E+03   3.4015E+02   1.1352E+05   1.2555E-05   4.3169E+00
   8.3000E-05   1.5929E+03   3.4015E+02   1.1352E+05   1.2555E-05   4.3169E+00
   8.4000E-05   1.5929E+03   3.4015E+02   1.1352E+05   1.2555E-05   4.3169E+00
   8.5000E-05   1.5919E+03   3.4015E+02   1.1352E+05   1.2547E-05   4.3116E+00
   8.6000E-05   1.5929E+03   3.4015E+02   1.1352E+05   1.2555E-05   4.3169E+00
   8.7000E-05   1.5929E+03   3.4015E+02   1.1352E+05   1.2555E-05   4.3169E+00
   8.8000E-05   1.5929E+03   3.4015E+02   1.1352E+05   1.2555E-05   4.3169E+00
   8.9000E-05   1.5919E+03   3.4015E+02   1.1352E+05   1.2547E-05   4.3116E+00
   9.0000E-05   1.5929E+03   3.4015E+02   1.1352E+05   1.2555E-05   4.3169E+00
   9.1000E-05   1.5929E+03   3.4015E+02   1.1352E+05   1.2555E-05   4.3169E+00
   9.2000E-05   1.5929E+03   3.4015E+02   1.1352E+05   1.2555E-05   4.3169E+00
   9.3000E-05   1.5919E+03   3.4015E+02   1.1352E+05   1.2547E-05   4.3116E+00
   9.4000E-05   1.5929E+03   3.4015E+02   1.1352E+05   1.2555E-05   4.3169E+00
   9.5000E-05   1.5929E+03   3.4015E+02   1.1352E+05   1.2555E-05   4.3169E+00
   9.6000E-05   1.5929E+03   3.4015E+02   1.1352E+05   1.2555E-05   4.3169E+00
   9.7000E-05   1.5919E+03   3.4015E+02   1.1352E+05   1.2547E-05   4.3116E+00
   9.8000E-05   1.5929E+03   3.4015E+02   1.1352E+05   1.2555E-05   4.3169E+00
   9.9000E-05   1.5929E+03   3.4015E+02   1.1352E+05   1.2555E-05   4.3169E+00
   1.0000E-04   1.5929E+03   3.4015E+02   1.1352E+05   1.2555E-05   4.3169E+00
   1.0100E-04   1.5919E+03   3.4015E+02   1.1352E+05   1.2547E-05   4.3116E+00
   1.1100E-04   1.5919E+03   3.4015E+02   1.1352E+05   1.2547E-05   4.3116E+00
   1.2100E-04   1.5919E+03   3.4015E+02   1.1352E+05   1.2547E-05   4.3116E+00
   1.3100E-04   1.5919E+03   3.4015E+02   1.1352E+05   1.2547E-05   4.3116E+00
   1.4100E-04   1.5919E+03   3.4015E+02   1.1352E+05   1.2547E-05   4.3116E+00
   1.5100E-04   1.5919E+03   3.4015E+02   1.1352E+05   1.2547E-05   4.3116E+00
   1.6100E-04   1.5919E+03   3.4015E+02   1.1352E+05   1.2547E-05   4.3116E+00
   1.7100E-04   1.5919E+03   3.4015E+02   1.1352E+05   1.2547E-05   4.3116E+00
   1.8100E-04   1.5919E+03   3.4015E+02   1.1352E+05   1.2547E-05   4.3116E+00
   1.9100E-04   1.5919E+03   3.4015E+02   1.1352E+05   1.2547E-05   4.3116E+00
   2.0100E-04   1.5919E+03   3.4015E+02   1.1352E+05   1.2547E-05   4.3116E+00
   2.1100E-04   1.5919E+03   3.4015E+02   1.1352E+05   1.2547E-05   4.3116E+00
   2.2100E-04   1.5919E+03   3.4015E+02   1.1352E+05   1.2547E-05   4.3116E+00
   2.3100E-04   1.5919E+03   3.4015E+02   1.1352E+05   1.2547E-05   4.3116E+00
   2.4100E-04   1.5919E+03   3.4015E+02   1.1352E+05   1.2547E-05   4.3116E+00
   2.5100E-04   1.5919E+03   3.4015E+02   1.1352E+05   1.2547E-05   4.3116E+00
   2.6100E-04   1.5919E+03   3.4015E+02   1.1352E+05   1.2547E-05   4.3116E+00
   2.7100E-04   1.5919E+03   3.4015E+02   1.1352E+05   1.2547E-05   4.3116E+00
   2.8100E-04   1.5919E+03   3.4015E+02   1.1352E+05   1.2547E-05   4.3116E+00
   2.9100E-04   1.5919E+03   3.4015E+02   1.1352E+05   1.2547E-05   4.3116E+00
   3.0100E-04   1.5919E+03   3.4015E+02   1.1352E+05   1.2547E-05   4.3116E+00
   3.1100E-04   1.5919E+03   3.4015E+02   1.1352E+05   1.2547E-05   4.3116E+00
   3.2100E-04   1.5919E+03   3.4015E+02   1.1352E+05   1.2547E-05   4.3116E+00
   3.3100E-04   1.5919E+03   3.4015E+02   1.1352E+05   1.2547E-05   4.3116E+00
   3.4100E-04   1.5919E+03   3.4015E+02   1.1352E+05   1.2547E-05   4.3116E+00
   3.5100E-04   1.5919E+03   3.4015E+02   1.1352E+05   1.2547E-05   4.3117E+00
   3.6100E-04   1.5919E+03   3.4015E+02   1.1352E+05   1.2547E-05   4.3117E+00
   3.7100E-04   1.5919E+03   3.4015E+02   1.1352E+05   1.2547E-05   4.3117E+00
   3.8100E-04   1.5919E+03   3.4015E+02   1.1352E+05   1.2547E-05   4.3117E+00
   3.9100E-04   1.5919E+03   3.4015E+02   1.1352E+05   1.2547E-05   4.3117E+00
   4.0100E-04   1.5919E+03   3.4015E+02   1.1352E+05   1.2547E-05   4.3117E+00
   4.1100E-04   1.5919E+03   3.4015E+02   1.1352E+05   1.2547E-05   4.3117E+00
   4.2100E-04   1.5919E+03   3.4015E+02   1.1352E+05   1.2547E-05   4.3117E+00
   4.3100E-04   1.5929E+03   3.4015E+02   1.1352E+05   1.2555E-05   4.3169E+00
   4.4100E-04   1.5919E+03   3.4015E+02   1.1352E+05   1.2547E-05   4.3117E+00
   4.5100E-04   1.5919E+03   3.4015E+02   1.1352E+05   1.2547E-05   4.3117E+00
   4.6100E-04   1.5929E+03   3.4015E+02   1.1352E+05   1.2555E-05   4.3169E+00
   4.7100E-04   1.5919E+03   3.4015E+02   1.1352E+05   1.2547E-05   4.3117E+00
   4.8100E-04   1.5919E+03   3.4015E+02   1.1352E+05   1.2547E-05   4.3117E+00
   4.9100E-04   1.5929E+03   3.4015E+02   1.1352E+05   1.2555E-05   4.3169E+00
   5.0100E-04   1.5919E+03   3.4015E+02   1.1352E+05   1.2547E-05   4.3117E+00
   5.1100E-04   1.5919E+03   3.4015E+02   1.1352E+05   1.2547E-05   4.3117E+00
   5.2100E-04   1.5929E+03   3.4015E+02   1.1352E+05   1.2555E-05   4.3169E+00
   5.3100E-04   1.5919E+03   3.4015E+02   1.1352E+05   1.2547E-05   4.3117E+00
   5.4100E-04   1.5919E+03   3.4015E+02   1.1352E+05   1.2547E-05   4.3117E+00
   5.5100E-04   1.5919E+03   3.4015E+02   1.1352E+05   1.2547E-05   4.3117E+00
   5.6100E-04   1.5929E+03   3.4015E+02   1.1352E+05   1.2555E-05   4.3169E+00
   5.7100E-04   1.5919E+03   3.4015E+02   1.1352E+05   1.2547E-05   4.3117E+00
   5.8100E-04   1.5919E+03   3.4015E+02   1.1352E+05   1.2547E-05   4.3117E+00
   5.9100E-04   1.5929E+03   3.4015E+02   1.1352E+05   1.2555E-05   4.3169E+00
   6.0100E-04   1.5919E+03   3.4015E+02   1.1352E+05   1.2547E-05   4.3117E+00
   6.1100E-04   1.5929E+03   3.4015E+02   1.1352E+05   1.2555E-05   4.3169E+00
   6.2100E-04   1.5919E+03   3.4015E+02   1.1352E+05   1.2547E-05   4.3117E+00
   6.3100E-04   1.5929E+03   3.4015E+02   1.1352E+05   1.2555E-05   4.3169E+00
   6.4100E-04   1.5919E+03   3.4015E+02   1.1352E+05   1.2547E-05   4.3117E+00
   6.5100E-04   1.5929E+03   3.4015E+02   1.1352E+05   1.2555E-05   4.3169E+00
   6.6100E-04   1.5919E+03   3.4015E+02   1.1352E+05   1.2547E-05   4.3117E+00
   6.7100E-04   1.5929E+03   3.4015E+02   1.1352E+05   1.2555E-05   4.3169E+00
   6.8100E-04   1.5929E+03   3.4015E+02   1.1352E+05   1.2555E-05   4.3169E+00
   6.9100E-04   1.5919E+03   3.4015E+02   1.1352E+05   1.2547E-05   4.3117E+00
   7.0100E-04   1.5929E+03   3.4015E+02   1.1352E+05   1.2555E-05   4.3169E+00
   7.1100E-04   1.5919E+03   3.4015E+02   1.1352E+05   1.2547E-05   4.3117E+00
   7.2100E-04   1.5929E+03   3.4015E+02   1.1352E+05   1.2555E-05   4.3169E+00
   7.3100E-04   1.5919E+03   3.4015E+02   1.1352E+05   1.2547E-05   4.3117E+00
   7.4100E-04   1.5929E+03   3.4015E+02   1.1352E+05   1.2555E-05   4.3169E+00
   7.5100E-04   1.5919E+03   3.4015E+02   1.1352E+05   1.2547E-05   4.3117E+00
   7.6100E-04   1.5929E+03   3.4015E+02   1.1352E+05   1.2555E-05   4.3169E+00
   7.7100E-04   1.5919E+03   3.4015E+02   1.1352E+05   1.2547E-05   4.3117E+00
   7.8100E-04   1.5929E+03   3.4015E+02   1.1352E+05   1.2555E-05   4.3169E+00
   7.9100E-04   1.5929E+03   3.4015E+02   1.1352E+05   1.2555E-05   4.3169E+00
   8.0100E-04   1.5919E+03   3.4015E+02   1.1352E+05   1.2547E-05   4.3117E+00
   8.1100E-04   1.5929E+03   3.4015E+02   1.1352E+05   1.2555E-05   4.3169E+00
   8.2100E-04   1.5919E+03   3.4015E+02   1.1352E+05   1.2547E-05   4.3117E+00
   8.3100E-04   1.5929E+03   3.4015E+02   1.1352E+05   1.2555E-05   4.3169E+00
   8.4100E-04   1.5919E+03   3.4015E+02   1.1352E+05   1.2547E-05   4.3117E+00
   8.5100E-04   1.5929E+03   3.4015E+02   1.1352E+05   1.2555E-05   4.3169E+00
   8.6100E-04   1.5919E+03   3.4015E+02   1.1352E+05   1.2547E-05   4.3117E+00
   8.7100E-04   1.5929E+03   3.4015E+02   1.1352E+05   1.2555E-05   4.3169E+00
   8.8100E-04   1.5919E+03   3.4015E+02   1.1352E+05   1.2547E-05   4.3117E+00
   8.9100E-04   1.5929E+03   3.4015E+02   1.1352E+05   1.2555E-05   4.3169E+00
   9.0100E-04   1.5929E+03   3.4015E+02   1.1352E+05   1.2555E-05   4.3169E+00
   9.1100E-04   1.5929E+03   3.4015E+02   1.1352E+05   1.2555E-05   4.3169E+00
   9.2100E-04   1.5919E+03   3.4015E+02   1.1352E+05   1.2547E-05   4.3117E+00
   9.3100E-04   1.5929E+03   3.4015E+02   1.1352E+05   1.2555E-05   4.3169E+00
   9.4100E-04   1.5929E+03   3.4015E+02   1.1352E+05   1.2555E-05   4.3169E+00
   9.5100E-04   1.5919E+03   3.4015E+02   1.1352E+05   1.2547E-05   4.3117E+00
   9.6100E-04   1.5929E+03   3.4015E+02   1.1352E+05   1.2555E-05   4.3169E+00
   9.7100E-04   1.5929E+03   3.4015E+02   1.1352E+05   1.2555E-05   4.3169E+00
   9.8100E-04   1.5929E+03   3.4015E+02   1.1352E+05   1.2555E-05   4.3169E+00
   9.9100E-04   1.5919E+03   3.4015E+02   1.1352E+05   1.2547E-05   4.3117E+00
   1.0010E-03   1.5929E+03   3.4015E+02   1.1352E+05   1.2555E-05   4.3169E+00
   1.1010E-03   1.5919E+03   3.4015E+02   1.1352E+05   1.2547E-05   4.3117E+00
   1.2010E-03   1.5919E+03   3.4015E+02   1.1352E+05   1.2547E-05   4.3117E+00
   1.3010E-03   1.5919E+03   3.4015E+02   1.1352E+05   1.2547E-05   4.3117E+00
   1.4010E-03   1.5919E+03   3.4015E+02   1.1352E+05   1.2547E-05   4.3117E+00
   1.5010E-03   1.5919E+03   3.4015E+02   1.1352E+05   1.2547E-05   4.3117E+00
   1.6010E-03   1.5919E+03   3.4015E+02   1.1352E+05   1.2547E-05   4.3117E+00
   1.7010E-03   1.5919E+03   3.4015E+02   1.1352E+05   1.2547E-05   4.3117E+00
   1.8010E-03   1.5919E+03   3.4015E+02   1.1352E+05   1.2547E-05   4.3117E+00
   1.9010E-03   1.5919E+03   3.4015E+02   1.1352E+05   1.2547E-05   4.3117E+00
   2.0010E-03   1.5919E+03   3.4015E+02   1.1352E+05   1.2547E-05   4.3117E+00
   2.1010E-03   1.5919E+03   3.4015E+02   1.1352E+05   1.2547E-05   4.3117E+00
   2.2010E-03   1.5919E+03   3.4015E+02   1.1352E+05   1.2547E-05   4.3117E+00
   2.3010E-03   1.5919E+03   3.4015E+02   1.1352E+05   1.2547E-05   4.3117E+00
   2.4010E-03   1.5919E+03   3.4015E+02   1.1352E+05   1.2547E-05   4.3117E+00
   2.5010E-03   1.5919E+03   3.4015E+02   1.1352E+05   1.2547E-05   4.3117E+00
   2.6010E-03   1.5919E+03   3.4015E+02   1.1352E+05   1.2547E-05   4.3117E+00
   2.7010E-03   1.5919E+03   3.4015E+02   1.1352E+05   1.2547E-05   4.3117E+00
   2.8010E-03   1.5919E+03   3.4015E+02   1.1352E+05   1.2547E-05   4.3117E+00
   2.9010E-03   1.5919E+03   3.4015E+02   1.1352E+05   1.2547E-05   4.3117E+00
   3.0010E-03   1.5919E+03   3.4015E+02   1.1352E+05   1.2547E-05   4.3117E+00
   3.1010E-03   1.5919E+03   3.4015E+02   1.1352E+05   1.2547E-05   4.3117E+00
   3.2010E-03   1.5929E+03   3.4015E+02   1.1352E+05   1.2555E-05   4.3169E+00
   3.3010E-03   1.5919E+03   3.4015E+02   1.1352E+05   1.2547E-05   4.3117E+00
   3.4010E-03   1.5919E+03   3.4015E+02   1.1352E+05   1.2547E-05   4.3117E+00
   3.5010E-03   1.5919E+03   3.4015E+02   1.1352E+05   1.2547E-05   4.3117E+00
   3.6010E-03   1.5919E+03   3.4015E+02   1.1352E+05   1.2547E-05   4.3118E+00
   3.7010E-03   1.5919E+03   3.4015E+02   1.1352E+05   1.2547E-05   4.3118E+00
   3.8010E-03   1.5919E+03   3.4015E+02   1.1352E+05   1.2547E-05   4.3118E+00
   3.9010E-03   1.5929E+03   3.4015E+02   1.1352E+05   1.2555E-05   4.3169E+00
   4.0010E-03   1.5919E+03   3.4015E+02   1.1352E+05   1.2547E-05   4.3118E+00
   4.1010E-03   1.5919E+03   3.4015E+02   1.1352E+05   1.2547E-05   4.3118E+00
   4.2010E-03   1.5919E+03   3.4015E+02   1.1352E+05   1.2547E-05   4.3118E+00
   4.3010E-03   1.5929E+03   3.4015E+02   1.1352E+05   1.2555E-05   4.3169E+00
   4.4010E-03   1.5919E+03   3.4015E+02   1.1352E+05   1.2547E-05   4.3118E+00
   4.5010E-03   1.5929E+03   3.4015E+02   1.1352E+05   1.2555E-05   4.3169E+00
   4.6010E-03   1.5919E+03   3.4015E+02   1.1352E+05   1.2547E-05   4.3118E+00
   4.7010E-03   1.5929E+03   3.4015E+02   1.1352E+05   1.2555E-05   4.3169E+00
   4.8010E-03   1.5919E+03   3.4015E+02   1.1352E+05   1.2547E-05   4.3118E+00
   4.9010E-03   1.5919E+03   3.4015E+02   1.1352E+05   1.2547E-05   4.3118E+00
   5.0010E-03   1.5929E+03   3.4015E+02   1.1352E+05   1.2555E-05   4.3169E+00
   5.1010E-03   1.5919E+03   3.4015E+02   1.1352E+05   1.2547E-05   4.3118E+00
   5.2010E-03   1.5929E+03   3.4015E+02   1.1352E+05   1.2555E-05   4.3169E+00
   5.3010E-03   1.5919E+03   3.4015E+02   1.1352E+05   1.2547E-05   4.3118E+00
   5.4010E-03   1.5929E+03   3.4015E+02   1.1352E+05   1.2555E-05   4.3169E+00
   5.5010E-03   1.5919E+03   3.4015E+02   1.1352E+05   1.2547E-05   4.3118E+00
   5.6010E-03   1.5929E+03   3.4015E+02   1.1352E+05   1.2555E-05   4.3169E+00
   5.7010E-03   1.5919E+03   3.4015E+02   1.1352E+05   1.2547E-05   4.3118E+00
   5.8010E-03   1.5929E+03   3.4015E+02   1.1352E+05   1.2555E-05   4.3169E+00
   5.9010E-03   1.5919E+03   3.4015E+02   1.1352E+05   1.2547E-05   4.3118E+00
   6.0010E-03   1.5919E+03   3.4015E+02   1.1352E+05   1.2547E-05   4.3118E+00
   6.1010E-03   1.5929E+03   3.4015E+02   1.1352E+05   1.2555E-05   4.3169E+00
   6.2010E-03   1.5919E+03   3.4015E+02   1.1352E+05   1.2547E-05   4.3118E+00
   6.3010E-03   1.5929E+03   3.4015E+02   1.1352E+05   1.2555E-05   4.3169E+00
   6.4010E-03   1.5919E+03   3.4015E+02   1.1352E+05   1.2547E-05   4.3118E+00
   6.5010E-03   1.5929E+03   3.4015E+02   1.1352E+05   1.2555E-05   4.3169E+00
   6.6010E-03   1.5919E+03   3.4015E+02   1.1352E+05   1.2547E-05   4.3118E+00
   6.7010E-03   1.5929E+03   3.4015E+02   1.1352E+05   1.2555E-05   4.3169E+00
   6.8010E-03   1.5919E+03   3.4015E+02   1.1352E+05   1.2547E-05   4.3118E+00
   6.9010E-03   1.5919E+03   3.4015E+02   1.1352E+05   1.2547E-05   4.3118E+00
   7.0010E-03   1.5919E+03   3.4015E+02   1.1352E+05   1.2547E-05   4.3118E+00
   7.1010E-03   1.5929E+03   3.4015E+02   1.1352E+05   1.2555E-05   4.3169E+00
   7.2010E-03   1.5919E+03   3.4015E+02   1.1352E+05   1.2547E-05   4.3118E+00
   7.3010E-03   1.5919E+03   3.4015E+02   1.1352E+05   1.2547E-05   4.3118E+00
   7.4010E-03   1.5919E+03   3.4015E+02   1.1352E+05   1.2547E-05   4.3118E+00
   7.5010E-03   1.5919E+03   3.4015E+02   1.1352E+05   1.2547E-05   4.3118E+00
   7.6010E-03   1.5919E+03   3.4015E+02   1.1352E+05   1.2547E-05   4.3118E+00
   7.7010E-03   1.5919E+03   3.4015E+02   1.1352E+05   1.2547E-05   4.3118E+00
   7.8010E-03   1.5919E+03   3.4015E+02   1.1352E+05   1.2547E-05   4.3119E+00
   7.9010E-03   1.5919E+03   3.4015E+02   1.1352E+05   1.2547E-05   4.3119E+00
   8.0010E-03   1.5919E+03   3.4015E+02   1.1352E+05   1.2547E-05   4.3119E+00
   8.1010E-03   1.5919E+03   3.4015E+02   1.1352E+05   1.2547E-05   4.3119E+00
   8.2010E-03   1.5919E+03   3.4015E+02   1.1352E+05   1.2547E-05   4.3119E+00
   8.3010E-03   1.5919E+03   3.4015E+02   1.1352E+05   1.2547E-05   4.3119E+00
   8.4010E-03   1.5919E+03   3.4015E+02   1.1352E+05   1.2547E-05   4.3119E+00
   8.5010E-03   1.5919E+03   3.4015E+02   1.1352E+05   1.2547E-05   4.3119E+00
   8.6010E-03   1.5919E+03   3.4015E+02   1.1352E+05   1.2547E-05   4.3119E+00
   8.7010E-03   1.5919E+03   3.4015E+02   1.1352E+05   1.2547E-05   4.3119E+00
   8.8010E-03   1.5919E+03   3.4015E+02   1.1352E+05   1.2547E-05   4.3119E+00
   8.9010E-03   1.5919E+03   3.4015E+02   1.1352E+05   1.2547E-05   4.3119E+00
   9.0010E-03   1.5919E+03   3.4015E+02   1.1352E+05   1.2547E-05   4.3119E+00
   9.1010E-03   1.5919E+03   3.4015E+02   1.1352E+05   1.2547E-05   4.3119E+00
   9.2010E-03   1.5919E+03   3.4015E+02   1.1352E+05   1.2547E-05   4.3119E+00
   9.3010E-03   1.5919E+03   3.4015E+02   1.1352E+05   1.2547E-05   4.3119E+00
   9.4010E-03   1.5919E+03   3.4015E+02   1.1352E+05   1.2547E-05   4.3119E+00
   9.5010E-03   1.5919E+03   3.4015E+02   1.1352E+05   1.2547E-05   4.3119E+00
   9.6010E-03   1.5919E+03   3.4015E+02   1.1352E+05   1.2547E-05   4.3119E+00
   9.7010E-03   1.5919E+03   3.4015E+02   1.1352E+05   1.2547E-05   4.3119E+00
   9.8010E-03   1.5919E+03   3.4015E+02   1.1352E+05   1.2547E-05   4.3119E+00
   9.9010E-03   1.5919E+03   3.4015E+02   1.1352E+05   1.2547E-05   4.3119E+00
   1.0001E-02   1.5919E+03   3.4015E+02   1.1352E+05   1.2547E-05   4.3119E+00
   1.1001E-02   1.5919E+03   3.4015E+02   1.1352E+05   1.2547E-05   4.3119E+00
   1.2001E-02   1.5919E+03   3.4015E+02   1.1352E+05   1.2547E-05   4.3119E+00
   1.3001E-02   1.5919E+03   3.4015E+02   1.1352E+05   1.2547E-05   4.3119E+00
   1.4001E-02   1.5919E+03   3.4015E+02   1.1352E+05   1.2547E-05   4.3119E+00
   1.5001E-02   1.5919E+03   3.4015E+02   1.1352E+05   1.2547E-05   4.3119E+00
   1.6001E-02   1.5919E+03   3.4015E+02   1.1352E+05   1.2547E-05   4.3119E+00
   1.7001E-02   1.5919E+03   3.4015E+02   1.1352E+05   1.2547E-05   4.3120E+00
   1.8001E-02   1.5919E+03   3.4015E+02   1.1352E+05   1.2547E-05   4.3120E+00
   1.9001E-02   1.5919E+03   3.4015E+02   1.1352E+05   1.2547E-05   4.3120E+00
   2.0001E-02   1.5919E+03   3.4015E+02   1.1352E+05   1.2547E-05   4.3120E+00
   2.1001E-02   1.5919E+03   3.4015E+02   1.1352E+05   1.2547E-05   4.3120E+00
   2.2001E-02   1.5919E+03   3.4015E+02   1.1352E+05   1.2547E-05   4.3120E+00
   2.3001E-02   1.5919E+03   3.4015E+02   1.1352E+05   1.2547E-05   4.3120E+00
   2.4001E-02   1.5919E+03   3.4015E+02   1.1352E+05   1.2547E-05   4.3120E+00
   2.5001E-02   1.5919E+03   3.4015E+02   1.1352E+05   1.2547E-05   4.3120E+00
   2.6001E-02   1.5919E+03   3.4015E+02   1.1352E+05   1.2547E-05   4.3120E+00
   2.7001E-02   1.5919E+03   3.4015E+02   1.1352E+05   1.2547E-05   4.3120E+00
   2.8001E-02   1.5919E+03   3.4015E+02   1.1352E+05   1.2547E-05   4.3120E+00
   2.9001E-02   1.5919E+03   3.4015E+02   1.1352E+05   1.2547E-05   4.3120E+00
   3.0001E-02   1.5919E+03   3.4015E+02   1.1352E+05   1.2547E-05   4.3120E+00
   3.1001E-02   1.5919E+03   3.4015E+02   1.1352E+05   1.2547E-05   4.3121E+00
   3.2001E-02   1.5919E+03   3.4015E+02   1.1352E+05   1.2547E-05   4.3121E+00
   3.3001E-02   1.5919E+03   3.4015E+02   1.1352E+05   1.2547E-05   4.3121E+00
   3.4001E-02   1.5919E+03   3.4015E+02   1.1352E+05   1.2547E-05   4.3121E+00
   3.5001E-02   1.5919E+03   3.4015E+02   1.1352E+05   1.2547E-05   4.3121E+00
   3.6001E-02   1.5919E+03   3.4015E+02   1.1352E+05   1.2547E-05   4.3121E+00
   3.7001E-02   1.5919E+03   3.4015E+02   1.1352E+05   1.2547E-05   4.3121E+00
   3.8001E-02   1.5919E+03   3.4015E+02   1.1352E+05   1.2547E-05   4.3121E+00
   3.9001E-02   1.5919E+03   3.4015E+02   1.1352E+05   1.2547E-05   4.3121E+00
   4.0001E-02   1.5919E+03   3.4015E+02   1.1352E+05   1.2547E-05   4.3121E+00
   4.1001E-02   1.5919E+03   3.4015E+02   1.1352E+05   1.2547E-05   4.3121E+00
   4.2001E-02   1.5919E+03   3.4015E+02   1.1352E+05   1.2547E-05   4.3121E+00
   4.3001E-02   1.5919E+03   3.4015E+02   1.1352E+05   1.2547E-05   4.3121E+00
   4.4001E-02   1.5919E+03   3.4015E+02   1.1352E+05   1.2547E-05   4.3121E+00
   4.5001E-02   1.5919E+03   3.4015E+02   1.1352E+05   1.2547E-05   4.3121E+00
   4.6001E-02   1.5919E+03   3.4015E+02   1.1352E+05   1.2547E-05   4.3122E+00
   4.7001E-02   1.5919E+03   3.4015E+02   1.1352E+05   1.2547E-05   4.3122E+00
   4.8001E-02   1.5919E+03   3.4015E+02   1.1352E+05   1.2547E-05   4.3122E+00
   4.9001E-02   1.5919E+03   3.4015E+02   1.1352E+05   1.2547E-05   4.3122E+00
   5.0001E-02   1.5919E+03   3.4015E+02   1.1352E+05   1.2547E-05   4.3122E+00
   5.1001E-02   1.5919E+03   3.4015E+02   1.1352E+05   1.2547E-05   4.3122E+00
   5.2001E-02   1.5919E+03   3.4015E+02   1.1352E+05   1.2547E-05   4.3122E+00
   5.3001E-02   1.5919E+03   3.4015E+02   1.1352E+05   1.2547E-05   4.3122E+00
   5.4001E-02   1.5919E+03   3.4015E+02   1.1352E+05   1.2547E-05   4.3122E+00
   5.5001E-02   1.5919E+03   3.4015E+02   1.1352E+05   1.2547E-05   4.3122E+00
   5.6001E-02   1.5928E+03   3.4015E+02   1.1352E+05   1.2554E-05   4.3169E+00
   5.7001E-02   1.5919E+03   3.4015E+02   1.1352E+05   1.2547E-05   4.3122E+00
   5.8001E-02   1.5919E+03   3.4015E+02   1.1352E+05   1.2547E-05   4.3122E+00
   5.9001E-02   1.5928E+03   3.4015E+02   1.1352E+05   1.2554E-05   4.3169E+00
   6.0001E-02   1.5919E+03   3.4015E+02   1.1352E+05   1.2547E-05   4.3123E+00
   6.1001E-02   1.5919E+03   3.4015E+02   1.1352E+05   1.2547E-05   4.3123E+00
   6.2001E-02   1.5928E+03   3.4015E+02   1.1352E+05   1.2554E-05   4.3169E+00
   6.3001E-02   1.5919E+03   3.4015E+02   1.1352E+05   1.2547E-05   4.3123E+00
   6.4001E-02   1.5928E+03   3.4015E+02   1.1352E+05   1.2554E-05   4.3169E+00
   6.5001E-02   1.5919E+03   3.4015E+02   1.1352E+05   1.2547E-05   4.3123E+00
   6.6001E-02   1.5919E+03   3.4015E+02   1.1352E+05   1.2547E-05   4.3123E+00
   6.7001E-02   1.5928E+03   3.4015E+02   1.1352E+05   1.2554E-05   4.3169E+00
   6.8001E-02   1.5919E+03   3.4015E+02   1.1352E+05   1.2547E-05   4.3123E+00
   6.9001E-02   1.5919E+03   3.4015E+02   1.1352E+05   1.2547E-05   4.3123E+00
   7.0001E-02   1.5928E+03   3.4015E+02   1.1352E+05   1.2554E-05   4.3169E+00
   7.1001E-02   1.5919E+03   3.4015E+02   1.1352E+05   1.2547E-05   4.3123E+00
   7.2001E-02   1.5919E+03   3.4015E+02   1.1352E+05   1.2547E-05   4.3123E+00
   7.3001E-02   1.5928E+03   3.4015E+02   1.1352E+05   1.2554E-05   4.3169E+00
   7.4001E-02   1.5919E+03   3.4015E+02   1.1352E+05   1.2547E-05   4.3123E+00
   7.5001E-02   1.5919E+03   3.4015E+02   1.1352E+05   1.2547E-05   4.3124E+00
   7.6001E-02   1.5928E+03   3.4015E+02   1.1352E+05   1.2554E-05   4.3169E+00
   7.7001E-02   1.5919E+03   3.4015E+02   1.1352E+05   1.2547E-05   4.3124E+00
   7.8001E-02   1.5919E+03   3.4015E+02   1.1352E+05   1.2547E-05   4.3124E+00
   7.9001E-02   1.5928E+03   3.4015E+02   1.1352E+05   1.2554E-05   4.3169E+00
   8.0001E-02   1.5919E+03   3.4015E+02   1.1352E+05   1.2547E-05   4.3124E+00
   8.1001E-02   1.5919E+03   3.4015E+02   1.1352E+05   1.2547E-05   4.3124E+00
   8.2001E-02   1.5928E+03   3.4015E+02   1.1352E+05   1.2554E-05   4.3169E+00
   8.3001E-02   1.5919E+03   3.4015E+02   1.1352E+05   1.2547E-05   4.3124E+00
   8.4001E-02   1.5919E+03   3.4015E+02   1.1352E+05   1.2547E-05   4.3124E+00
   8.5001E-02   1.5928E+03   3.4015E+02   1.1352E+05   1.2554E-05   4.3169E+00
   8.6001E-02   1.5919E+03   3.4015E+02   1.1352E+05   1.2547E-05   4.3124E+00
   8.7001E-02   1.5928E+03   3.4015E+02   1.1352E+05   1.2554E-05   4.3169E+00
   8.8001E-02   1.5919E+03   3.4015E+02   1.1352E+05   1.2547E-05   4.3124E+00
   8.9001E-02   1.5919E+03   3.4015E+02   1.1352E+05   1.2547E-05   4.3124E+00
   9.0001E-02   1.5928E+03   3.4015E+02   1.1352E+05   1.2554E-05   4.3169E+00
   9.1001E-02   1.5919E+03   3.4015E+02   1.1352E+05   1.2547E-05   4.3125E+00
   9.2001E-02   1.5928E+03   3.4015E+02   1.1352E+05   1.2553E-05   4.3169E+00
   9.3001E-02   1.5919E+03   3.4015E+02   1.1352E+05   1.2547E-05   4.3125E+00
   9.4001E-02   1.5928E+03   3.4015E+02   1.1352E+05   1.2553E-05   4.3169E+00
   9.5001E-02   1.5928E+03   3.4015E+02   1.1352E+05   1.2553E-05   4.3169E+00
   9.6001E-02   1.5919E+03   3.4015E+02   1.1352E+05   1.2547E-05   4.3125E+00
   9.7001E-02   1.5928E+03   3.4015E+02   1.1352E+05   1.2553E-05   4.3169E+00
   9.8001E-02   1.5919E+03   3.4015E+02   1.1352E+05   1.2547E-05   4.3125E+00
   9.9001E-02   1.5928E+03   3.4015E+02   1.1352E+05   1.2553E-05   4.3169E+00
   1.0000E-01   1.5928E+03   3.4015E+02   1.1352E+05   1.2553E-05   4.3169E+00
   1.1000E-01   1.5919E+03   3.4015E+02   1.1352E+05   1.2547E-05   4.3126E+00
   1.2000E-01   1.5919E+03   3.4015E+02   1.1352E+05   1.2547E-05   4.3126E+00
   1.3000E-01   1.5919E+03   3.4015E+02   1.1352E+05   1.2547E-05   4.3127E+00
   1.4000E-01   1.5919E+03   3.4015E+02   1.1352E+05   1.2547E-05   4.3127E+00
   1.5000E-01   1.5919E+03   3.4015E+02   1.1352E+05   1.2547E-05   4.3128E+00
   1.6000E-01   1.5919E+03   3.4015E+02   1.1352E+05   1.2547E-05   4.3129E+00
   1.7000E-01   1.5919E+03   3.4015E+02   1.1352E+05   1.2547E-05   4.3129E+00
   1.8000E-01   1.5919E+03   3.4015E+02   1.1352E+05   1.2547E-05   4.3130E+00
   1.9000E-01   1.5919E+03   3.4015E+02   1.1352E+05   1.2547E-05   4.3130E+00
   2.0000E-01   1.5919E+03   3.4015E+02   1.1352E+05   1.2547E-05   4.3131E+00
   2.1000E-01   1.5919E+03   3.4015E+02   1.1352E+05   1.2547E-05   4.3131E+00
   2.2000E-01   1.5926E+03   3.4015E+02   1.1357E+05   1.2551E-05   4.3166E+00
   2.3000E-01   1.5926E+03   3.4015E+02   1.1357E+05   1.2551E-05   4.3167E+00
   2.4000E-01   1.5926E+03   3.4015E+02   1.1357E+05   1.2551E-05   4.3167E+00
   2.5000E-01   1.5926E+03   3.4015E+02   1.1357E+05   1.2551E-05   4.3168E+00
   2.6000E-01   1.5926E+03   3.4015E+02   1.1357E+05   1.2551E-05   4.3168E+00
   2.7000E-01   1.5926E+03   3.4015E+02   1.1357E+05   1.2551E-05   4.3169E+00
   2.8000E-01   1.5926E+03   3.4015E+02   1.1357E+05   1.2551E-05   4.3169E+00
   2.9000E-01   1.5926E+03   3.4015E+02   1.1357E+05   1.2551E-05   4.3170E+00
   3.0000E-01   1.5926E+03   3.4015E+02   1.1357E+05   1.2551E-05   4.3170E+00
   3.1000E-01   1.5926E+03   3.4015E+02   1.1357E+05   1.2551E-05   4.3170E+00
   3.2000E-01   1.5926E+03   3.4015E+02   1.1357E+05   1.2551E-05   4.3171E+00
   3.3000E-01   1.5926E+03   3.4015E+02   1.1357E+05   1.2551E-05   4.3171E+00
   3.4000E-01   1.5926E+03   3.4015E+02   1.1357E+05   1.2551E-05   4.3172E+00
   3.5000E-01   1.5926E+03   3.4015E+02   1.1357E+05   1.2551E-05   4.3172E+00
   3.6000E-01   1.5926E+03   3.4015E+02   1.1357E+05   1.2551E-05   4.3173E+00
   3.7000E-01   1.5926E+03   3.4015E+02   1.1357E+05   1.2551E-05   4.3173E+00
   3.8000E-01   1.5926E+03   3.4015E+02   1.1357E+05   1.2551E-05   4.3173E+00
   3.9000E-01   1.5926E+03   3.4015E+02   1.1357E+05   1.2551E-05   4.3174E+00
   4.0000E-01   1.5926E+03   3.4015E+02   1.1357E+05   1.2551E-05   4.3174E+00
   4.1000E-01   1.5926E+03   3.4015E+02   1.1357E+05   1.2550E-05   4.3175E+00
   4.2000E-01   1.5926E+03   3.4015E+02   1.1357E+05   1.2550E-05   4.3175E+00
   4.3000E-01   1.5926E+03   3.4015E+02   1.1357E+05   1.2550E-05   4.3175E+00
   4.4000E-01   1.5926E+03   3.4015E+02   1.1357E+05   1.2550E-05   4.3176E+00
   4.5000E-01   1.5926E+03   3.4015E+02   1.1357E+05   1.2550E-05   4.3176E+00
   4.6000E-01   1.5926E+03   3.4015E+02   1.1357E+05   1.2550E-05   4.3177E+00
   4.7000E-01   1.5926E+03   3.4015E+02   1.1357E+05   1.2550E-05   4.3177E+00
   4.8000E-01   1.5925E+03   3.4015E+02   1.1357E+05   1.2550E-05   4.3171E+00
   4.9000E-01   1.5925E+03   3.4015E+02   1.1357E+05   1.2550E-05   4.3172E+00
   5.0000E-01   1.5925E+03   3.4015E+02   1.1357E+05   1.2550E-05   4.3172E+00
   5.1000E-01   1.5925E+03   3.4015E+02   1.1357E+05   1.2550E-05   4.3172E+00
   5.2000E-01   1.5925E+03   3.4015E+02   1.1357E+05   1.2549E-05   4.3173E+00
   5.3000E-01   1.5925E+03   3.4015E+02   1.1357E+05   1.2549E-05   4.3173E+00
   5.4000E-01   1.5925E+03   3.4015E+02   1.1357E+05   1.2549E-05   4.3174E+00
   5.5000E-01   1.5925E+03   3.4015E+02   1.1357E+05   1.2549E-05   4.3174E+00
   5.6000E-01   1.5925E+03   3.4015E+02   1.1357E+05   1.2549E-05   4.3174E+00
   5.7000E-01   1.5925E+03   3.4015E+02   1.1357E+05   1.2549E-05   4.3175E+00
   5.8000E-01   1.5925E+03   3.4015E+02   1.1357E+05   1.2549E-05   4.3175E+00
   5.9000E-01   1.5925E+03   3.4015E+02   1.1357E+05   1.2549E-05   4.3175E+00
   6.0000E-01   1.5925E+03   3.4015E+02   1.1357E+05   1.2549E-05   4.3176E+00
   6.1000E-01   1.5925E+03   3.4015E+02   1.1357E+05   1.2549E-05   4.3176E+00
   6.2000E-01   1.5925E+03   3.4015E+02   1.1357E+05   1.2549E-05   4.3176E+00
   6.3000E-01   1.5925E+03   3.4015E+02   1.1357E+05   1.2549E-05   4.3177E+00
   6.4000E-01   1.5925E+03   3.4015E+02   1.1357E+05   1.2549E-05   4.3177E+00
   6.5000E-01   1.5925E+03   3.4015E+02   1.1357E+05   1.2549E-05   4.3177E+00
   6.6000E-01   1.5925E+03   3.4015E+02   1.1357E+05   1.2549E-05   4.3178E+00
   6.7000E-01   1.5925E+03   3.4015E+02   1.1357E+05   1.2549E-05   4.3178E+00
   6.8000E-01   1.5925E+03   3.4015E+02   1.1357E+05   1.2549E-05   4.3178E+00
   6.9000E-01   1.5925E+03   3.4015E+02   1.1357E+05   1.2549E-05   4.3179E+00
   7.0000E-01   1.5925E+03   3.4015E+02   1.1357E+05   1.2549E-05   4.3179E+00
   7.1000E-01   1.5925E+03   3.4015E+02   1.1357E+05   1.2549E-05   4.3179E+00
   7.2000E-01   1.5925E+03   3.4015E+02   1.1357E+05   1.2549E-05   4.3179E+00
   7.3000E-01   1.5925E+03   3.4015E+02   1.1357E+05   1.2549E-05   4.3180E+00
   7.4000E-01   1.5925E+03   3.4015E+02   1.1357E+05   1.2549E-05   4.3180E+00
   7.5000E-01   1.5923E+03   3.4015E+02   1.1357E+05   1.2548E-05   4.3171E+00
   7.6000E-01   1.5923E+03   3.4015E+02   1.1357E+05   1.2548E-05   4.3171E+00
   7.7000E-01   1.5923E+03   3.4015E+02   1.1357E+05   1.2548E-05   4.3172E+00
   7.8000E-01   1.5923E+03   3.4015E+02   1.1357E+05   1.2548E-05   4.3172E+00
   7.9000E-01   1.5923E+03   3.4015E+02   1.1357E+05   1.2547E-05   4.3172E+00
   8.0000E-01   1.5923E+03   3.4015E+02   1.1357E+05   1.2547E-05   4.3173E+00
   8.1000E-01   1.5923E+03   3.4015E+02   1.1357E+05   1.2547E-05   4.3173E+00
   8.2000E-01   1.5923E+03   3.4015E+02   1.1357E+05   1.2547E-05   4.3173E+00
   8.3000E-01   1.5923E+03   3.4015E+02   1.1357E+05   1.2547E-05   4.3173E+00
   8.4000E-01   1.5923E+03   3.4015E+02   1.1357E+05   1.2547E-05   4.3174E+00
   8.5000E-01   1.5923E+03   3.4015E+02   1.1357E+05   1.2547E-05   4.3174E+00
   8.6000E-01   1.5923E+03   3.4015E+02   1.1357E+05   1.2547E-05   4.3174E+00
   8.7000E-01   1.5923E+03   3.4015E+02   1.1357E+05   1.2547E-05   4.3175E+00
   8.8000E-01   1.5923E+03   3.4015E+02   1.1357E+05   1.2547E-05   4.3175E+00
   8.9000E-01   1.5923E+03   3.4015E+02   1.1357E+05   1.2547E-05   4.3175E+00
   9.0000E-01   1.5923E+03   3.4015E+02   1.1357E+05   1.2547E-05   4.3175E+00
   9.1000E-01   1.5923E+03   3.4015E+02   1.1357E+05   1.2547E-05   4.3176E+00
   9.2000E-01   1.5923E+03   3.4015E+02   1.1357E+05   1.2547E-05   4.3176E+00
   9.3000E-01   1.5923E+03   3.4015E+02   1.1357E+05   1.2547E-05   4.3176E+00
   9.4000E-01   1.5923E+03   3.4015E+02   1.1357E+05   1.2547E-05   4.3176E+00
   9.5000E-01   1.5923E+03   3.4015E+02   1.1357E+05   1.2547E-05   4.3177E+00
   9.6000E-01   1.5923E+03   3.4015E+02   1.1357E+05   1.2547E-05   4.3177E+00
   9.7000E-01   1.5923E+03   3.4015E+02   1.1357E+05   1.2547E-05   4.3177E+00
   9.8000E-01   1.5923E+03   3.4015E+02   1.1357E+05   1.2547E-05   4.3177E+00
   9.9000E-01   1.5923E+03   3.4015E+02   1.1357E+05   1.2547E-05   4.3178E+00
   1.0000E+00   1.5923E+03   3.4015E+02   1.1357E+05   1.2547E-05   4.3178E+00
   1.1000E+00   1.5923E+03   3.4015E+02   1.1358E+05   1.2546E-05   4.3180E+00
   1.2000E+00   1.5923E+03   3.4015E+02   1.1358E+05   1.2546E-05   4.3182E+00
   1.3000E+00   1.5923E+03   3.4015E+02   1.1358E+05   1.2546E-05   4.3184E+00
   1.4000E+00   1.5923E+03   3.4015E+02   1.1359E+05   1.2545E-05   4.3184E+00
   1.5000E+00   1.5923E+03   3.4015E+02   1.1359E+05   1.2545E-05   4.3186E+00
   1.6000E+00   1.5923E+03   3.4015E+02   1.1359E+05   1.2544E-05   4.3188E+00
   1.7000E+00   1.5923E+03   3.4015E+02   1.1360E+05   1.2544E-05   4.3187E+00
   1.8000E+00   1.5923E+03   3.4015E+02   1.1360E+05   1.2543E-05   4.3189E+00
   1.9000E+00   1.5923E+03   3.4015E+02   1.1360E+05   1.2543E-05   4.3190E+00
   2.0000E+00   1.5923E+03   3.4015E+02   1.1360E+05   1.2543E-05   4.3191E+00
   2.1000E+00   1.5923E+03   3.4015E+02   1.1361E+05   1.2542E-05   4.3190E+00
   2.2000E+00   1.5923E+03   3.4015E+02   1.1361E+05   1.2542E-05   4.3191E+00
   2.3000E+00   1.5923E+03   3.4015E+02   1.1361E+05   1.2541E-05   4.3192E+00
   2.4000E+00   1.5923E+03   3.4015E+02   1.1361E+05   1.2541E-05   4.3193E+00
   2.5000E+00   1.5919E+03   3.4015E+02   1.1360E+05   1.2538E-05   4.3172E+00
   2.6000E+00   1.5919E+03   3.4015E+02   1.1360E+05   1.2537E-05   4.3173E+00
   2.7000E+00   1.5919E+03   3.4015E+02   1.1360E+05   1.2537E-05   4.3173E+00
   2.8000E+00   1.5919E+03   3.4015E+02   1.1360E+05   1.2536E-05   4.3172E+00
   2.9000E+00   1.5919E+03   3.4015E+02   1.1360E+05   1.2536E-05   4.3172E+00
   3.0000E+00   1.5919E+03   3.4015E+02   1.1360E+05   1.2535E-05   4.3173E+00
   3.1000E+00   1.5919E+03   3.4015E+02   1.1360E+05   1.2535E-05   4.3173E+00
   3.2000E+00   1.5919E+03   3.4015E+02   1.1360E+05   1.2535E-05   4.3174E+00
   3.3000E+00   1.5919E+03   3.4015E+02   1.1361E+05   1.2534E-05   4.3172E+00
   3.4000E+00   1.5919E+03   3.4015E+02   1.1361E+05   1.2533E-05   4.3172E+00
   3.5000E+00   1.5919E+03   3.4015E+02   1.1361E+05   1.2533E-05   4.3173E+00
   3.6000E+00   1.5919E+03   3.4015E+02   1.1361E+05   1.2533E-05   4.3173E+00
   3.7000E+00   1.5918E+03   3.4015E+02   1.1362E+05   1.2531E-05   4.3168E+00
   3.8000E+00   1.5918E+03   3.4015E+02   1.1362E+05   1.2531E-05   4.3168E+00
   3.9000E+00   1.5918E+03   3.4015E+02   1.1362E+05   1.2531E-05   4.3168E+00
   4.0000E+00   1.5918E+03   3.4015E+02   1.1362E+05   1.2530E-05   4.3168E+00
   4.1000E+00   1.5918E+03   3.4015E+02   1.1362E+05   1.2530E-05   4.3169E+00
   4.2000E+00   1.5918E+03   3.4015E+02   1.1363E+05   1.2529E-05   4.3167E+00
   4.3000E+00   1.5918E+03   3.4015E+02   1.1363E+05   1.2529E-05   4.3167E+00
   4.4000E+00   1.5918E+03   3.4015E+02   1.1363E+05   1.2528E-05   4.3167E+00
   4.5000E+00   1.5918E+03   3.4015E+02   1.1363E+05   1.2528E-05   4.3168E+00
   4.6000E+00   1.5918E+03   3.4015E+02   1.1364E+05   1.2527E-05   4.3165E+00
   4.7000E+00   1.5918E+03   3.4015E+02   1.1364E+05   1.2527E-05   4.3165E+00
   4.8000E+00   1.5918E+03   3.4015E+02   1.1364E+05   1.2526E-05   4.3165E+00
   4.9000E+00   1.5918E+03   3.4015E+02   1.1364E+05   1.2526E-05   4.3165E+00
   5.0000E+00   1.5919E+03   3.4015E+02   1.1365E+05   1.2525E-05   4.3166E+00
   5.1000E+00   1.5919E+03   3.4015E+02   1.1365E+05   1.2525E-05   4.3166E+00
   5.2000E+00   1.5919E+03   3.4015E+02   1.1365E+05   1.2525E-05   4.3167E+00
   5.3000E+00   1.5919E+03   3.4015E+02   1.1365E+05   1.2524E-05   4.3167E+00
   5.4000E+00   1.5919E+03   3.4015E+02   1.1365E+05   1.2524E-05   4.3167E+00
   5.5000E+00   1.5919E+03   3.4015E+02   1.1366E+05   1.2523E-05   4.3166E+00
   5.6000E+00   1.5919E+03   3.4015E+02   1.1366E+05   1.2523E-05   4.3166E+00
   5.7000E+00   1.5919E+03   3.4015E+02   1.1366E+05   1.2522E-05   4.3166E+00
   5.8000E+00   1.5919E+03   3.4015E+02   1.1366E+05   1.2522E-05   4.3167E+00
   5.9000E+00   1.5919E+03   3.4015E+02   1.1366E+05   1.2522E-05   4.3167E+00
   6.0000E+00   1.5920E+03   3.4015E+02   1.1367E+05   1.2521E-05   4.3166E+00
   6.1000E+00   1.5920E+03   3.4015E+02   1.1367E+05   1.2520E-05   4.3166E+00
   6.2000E+00   1.5920E+03   3.4015E+02   1.1367E+05   1.2520E-05   4.3166E+00
   6.3000E+00   1.5920E+03   3.4015E+02   1.1367E+05   1.2520E-05   4.3166E+00
   6.4000E+00   1.5920E+03   3.4015E+02   1.1367E+05   1.2520E-05   4.3169E+00
   6.5000E+00   1.5920E+03   3.4015E+02   1.1369E+05   1.2519E-05   4.3166E+00
   6.6000E+00   1.5920E+03   3.4015E+02   1.1369E+05   1.2518E-05   4.3166E+00
   6.7000E+00   1.5920E+03   3.4015E+02   1.1369E+05   1.2518E-05   4.3166E+00
   6.8000E+00   1.5920E+03   3.4015E+02   1.1369E+05   1.2518E-05   4.3166E+00
   6.9000E+00   1.5920E+03   3.4015E+02   1.1369E+05   1.2517E-05   4.3166E+00
   7.0000E+00   1.5921E+03   3.4015E+02   1.1369E+05   1.2517E-05   4.3169E+00
   7.1000E+00   1.5921E+03   3.4015E+02   1.1370E+05   1.2516E-05   4.3166E+00
   7.2000E+00   1.5921E+03   3.4015E+02   1.1370E+05   1.2516E-05   4.3166E+00
   7.3000E+00   1.5921E+03   3.4015E+02   1.1370E+05   1.2515E-05   4.3166E+00
   7.4000E+00   1.5921E+03   3.4015E+02   1.1370E+05   1.2515E-05   4.3166E+00
   7.5000E+00   1.5922E+03   3.4015E+02   1.1370E+05   1.2515E-05   4.3169E+00
   7.6000E+00   1.5921E+03   3.4015E+02   1.1370E+05   1.2514E-05   4.3166E+00
   7.7000E+00   1.5922E+03   3.4015E+02   1.1372E+05   1.2514E-05   4.3166E+00
   7.8000E+00   1.5922E+03   3.4015E+02   1.1372E+05   1.2513E-05   4.3166E+00
   7.9000E+00   1.5922E+03   3.4015E+02   1.1372E+05   1.2513E-05   4.3166E+00
   8.0000E+00   1.5922E+03   3.4015E+02   1.1372E+05   1.2513E-05   4.3166E+00
   8.1000E+00   1.5922E+03   3.4015E+02   1.1372E+05   1.2512E-05   4.3166E+00
   8.2000E+00   1.5922E+03   3.4015E+02   1.1372E+05   1.2512E-05   4.3169E+00
   8.3000E+00   1.5922E+03   3.4015E+02   1.1373E+05   1.2511E-05   4.3166E+00
   8.4000E+00   1.5922E+03   3.4015E+02   1.1373E+05   1.2511E-05   4.3166E+00
   8.5000E+00   1.5923E+03   3.4015E+02   1.1373E+05   1.2511E-05   4.3169E+00
   8.6000E+00   1.5922E+03   3.4015E+02   1.1373E+05   1.2510E-05   4.3166E+00
   8.7000E+00   1.5922E+03   3.4015E+02   1.1373E+05   1.2510E-05   4.3166E+00
   8.8000E+00   1.5922E+03   3.4015E+02   1.1373E+05   1.2509E-05   4.3166E+00
   8.9000E+00   1.5923E+03   3.4015E+02   1.1375E+05   1.2509E-05   4.3166E+00
   9.0000E+00   1.5923E+03   3.4015E+02   1.1375E+05   1.2508E-05   4.3166E+00
   9.1000E+00   1.5923E+03   3.4015E+02   1.1375E+05   1.2508E-05   4.3166E+00
   9.2000E+00   1.5923E+03   3.4015E+02   1.1375E+05   1.2508E-05   4.3166E+00
   9.3000E+00   1.5924E+03   3.4015E+02   1.1375E+05   1.2508E-05   4.3169E+00
   9.4000E+00   1.5923E+03   3.4015E+02   1.1375E+05   1.2507E-05   4.3166E+00
   9.5000E+00   1.5924E+03   3.4015E+02   1.1376E+05   1.2506E-05   4.3166E+00
   9.6000E+00   1.5924E+03   3.4015E+02   1.1376E+05   1.2506E-05   4.3166E+00
   9.7000E+00   1.5924E+03   3.4015E+02   1.1376E+05   1.2505E-05   4.3166E+00
   9.8000E+00   1.5924E+03   3.4015E+02   1.1376E+05   1.2505E-05   4.3166E+00
   9.9000E+00   1.5924E+03   3.4015E+02   1.1376E+05   1.2505E-05   4.3169E+00
   1.0000E+01   1.5924E+03   3.4015E+02   1.1376E+05   1.2504E-05   4.3166E+00
   1.0100E+01   1.5924E+03   3.4015E+02   1.1378E+05   1.2504E-05   4.3166E+00
   1.0200E+01   1.5924E+03   3.4015E+02   1.1378E+05   1.2503E-05   4.3166E+00
   1.0300E+01   1.5924E+03   3.4015E+02   1.1378E+05   1.2503E-05   4.3166E+00
   1.0400E+01   1.5924E+03   3.4015E+02   1.1378E+05   1.2503E-05   4.3166E+00
   1.0500E+01   1.5924E+03   3.4015E+02   1.1378E+05   1.2502E-05   4.3166E+00
   1.0600E+01   1.5925E+03   3.4015E+02   1.1378E+05   1.2503E-05   4.3169E+00
   1.0700E+01   1.5925E+03   3.4015E+02   1.1379E+05   1.2501E-05   4.3166E+00
   1.0800E+01   1.5925E+03   3.4015E+02   1.1379E+05   1.2501E-05   4.3166E+00
   1.0900E+01   1.5926E+03   3.4015E+02   1.1379E+05   1.2501E-05   4.3169E+00
   1.1000E+01   1.5925E+03   3.4015E+02   1.1379E+05   1.2500E-05   4.3166E+00
   1.1100E+01   1.5926E+03   3.4015E+02   1.1381E+05   1.2500E-05   4.3166E+00
   1.1200E+01   1.5926E+03   3.4015E+02   1.1381E+05   1.2499E-05   4.3166E+00
   1.1300E+01   1.5926E+03   3.4015E+02   1.1381E+05   1.2499E-05   4.3166E+00
   1.1400E+01   1.5926E+03   3.4015E+02   1.1381E+05   1.2499E-05   4.3166E+00
   1.1500E+01   1.5926E+03   3.4015E+02   1.1381E+05   1.2498E-05   4.3166E+00
   1.1600E+01   1.5926E+03   3.4015E+02   1.1381E+05   1.2498E-05   4.3166E+00
   1.1700E+01   1.5926E+03   3.4015E+02   1.1381E+05   1.2498E-05   4.3169E+00
   1.1800E+01   1.5926E+03   3.4015E+02   1.1381E+05   1.2497E-05   4.3166E+00
   1.1900E+01   1.5926E+03   3.4015E+02   1.1383E+05   1.2496E-05   4.3165E+00
   1.2000E+01   1.5926E+03   3.4015E+02   1.1383E+05   1.2496E-05   4.3165E+00
   1.2100E+01   1.5926E+03   3.4015E+02   1.1383E+05   1.2496E-05   4.3165E+00
   1.2200E+01   1.5926E+03   3.4015E+02   1.1383E+05   1.2495E-05   4.3165E+00
   1.2300E+01   1.5927E+03   3.4015E+02   1.1383E+05   1.2496E-05   4.3169E+00
   1.2400E+01   1.5926E+03   3.4015E+02   1.1383E+05   1.2495E-05   4.3165E+00
   1.2500E+01   1.5926E+03   3.4015E+02   1.1383E+05   1.2494E-05   4.3165E+00
   1.2600E+01   1.5927E+03   3.4015E+02   1.1383E+05   1.2495E-05   4.3169E+00
   1.2700E+01   1.5927E+03   3.4015E+02   1.1383E+05   1.2494E-05   4.3169E+00
   1.2800E+01   1.5927E+03   3.4015E+02   1.1385E+05   1.2493E-05   4.3165E+00
   1.2900E+01   1.5927E+03   3.4015E+02   1.1385E+05   1.2493E-05   4.3165E+00
   1.3000E+01   1.5927E+03   3.4015E+02   1.1385E+05   1.2492E-05   4.3165E+00
   1.3100E+01   1.5927E+03   3.4015E+02   1.1385E+05   1.2492E-05   4.3165E+00
   1.3200E+01   1.5927E+03   3.4015E+02   1.1385E+05   1.2492E-05   4.3165E+00
   1.3300E+01   1.5928E+03   3.4015E+02   1.1385E+05   1.2492E-05   4.3169E+00
   1.3400E+01   1.5927E+03   3.4015E+02   1.1385E+05   1.2491E-05   4.3165E+00
   1.3500E+01   1.5928E+03   3.4015E+02   1.1385E+05   1.2491E-05   4.3169E+00
   1.3600E+01   1.5928E+03   3.4015E+02   1.1387E+05   1.2490E-05   4.3166E+00
   1.3700E+01   1.5928E+03   3.4015E+02   1.1387E+05   1.2490E-05   4.3166E+00
   1.3800E+01   1.5928E+03   3.4015E+02   1.1387E+05   1.2489E-05   4.3166E+00
   1.3900E+01   1.5928E+03   3.4015E+02   1.1387E+05   1.2489E-05   4.3166E+00
   1.4000E+01   1.5929E+03   3.4015E+02   1.1387E+05   1.2489E-05   4.3169E+00
   1.4100E+01   1.5928E+03   3.4015E+02   1.1387E+05   1.2488E-05   4.3165E+00
   1.4200E+01   1.5929E+03   3.4015E+02   1.1388E+05   1.2488E-05   4.3166E+00
   1.4300E+01   1.5929E+03   3.4015E+02   1.1388E+05   1.2487E-05   4.3166E+00
   1.4400E+01   1.5929E+03   3.4015E+02   1.1388E+05   1.2487E-05   4.3166E+00
   1.4500E+01   1.5929E+03   3.4015E+02   1.1388E+05   1.2487E-05   4.3166E+00
   1.4600E+01   1.5929E+03   3.4015E+02   1.1388E+05   1.2486E-05   4.3166E+00
   1.4700E+01   1.5929E+03   3.4015E+02   1.1388E+05   1.2486E-05   4.3169E+00
   1.4800E+01   1.5929E+03   3.4015E+02   1.1388E+05   1.2486E-05   4.3166E+00
   1.4900E+01   1.5929E+03   3.4015E+02   1.1388E+05   1.2486E-05   4.3169E+00
   1.5000E+01   1.5929E+03   3.4015E+02   1.1391E+05   1.2484E-05   4.3166E+00
   1.5100E+01   1.5929E+03   3.4015E+02   1.1391E+05   1.2484E-05   4.3166E+00
   1.5200E+01   1.5929E+03   3.4015E+02   1.1391E+05   1.2484E-05   4.3166E+00
   1.5300E+01   1.5929E+03   3.4015E+02   1.1391E+05   1.2483E-05   4.3166E+00
   1.5400E+01   1.5929E+03   3.4015E+02   1.1391E+05   1.2483E-05   4.3166E+00
   1.5500E+01   1.5930E+03   3.4015E+02   1.1391E+05   1.2483E-05   4.3169E+00
   1.5600E+01   1.5929E+03   3.4015E+02   1.1391E+05   1.2482E-05   4.3165E+00
   1.5700E+01   1.5930E+03   3.4015E+02   1.1391E+05   1.2483E-05   4.3169E+00
   1.5800E+01   1.5930E+03   3.4015E+02   1.1393E+05   1.2482E-05   4.3166E+00
   1.5900E+01   1.5930E+03   3.4015E+02   1.1393E+05   1.2481E-05   4.3166E+00
   1.6000E+01   1.5930E+03   3.4015E+02   1.1393E+05   1.2481E-05   4.3166E+00
   1.6100E+01   1.5930E+03   3.4015E+02   1.1393E+05   1.2481E-05   4.3166E+00
   1.6200E+01   1.5930E+03   3.4015E+02   1.1393E+05   1.2480E-05   4.3166E+00
   1.6300E+01   1.5931E+03   3.4015E+02   1.1393E+05   1.2480E-05   4.3169E+00
   1.6400E+01   1.5930E+03   3.4015E+02   1.1393E+05   1.2480E-05   4.3166E+00
   1.6500E+01   1.5931E+03   3.4015E+02   1.1393E+05   1.2480E-05   4.3169E+00
   1.6600E+01   1.5931E+03   3.4015E+02   1.1395E+05   1.2479E-05   4.3167E+00
   1.6700E+01   1.5931E+03   3.4015E+02   1.1395E+05   1.2478E-05   4.3167E+00
   1.6800E+01   1.5931E+03   3.4015E+02   1.1395E+05   1.2478E-05   4.3166E+00
   1.6900E+01   1.5931E+03   3.4015E+02   1.1395E+05   1.2478E-05   4.3169E+00
   1.7000E+01   1.5931E+03   3.4015E+02   1.1395E+05   1.2477E-05   4.3166E+00
   1.7100E+01   1.5931E+03   3.4015E+02   1.1395E+05   1.2477E-05   4.3166E+00
   1.7200E+01   1.5931E+03   3.4015E+02   1.1395E+05   1.2477E-05   4.3169E+00
   1.7300E+01   1.5931E+03   3.4015E+02   1.1397E+05   1.2476E-05   4.3167E+00
   1.7400E+01   1.5931E+03   3.4015E+02   1.1397E+05   1.2476E-05   4.3167E+00
   1.7500E+01   1.5931E+03   3.4015E+02   1.1397E+05   1.2475E-05   4.3166E+00
   1.7600E+01   1.5931E+03   3.4015E+02   1.1397E+05   1.2475E-05   4.3166E+00
   1.7700E+01   1.5931E+03   3.4015E+02   1.1397E+05   1.2475E-05   4.3166E+00
   1.7800E+01   1.5931E+03   3.4015E+02   1.1397E+05   1.2474E-05   4.3166E+00
   1.7900E+01   1.5932E+03   3.4015E+02   1.1397E+05   1.2475E-05   4.3169E+00
   1.8000E+01   1.5932E+03   3.4015E+02   1.1397E+05   1.2474E-05   4.3169E+00
   1.8100E+01   1.5932E+03   3.4015E+02   1.1399E+05   1.2473E-05   4.3167E+00
   1.8200E+01   1.5932E+03   3.4015E+02   1.1399E+05   1.2473E-05   4.3167E+00
   1.8300E+01   1.5932E+03   3.4015E+02   1.1399E+05   1.2473E-05   4.3167E+00
   1.8400E+01   1.5932E+03   3.4015E+02   1.1399E+05   1.2472E-05   4.3167E+00
   1.8500E+01   1.5933E+03   3.4015E+02   1.1399E+05   1.2472E-05   4.3169E+00
   1.8600E+01   1.5932E+03   3.4015E+02   1.1399E+05   1.2472E-05   4.3166E+00
   1.8700E+01   1.5933E+03   3.4015E+02   1.1399E+05   1.2472E-05   4.3169E+00
   1.8800E+01   1.5933E+03   3.4015E+02   1.1401E+05   1.2471E-05   4.3167E+00
   1.8900E+01   1.5933E+03   3.4015E+02   1.1401E+05   1.2470E-05   4.3167E+00
   1.9000E+01   1.5933E+03   3.4015E+02   1.1401E+05   1.2470E-05   4.3167E+00
   1.9100E+01   1.5933E+03   3.4015E+02   1.1401E+05   1.2470E-05   4.3167E+00
   1.9200E+01   1.5933E+03   3.4015E+02   1.1401E+05   1.2470E-05   4.3169E+00
   1.9300E+01   1.5933E+03   3.4015E+02   1.1401E+05   1.2469E-05   4.3167E+00
   1.9400E+01   1.5933E+03   3.4015E+02   1.1401E+05   1.2469E-05   4.3169E+00
   1.9500E+01   1.5933E+03   3.4015E+02   1.1403E+05   1.2468E-05   4.3167E+00
   1.9600E+01   1.5933E+03   3.4015E+02   1.1403E+05   1.2468E-05   4.3167E+00
   1.9700E+01   1.5933E+03   3.4015E+02   1.1403E+05   1.2468E-05   4.3167E+00
   1.9800E+01   1.5933E+03   3.4015E+02   1.1403E+05   1.2467E-05   4.3167E+00
   1.9900E+01   1.5933E+03   3.4015E+02   1.1403E+05   1.2467E-05   4.3167E+00
   2.0000E+01   1.5934E+03   3.4015E+02   1.1403E+05   1.2467E-05   4.3169E+00
   2.0100E+01   1.5934E+03   3.4015E+02   1.1403E+05   1.2467E-05   4.3169E+00
   2.0200E+01   1.5933E+03   3.4015E+02   1.1403E+05   1.2466E-05   4.3166E+00
   2.0300E+01   1.5934E+03   3.4015E+02   1.1403E+05   1.2466E-05   4.3169E+00
   2.0400E+01   1.5934E+03   3.4015E+02   1.1405E+05   1.2465E-05   4.3167E+00
   2.0500E+01   1.5934E+03   3.4015E+02   1.1405E+05   1.2465E-05   4.3167E+00
   2.0600E+01   1.5934E+03   3.4015E+02   1.1405E+05   1.2464E-05   4.3167E+00
   2.0700E+01   1.5934E+03   3.4015E+02   1.1405E+05   1.2464E-05   4.3167E+00
   2.0800E+01   1.5934E+03   3.4015E+02   1.1405E+05   1.2464E-05   4.3166E+00
   2.0900E+01   1.5934E+03   3.4015E+02   1.1405E+05   1.2463E-05   4.3166E+00
   2.1000E+01   1.5934E+03   3.4015E+02   1.1405E+05   1.2463E-05   4.3166E+00
   2.1100E+01   1.5934E+03   3.4015E+02   1.1407E+05   1.2463E-05   4.3168E+00
   2.1200E+01   1.5934E+03   3.4015E+02   1.1407E+05   1.2462E-05   4.3167E+00
   2.1300E+01   1.5934E+03   3.4015E+02   1.1407E+05   1.2462E-05   4.3167E+00
   2.1500E+01   1.5934E+03   3.4015E+02   1.1407E+05   1.2461E-05   4.3167E+00
   2.1700E+01   1.5935E+03   3.4015E+02   1.1407E+05   1.2461E-05   4.3169E+00
   2.1900E+01   1.5935E+03   3.4015E+02   1.1407E+05   1.2460E-05   4.3169E+00
   2.2100E+01   1.5935E+03   3.4015E+02   1.1410E+05   1.2459E-05   4.3167E+00
   2.2300E+01   1.5935E+03   3.4015E+02   1.1410E+05   1.2459E-05   4.3167E+00
   2.2500E+01   1.5935E+03   3.4015E+02   1.1410E+05   1.2458E-05   4.3167E+00
   2.2700E+01   1.5936E+03   3.4015E+02   1.1410E+05   1.2458E-05   4.3169E+00
   2.2900E+01   1.5936E+03   3.4015E+02   1.1410E+05   1.2457E-05   4.3169E+00
   2.3100E+01   1.5936E+03   3.4015E+02   1.1412E+05   1.2456E-05   4.3167E+00
   2.3300E+01   1.5936E+03   3.4015E+02   1.1412E+05   1.2455E-05   4.3167E+00
   2.3500E+01   1.5936E+03   3.4015E+02   1.1412E+05   1.2454E-05   4.3167E+00
   2.3700E+01   1.5936E+03   3.4015E+02   1.1415E+05   1.2454E-05   4.3168E+00
   2.3900E+01   1.5936E+03   3.4015E+02   1.1415E+05   1.2453E-05   4.3168E+00
   2.4100E+01   1.5936E+03   3.4015E+02   1.1415E+05   1.2452E-05   4.3167E+00
   2.4300E+01   1.5936E+03   3.4015E+02   1.1415E+05   1.2452E-05   4.3167E+00
   2.4500E+01   1.5937E+03   3.4015E+02   1.1417E+05   1.2451E-05   4.3168E+00
   2.4700E+01   1.5937E+03   3.4015E+02   1.1417E+05   1.2451E-05   4.3168E+00
   2.4900E+01   1.5937E+03   3.4015E+02   1.1417E+05   1.2450E-05   4.3167E+00
   2.5100E+01   1.5937E+03   3.4015E+02   1.1417E+05   1.2449E-05   4.3167E+00
   2.5300E+01   1.5937E+03   3.4015E+02   1.1419E+05   1.2449E-05   4.3168E+00
   2.5500E+01   1.5937E+03   3.4015E+02   1.1419E+05   1.2448E-05   4.3168E+00
   2.5700E+01   1.5937E+03   3.4015E+02   1.1419E+05   1.2447E-05   4.3167E+00
   2.5900E+01   1.5938E+03   3.4015E+02   1.1419E+05   1.2447E-05   4.3169E+00
   2.6100E+01   1.5938E+03   3.4015E+02   1.1421E+05   1.2446E-05   4.3168E+00
   2.6300E+01   1.5938E+03   3.4015E+02   1.1421E+05   1.2445E-05   4.3168E+00
   2.6500E+01   1.5938E+03   3.4015E+02   1.1421E+05   1.2445E-05   4.3169E+00
   2.6700E+01   1.5938E+03   3.4015E+02   1.1421E+05   1.2444E-05   4.3169E+00
   2.6900E+01   1.5938E+03   3.4015E+02   1.1423E+05   1.2443E-05   4.3168E+00
   2.7100E+01   1.5938E+03   3.4015E+02   1.1423E+05   1.2443E-05   4.3168E+00
   2.7300E+01   1.5938E+03   3.4015E+02   1.1423E+05   1.2442E-05   4.3167E+00
   2.7500E+01   1.5938E+03   3.4015E+02   1.1423E+05   1.2441E-05   4.3167E+00
   2.7700E+01   1.5939E+03   3.4015E+02   1.1426E+05   1.2441E-05   4.3168E+00
   2.7900E+01   1.5939E+03   3.4015E+02   1.1426E+05   1.2440E-05   4.3168E+00
   2.8100E+01   1.5939E+03   3.4015E+02   1.1426E+05   1.2440E-05   4.3169E+00
   2.8300E+01   1.5939E+03   3.4015E+02   1.1426E+05   1.2439E-05   4.3169E+00
   2.8500E+01   1.5939E+03   3.4015E+02   1.1426E+05   1.2438E-05   4.3169E+00
   2.8700E+01   1.5939E+03   3.4015E+02   1.1429E+05   1.2438E-05   4.3168E+00
   2.8900E+01   1.5940E+03   3.4015E+02   1.1429E+05   1.2437E-05   4.3169E+00
   2.9100E+01   1.5940E+03   3.4015E+02   1.1429E+05   1.2436E-05   4.3169E+00
   2.9300E+01   1.5940E+03   3.4015E+02   1.1429E+05   1.2436E-05   4.3169E+00
   2.9500E+01   1.5940E+03   3.4015E+02   1.1432E+05   1.2435E-05   4.3169E+00
   2.9700E+01   1.5940E+03   3.4015E+02   1.1432E+05   1.2434E-05   4.3168E+00
   2.9900E+01   1.5940E+03   3.4015E+02   1.1432E+05   1.2434E-05   4.3168E+00
   3.0100E+01   1.5940E+03   3.4015E+02   1.1432E+05   1.2433E-05   4.3167E+00
   3.0300E+01   1.5940E+03   3.4015E+02   1.1432E+05   1.2433E-05   4.3169E+00
   3.0500E+01   1.5940E+03   3.4015E+02   1.1434E+05   1.2432E-05   4.3169E+00
   3.0700E+01   1.5940E+03   3.4015E+02   1.1434E+05   1.2431E-05   4.3168E+00
   3.0900E+01   1.5940E+03   3.4015E+02   1.1434E+05   1.2430E-05   4.3167E+00
   3.1100E+01   1.5941E+03   3.4015E+02   1.1434E+05   1.2430E-05   4.3169E+00
   3.1300E+01   1.5941E+03   3.4015E+02   1.1437E+05   1.2429E-05   4.3169E+00
   3.1500E+01   1.5941E+03   3.4015E+02   1.1437E+05   1.2429E-05   4.3168E+00
   3.1700E+01   1.5941E+03   3.4015E+02   1.1437E+05   1.2428E-05   4.3167E+00
   3.1900E+01   1.5941E+03   3.4015E+02   1.1437E+05   1.2427E-05   4.3167E+00
   3.2100E+01   1.5941E+03   3.4015E+02   1.1437E+05   1.2427E-05   4.3169E+00
   3.2300E+01   1.5941E+03   3.4015E+02   1.1440E+05   1.2426E-05   4.3169E+00
   3.2500E+01   1.5941E+03   3.4015E+02   1.1440E+05   1.2426E-05   4.3168E+00
   3.2700E+01   1.5941E+03   3.4015E+02   1.1440E+05   1.2425E-05   4.3168E+00
   3.2900E+01   1.5942E+03   3.4015E+02   1.1440E+05   1.2424E-05   4.3169E+00
   3.3100E+01   1.5942E+03   3.4015E+02   1.1440E+05   1.2424E-05   4.3169E+00
   3.3300E+01   1.5942E+03   3.4015E+02   1.1443E+05   1.2423E-05   4.3169E+00
   3.3500E+01   1.5942E+03   3.4015E+02   1.1443E+05   1.2422E-05   4.3168E+00
   3.3700E+01   1.5942E+03   3.4015E+02   1.1443E+05   1.2422E-05   4.3168E+00
   3.3900E+01   1.5942E+03   3.4015E+02   1.1443E+05   1.2421E-05   4.3169E+00
   3.4100E+01   1.5943E+03   3.4015E+02   1.1443E+05   1.2421E-05   4.3169E+00
   3.4300E+01   1.5943E+03   3.4015E+02   1.1446E+05   1.2420E-05   4.3169E+00
   3.4500E+01   1.5943E+03   3.4015E+02   1.1446E+05   1.2419E-05   4.3168E+00
   3.4700E+01   1.5943E+03   3.4015E+02   1.1446E+05   1.2419E-05   4.3168E+00
   3.4900E+01   1.5943E+03   3.4015E+02   1.1446E+05   1.2418E-05   4.3167E+00
   3.5100E+01   1.5943E+03   3.4015E+02   1.1446E+05   1.2417E-05   4.3166E+00
   3.5300E+01   1.5943E+03   3.4015E+02   1.1449E+05   1.2417E-05   4.3169E+00
   3.5500E+01   1.5943E+03   3.4015E+02   1.1449E+05   1.2416E-05   4.3168E+00
   3.5700E+01   1.5943E+03   3.4015E+02   1.1449E+05   1.2416E-05   4.3168E+00
   3.5900E+01   1.5943E+03   3.4015E+02   1.1449E+05   1.2415E-05   4.3167E+00
   3.6100E+01   1.5944E+03   3.4015E+02   1.1452E+05   1.2415E-05   4.3169E+00
   3.6300E+01   1.5944E+03   3.4015E+02   1.1452E+05   1.2414E-05   4.3169E+00
   3.6500E+01   1.5944E+03   3.4015E+02   1.1452E+05   1.2413E-05   4.3168E+00
   3.6700E+01   1.5944E+03   3.4015E+02   1.1452E+05   1.2413E-05   4.3167E+00
   3.6900E+01   1.5944E+03   3.4015E+02   1.1452E+05   1.2412E-05   4.3167E+00
   3.7100E+01   1.5944E+03   3.4015E+02   1.1455E+05   1.2412E-05   4.3169E+00
   3.7300E+01   1.5944E+03   3.4015E+02   1.1455E+05   1.2411E-05   4.3169E+00
   3.7500E+01   1.5944E+03   3.4015E+02   1.1455E+05   1.2410E-05   4.3168E+00
   3.7700E+01   1.5944E+03   3.4015E+02   1.1455E+05   1.2410E-05   4.3167E+00
   3.7900E+01   1.5944E+03   3.4015E+02   1.1455E+05   1.2409E-05   4.3167E+00
   3.8100E+01   1.5945E+03   3.4015E+02   1.1458E+05   1.2409E-05   4.3170E+00
   3.8300E+01   1.5945E+03   3.4015E+02   1.1458E+05   1.2408E-05   4.3169E+00
   3.8500E+01   1.5945E+03   3.4015E+02   1.1458E+05   1.2407E-05   4.3168E+00
   3.8700E+01   1.5945E+03   3.4015E+02   1.1458E+05   1.2407E-05   4.3168E+00
   3.8900E+01   1.5945E+03   3.4015E+02   1.1458E+05   1.2406E-05   4.3167E+00
   3.9100E+01   1.5945E+03   3.4015E+02   1.1462E+05   1.2406E-05   4.3170E+00
   3.9300E+01   1.5945E+03   3.4015E+02   1.1462E+05   1.2405E-05   4.3169E+00
   3.9500E+01   1.5945E+03   3.4015E+02   1.1462E+05   1.2404E-05   4.3169E+00
   3.9700E+01   1.5945E+03   3.4015E+02   1.1462E+05   1.2404E-05   4.3168E+00
   3.9900E+01   1.5945E+03   3.4015E+02   1.1462E+05   1.2403E-05   4.3167E+00
   4.0100E+01   1.5946E+03   3.4015E+02   1.1462E+05   1.2403E-05   4.3169E+00
   4.0300E+01   1.5946E+03   3.4015E+02   1.1465E+05   1.2402E-05   4.3169E+00
   4.0500E+01   1.5946E+03   3.4015E+02   1.1465E+05   1.2401E-05   4.3169E+00
   4.0700E+01   1.5946E+03   3.4015E+02   1.1465E+05   1.2401E-05   4.3168E+00
   4.0900E+01   1.5946E+03   3.4015E+02   1.1465E+05   1.2400E-05   4.3167E+00
   4.1200E+01   1.5946E+03   3.4015E+02   1.1468E+05   1.2400E-05   4.3169E+00
   4.1500E+01   1.5946E+03   3.4015E+02   1.1468E+05   1.2398E-05   4.3168E+00
   4.1800E+01   1.5946E+03   3.4015E+02   1.1468E+05   1.2397E-05   4.3167E+00
   4.2100E+01   1.5947E+03   3.4015E+02   1.1471E+05   1.2397E-05   4.3169E+00
   4.2400E+01   1.5947E+03   3.4015E+02   1.1471E+05   1.2396E-05   4.3168E+00
   4.2700E+01   1.5947E+03   3.4015E+02   1.1471E+05   1.2395E-05   4.3169E+00
   4.3000E+01   1.5947E+03   3.4015E+02   1.1474E+05   1.2394E-05   4.3169E+00
   4.3300E+01   1.5947E+03   3.4015E+02   1.1474E+05   1.2393E-05   4.3168E+00
   4.3600E+01   1.5948E+03   3.4015E+02   1.1477E+05   1.2393E-05   4.3170E+00
   4.3900E+01   1.5948E+03   3.4015E+02   1.1477E+05   1.2392E-05   4.3169E+00
   4.4200E+01   1.5948E+03   3.4015E+02   1.1477E+05   1.2391E-05   4.3167E+00
   4.4500E+01   1.5948E+03   3.4015E+02   1.1477E+05   1.2389E-05   4.3166E+00
   4.4800E+01   1.5948E+03   3.4015E+02   1.1479E+05   1.2389E-05   4.3169E+00
   4.5100E+01   1.5949E+03   3.4015E+02   1.1479E+05   1.2388E-05   4.3169E+00
   4.5400E+01   1.5949E+03   3.4015E+02   1.1483E+05   1.2388E-05   4.3170E+00
   4.5700E+01   1.5949E+03   3.4015E+02   1.1483E+05   1.2387E-05   4.3169E+00
   4.6000E+01   1.5949E+03   3.4015E+02   1.1483E+05   1.2385E-05   4.3168E+00
   4.6300E+01   1.5949E+03   3.4015E+02   1.1485E+05   1.2385E-05   4.3168E+00
   4.6600E+01   1.5949E+03   3.4015E+02   1.1485E+05   1.2384E-05   4.3167E+00
   4.6900E+01   1.5949E+03   3.4015E+02   1.1485E+05   1.2383E-05   4.3165E+00
   4.7200E+01   1.5950E+03   3.4015E+02   1.1489E+05   1.2382E-05   4.3169E+00
   4.7500E+01   1.5950E+03   3.4015E+02   1.1489E+05   1.2381E-05   4.3168E+00
   4.7800E+01   1.5950E+03   3.4015E+02   1.1489E+05   1.2380E-05   4.3166E+00
   4.8100E+01   1.5950E+03   3.4015E+02   1.1492E+05   1.2380E-05   4.3170E+00
   4.8400E+01   1.5950E+03   3.4015E+02   1.1492E+05   1.2379E-05   4.3168E+00
   4.8700E+01   1.5950E+03   3.4015E+02   1.1492E+05   1.2378E-05   4.3167E+00
   4.9000E+01   1.5950E+03   3.4015E+02   1.1495E+05   1.2377E-05   4.3167E+00
   4.9300E+01   1.5950E+03   3.4015E+02   1.1495E+05   1.2376E-05   4.3166E+00
   4.9600E+01   1.5950E+03   3.4015E+02   1.1495E+05   1.2375E-05   4.3165E+00
   4.9900E+01   1.5951E+03   3.4015E+02   1.1498E+05   1.2375E-05   4.3169E+00
   5.0200E+01   1.5951E+03   3.4015E+02   1.1498E+05   1.2374E-05   4.3167E+00
   5.0500E+01   1.5951E+03   3.4015E+02   1.1501E+05   1.2373E-05   4.3167E+00
   5.0800E+01   1.5951E+03   3.4015E+02   1.1501E+05   1.2372E-05   4.3166E+00
   5.1100E+01   1.5951E+03   3.4015E+02   1.1501E+05   1.2371E-05   4.3164E+00
   5.1400E+01   1.5952E+03   3.4015E+02   1.1504E+05   1.2371E-05   4.3169E+00
   5.1700E+01   1.5952E+03   3.4015E+02   1.1504E+05   1.2369E-05   4.3168E+00
   5.2000E+01   1.5953E+03   3.4015E+02   1.1504E+05   1.2369E-05   4.3169E+00
   5.2300E+01   1.5953E+03   3.4015E+02   1.1504E+05   1.2368E-05   4.3169E+00
   5.2600E+01   1.5953E+03   3.4015E+02   1.1509E+05   1.2367E-05   4.3169E+00
   5.2900E+01   1.5953E+03   3.4015E+02   1.1509E+05   1.2366E-05   4.3168E+00
   5.3200E+01   1.5954E+03   3.4015E+02   1.1509E+05   1.2365E-05   4.3169E+00
   5.3500E+01   1.5954E+03   3.4015E+02   1.1512E+05   1.2365E-05   4.3170E+00
   5.3800E+01   1.5954E+03   3.4015E+02   1.1512E+05   1.2364E-05   4.3169E+00
   5.4100E+01   1.5954E+03   3.4015E+02   1.1512E+05   1.2363E-05   4.3169E+00
   5.4400E+01   1.5954E+03   3.4015E+02   1.1515E+05   1.2362E-05   4.3169E+00
   5.4700E+01   1.5954E+03   3.4015E+02   1.1515E+05   1.2361E-05   4.3167E+00
   5.5000E+01   1.5954E+03   3.4015E+02   1.1515E+05   1.2360E-05   4.3166E+00
   5.5300E+01   1.5955E+03   3.4015E+02   1.1519E+05   1.2359E-05   4.3169E+00
   5.5600E+01   1.5955E+03   3.4015E+02   1.1519E+05   1.2358E-05   4.3168E+00
   5.5900E+01   1.5955E+03   3.4015E+02   1.1519E+05   1.2357E-05   4.3166E+00
   5.6200E+01   1.5956E+03   3.4015E+02   1.1522E+05   1.2357E-05   4.3169E+00
   5.6500E+01   1.5956E+03   3.4015E+02   1.1522E+05   1.2356E-05   4.3167E+00
   5.6800E+01   1.5956E+03   3.4015E+02   1.1525E+05   1.2355E-05   4.3169E+00
   5.7100E+01   1.5956E+03   3.4015E+02   1.1525E+05   1.2354E-05   4.3168E+00
   5.7400E+01   1.5957E+03   3.4015E+02   1.1525E+05   1.2353E-05   4.3169E+00
   5.7700E+01   1.5957E+03   3.4015E+02   1.1529E+05   1.2353E-05   4.3170E+00
   5.8000E+01   1.5957E+03   3.4015E+02   1.1529E+05   1.2351E-05   4.3168E+00
   5.8300E+01   1.5958E+03   3.4015E+02   1.1529E+05   1.2351E-05   4.3169E+00
   5.8600E+01   1.5958E+03   3.4015E+02   1.1532E+05   1.2350E-05   4.3169E+00
   5.8900E+01   1.5958E+03   3.4015E+02   1.1532E+05   1.2349E-05   4.3168E+00
   5.9200E+01   1.5959E+03   3.4015E+02   1.1532E+05   1.2348E-05   4.3169E+00
   5.9500E+01   1.5959E+03   3.4015E+02   1.1535E+05   1.2347E-05   4.3168E+00
   5.9800E+01   1.5959E+03   3.4015E+02   1.1535E+05   1.2346E-05   4.3167E+00
   6.0100E+01   1.5959E+03   3.4015E+02   1.1535E+05   1.2345E-05   4.3165E+00
   6.0500E+01   1.5959E+03   3.4015E+02   1.1538E+05   1.2344E-05   4.3168E+00
   6.0900E+01   1.5960E+03   3.4015E+02   1.1538E+05   1.2343E-05   4.3169E+00
   6.1300E+01   1.5960E+03   3.4015E+02   1.1542E+05   1.2342E-05   4.3169E+00
   6.1700E+01   1.5960E+03   3.4015E+02   1.1542E+05   1.2341E-05   4.3166E+00
   6.2100E+01   1.5961E+03   3.4015E+02   1.1545E+05   1.2340E-05   4.3168E+00
   6.2500E+01   1.5961E+03   3.4015E+02   1.1545E+05   1.2338E-05   4.3166E+00
   6.2900E+01   1.5961E+03   3.4015E+02   1.1548E+05   1.2337E-05   4.3165E+00
   6.3300E+01   1.5961E+03   3.4015E+02   1.1548E+05   1.2336E-05   4.3163E+00
   6.3700E+01   1.5961E+03   3.4015E+02   1.1551E+05   1.2335E-05   4.3162E+00
   6.4100E+01   1.5961E+03   3.4015E+02   1.1551E+05   1.2333E-05   4.3159E+00
   6.4500E+01   1.5963E+03   3.4015E+02   1.1557E+05   1.2333E-05   4.3168E+00
   6.4900E+01   1.5963E+03   3.4015E+02   1.1557E+05   1.2332E-05   4.3166E+00
   6.5300E+01   1.5963E+03   3.4015E+02   1.1557E+05   1.2330E-05   4.3163E+00
   6.5700E+01   1.5964E+03   3.4015E+02   1.1560E+05   1.2330E-05   4.3168E+00
   6.6100E+01   1.5964E+03   3.4015E+02   1.1560E+05   1.2328E-05   4.3166E+00
   6.6500E+01   1.5965E+03   3.4015E+02   1.1563E+05   1.2328E-05   4.3168E+00
   6.6900E+01   1.5965E+03   3.4015E+02   1.1563E+05   1.2326E-05   4.3166E+00
   6.7300E+01   1.5966E+03   3.4015E+02   1.1567E+05   1.2325E-05   4.3168E+00
   6.7700E+01   1.5966E+03   3.4015E+02   1.1567E+05   1.2324E-05   4.3169E+00
   6.8100E+01   1.5966E+03   3.4015E+02   1.1570E+05   1.2323E-05   4.3168E+00
   6.8500E+01   1.5967E+03   3.4015E+02   1.1570E+05   1.2322E-05   4.3169E+00
   6.8900E+01   1.5967E+03   3.4015E+02   1.1574E+05   1.2321E-05   4.3169E+00
   6.9300E+01   1.5967E+03   3.4015E+02   1.1574E+05   1.2320E-05   4.3166E+00
   6.9700E+01   1.5968E+03   3.4015E+02   1.1578E+05   1.2319E-05   4.3169E+00
   7.0100E+01   1.5968E+03   3.4015E+02   1.1578E+05   1.2318E-05   4.3167E+00
   7.0500E+01   1.5969E+03   3.4015E+02   1.1582E+05   1.2317E-05   4.3170E+00
   7.0900E+01   1.5969E+03   3.4015E+02   1.1582E+05   1.2316E-05   4.3169E+00
   7.1300E+01   1.5969E+03   3.4015E+02   1.1585E+05   1.2315E-05   4.3170E+00
   7.1700E+01   1.5969E+03   3.4015E+02   1.1585E+05   1.2313E-05   4.3167E+00
   7.2100E+01   1.5970E+03   3.4015E+02   1.1589E+05   1.2313E-05   4.3169E+00
   7.2500E+01   1.5970E+03   3.4015E+02   1.1589E+05   1.2311E-05   4.3169E+00
   7.2900E+01   1.5970E+03   3.4015E+02   1.1592E+05   1.2310E-05   4.3168E+00
   7.3300E+01   1.5971E+03   3.4015E+02   1.1592E+05   1.2309E-05   4.3169E+00
   7.3700E+01   1.5971E+03   3.4015E+02   1.1596E+05   1.2308E-05   4.3169E+00
   7.4100E+01   1.5971E+03   3.4015E+02   1.1596E+05   1.2307E-05   4.3167E+00
   7.4500E+01   1.5972E+03   3.4015E+02   1.1600E+05   1.2306E-05   4.3170E+00
   7.4900E+01   1.5972E+03   3.4015E+02   1.1600E+05   1.2305E-05   4.3167E+00
   7.5300E+01   1.5973E+03   3.4015E+02   1.1604E+05   1.2305E-05   4.3172E+00
   7.5700E+01   1.5973E+03   3.4015E+02   1.1604E+05   1.2303E-05   4.3169E+00
   7.6100E+01   1.5973E+03   3.4015E+02   1.1604E+05   1.2302E-05   4.3169E+00
   7.6500E+01   1.5974E+03   3.4015E+02   1.1610E+05   1.2303E-05   4.3175E+00
   7.6900E+01   1.5974E+03   3.4015E+02   1.1610E+05   1.2301E-05   4.3172E+00
   7.7300E+01   1.5973E+03   3.4015E+02   1.1613E+05   1.2301E-05   4.3171E+00
   7.7700E+01   1.5973E+03   3.4015E+02   1.1613E+05   1.2299E-05   4.3169E+00
   7.8100E+01   1.5974E+03   3.4015E+02   1.1617E+05   1.2299E-05   4.3171E+00
   7.8500E+01   1.5974E+03   3.4015E+02   1.1617E+05   1.2297E-05   4.3168E+00
   7.9000E+01   1.5974E+03   3.4015E+02   1.1620E+05   1.2296E-05   4.3169E+00
   7.9500E+01   1.5974E+03   3.4015E+02   1.1620E+05   1.2294E-05   4.3165E+00
   8.0000E+01   1.5975E+03   3.4015E+02   1.1624E+05   1.2293E-05   4.3168E+00
   8.0500E+01   1.5976E+03   3.4015E+02   1.1628E+05   1.2292E-05   4.3170E+00
   8.1000E+01   1.5976E+03   3.4015E+02   1.1628E+05   1.2290E-05   4.3166E+00
   8.1500E+01   1.5976E+03   3.4015E+02   1.1631E+05   1.2289E-05   4.3168E+00
   8.2000E+01   1.5977E+03   3.4015E+02   1.1635E+05   1.2289E-05   4.3170E+00
   8.2500E+01   1.5977E+03   3.4015E+02   1.1635E+05   1.2287E-05   4.3167E+00
   8.3000E+01   1.5977E+03   3.4015E+02   1.1639E+05   1.2286E-05   4.3168E+00
   8.3500E+01   1.5978E+03   3.4015E+02   1.1643E+05   1.2285E-05   4.3170E+00
   8.4000E+01   1.5979E+03   3.4015E+02   1.1643E+05   1.2283E-05   4.3169E+00
   8.4500E+01   1.5979E+03   3.4015E+02   1.1647E+05   1.2282E-05   4.3168E+00
   8.5000E+01   1.5979E+03   3.4015E+02   1.1650E+05   1.2281E-05   4.3171E+00
   8.5500E+01   1.5979E+03   3.4015E+02   1.1650E+05   1.2279E-05   4.3167E+00
   8.6000E+01   1.5980E+03   3.4015E+02   1.1654E+05   1.2279E-05   4.3169E+00
   8.6500E+01   1.5980E+03   3.4015E+02   1.1657E+05   1.2278E-05   4.3170E+00
   8.7000E+01   1.5981E+03   3.4015E+02   1.1661E+05   1.2277E-05   4.3171E+00
   8.7500E+01   1.5981E+03   3.4015E+02   1.1661E+05   1.2275E-05   4.3169E+00
   8.8000E+01   1.5981E+03   3.4015E+02   1.1665E+05   1.2274E-05   4.3170E+00
   8.8500E+01   1.5982E+03   3.4015E+02   1.1668E+05   1.2273E-05   4.3171E+00
   8.9000E+01   1.5982E+03   3.4015E+02   1.1668E+05   1.2271E-05   4.3167E+00
   8.9500E+01   1.5982E+03   3.4015E+02   1.1673E+05   1.2271E-05   4.3170E+00
   9.0000E+01   1.5983E+03   3.4015E+02   1.1673E+05   1.2269E-05   4.3169E+00
   9.0500E+01   1.5983E+03   3.4015E+02   1.1677E+05   1.2268E-05   4.3168E+00
   9.1000E+01   1.5984E+03   3.4015E+02   1.1680E+05   1.2267E-05   4.3170E+00
   9.1500E+01   1.5984E+03   3.4015E+02   1.1684E+05   1.2266E-05   4.3170E+00
   9.2000E+01   1.5984E+03   3.4015E+02   1.1684E+05   1.2264E-05   4.3169E+00
   9.2500E+01   1.5985E+03   3.4015E+02   1.1688E+05   1.2263E-05   4.3169E+00
   9.3000E+01   1.5985E+03   3.4015E+02   1.1692E+05   1.2262E-05   4.3171E+00
   9.3500E+01   1.5986E+03   3.4015E+02   1.1695E+05   1.2261E-05   4.3171E+00
   9.4000E+01   1.5986E+03   3.4015E+02   1.1695E+05   1.2259E-05   4.3167E+00
   9.4500E+01   1.5986E+03   3.4015E+02   1.1699E+05   1.2259E-05   4.3170E+00
   9.5000E+01   1.5987E+03   3.4015E+02   1.1703E+05   1.2258E-05   4.3171E+00
   9.5500E+01   1.5987E+03   3.4015E+02   1.1703E+05   1.2256E-05   4.3167E+00
   9.6000E+01   1.5988E+03   3.4015E+02   1.1707E+05   1.2255E-05   4.3169E+00
   9.6500E+01   1.5988E+03   3.4015E+02   1.1712E+05   1.2255E-05   4.3172E+00
   9.7000E+01   1.5988E+03   3.4015E+02   1.1712E+05   1.2253E-05   4.3168E+00
   9.7600E+01   1.5989E+03   3.4015E+02   1.1715E+05   1.2251E-05   4.3168E+00
   9.8200E+01   1.5990E+03   3.4015E+02   1.1719E+05   1.2250E-05   4.3170E+00
   9.8800E+01   1.5990E+03   3.4015E+02   1.1722E+05   1.2249E-05   4.3169E+00
   9.9400E+01   1.5991E+03   3.4015E+02   1.1726E+05   1.2247E-05   4.3170E+00
   1.0000E+02   1.5991E+03   3.4015E+02   1.1730E+05   1.2246E-05   4.3170E+00
   1.0060E+02   1.5992E+03   3.4015E+02   1.1733E+05   1.2245E-05   4.3171E+00
   1.0120E+02   1.5992E+03   3.4015E+02   1.1737E+05   1.2243E-05   4.3171E+00
   1.0180E+02   1.5993E+03   3.4015E+02   1.1741E+05   1.2242E-05   4.3171E+00
   1.0240E+02   1.5993E+03   3.4015E+02   1.1741E+05   1.2240E-05   4.3169E+00
   1.0300E+02   1.5994E+03   3.4015E+02   1.1745E+05   1.2239E-05   4.3168E+00
   1.0360E+02   1.5994E+03   3.4015E+02   1.1749E+05   1.2237E-05   4.3169E+00
   1.0420E+02   1.5995E+03   3.4015E+02   1.1753E+05   1.2236E-05   4.3169E+00
   1.0480E+02   1.5995E+03   3.4015E+02   1.1756E+05   1.2235E-05   4.3168E+00
   1.0540E+02   1.5996E+03   3.4015E+02   1.1760E+05   1.2233E-05   4.3169E+00
   1.0600E+02   1.5996E+03   3.4015E+02   1.1763E+05   1.2232E-05   4.3169E+00
   1.0660E+02   1.5997E+03   3.4015E+02   1.1768E+05   1.2231E-05   4.3170E+00
   1.0720E+02   1.5997E+03   3.4015E+02   1.1771E+05   1.2230E-05   4.3170E+00
   1.0780E+02   1.5998E+03   3.4015E+02   1.1776E+05   1.2229E-05   4.3171E+00
   1.0840E+02   1.5998E+03   3.4015E+02   1.1779E+05   1.2227E-05   4.3171E+00
   1.0900E+02   1.5998E+03   3.4015E+02   1.1783E+05   1.2226E-05   4.3169E+00
   1.0960E+02   1.5999E+03   3.4015E+02   1.1787E+05   1.2225E-05   4.3172E+00
   1.1020E+02   1.6000E+03   3.4015E+02   1.1787E+05   1.2223E-05   4.3168E+00
   1.1080E+02   1.6000E+03   3.4015E+02   1.1792E+05   1.2221E-05   4.3168E+00
   1.1140E+02   1.6000E+03   3.4015E+02   1.1796E+05   1.2220E-05   4.3169E+00
   1.1200E+02   1.6001E+03   3.4015E+02   1.1799E+05   1.2219E-05   4.3169E+00
   1.1260E+02   1.6001E+03   3.4015E+02   1.1804E+05   1.2218E-05   4.3171E+00
   1.1320E+02   1.6002E+03   3.4015E+02   1.1808E+05   1.2217E-05   4.3170E+00
   1.1380E+02   1.6002E+03   3.4015E+02   1.1812E+05   1.2215E-05   4.3171E+00
   1.1440E+02   1.6003E+03   3.4015E+02   1.1816E+05   1.2214E-05   4.3171E+00
   1.1510E+02   1.6003E+03   3.4015E+02   1.1820E+05   1.2213E-05   4.3170E+00
   1.1580E+02   1.6004E+03   3.4015E+02   1.1824E+05   1.2211E-05   4.3169E+00
   1.1650E+02   1.6004E+03   3.4015E+02   1.1828E+05   1.2209E-05   4.3168E+00
   1.1720E+02   1.6005E+03   3.4015E+02   1.1832E+05   1.2208E-05   4.3169E+00
   1.1790E+02   1.6005E+03   3.4015E+02   1.1836E+05   1.2206E-05   4.3167E+00
   1.1860E+02   1.6006E+03   3.4015E+02   1.1840E+05   1.2205E-05   4.3168E+00
   1.1930E+02   1.6006E+03   3.4015E+02   1.1847E+05   1.2204E-05   4.3171E+00
   1.2000E+02   1.6007E+03   3.4015E+02   1.1851E+05   1.2202E-05   4.3169E+00
   1.2070E+02   1.6007E+03   3.4015E+02   1.1855E+05   1.2201E-05   4.3169E+00
   1.2140E+02   1.6008E+03   3.4015E+02   1.1863E+05   1.2201E-05   4.3173E+00
   1.2210E+02   1.6008E+03   3.4015E+02   1.1863E+05   1.2198E-05   4.3168E+00
   1.2280E+02   1.6009E+03   3.4015E+02   1.1868E+05   1.2197E-05   4.3168E+00
   1.2350E+02   1.6009E+03   3.4015E+02   1.1873E+05   1.2195E-05   4.3168E+00
   1.2420E+02   1.6009E+03   3.4015E+02   1.1877E+05   1.2193E-05   4.3166E+00
   1.2490E+02   1.6010E+03   3.4015E+02   1.1884E+05   1.2193E-05   4.3169E+00
   1.2560E+02   1.6010E+03   3.4015E+02   1.1888E+05   1.2191E-05   4.3168E+00
   1.2630E+02   1.6011E+03   3.4015E+02   1.1892E+05   1.2189E-05   4.3167E+00
   1.2700E+02   1.6012E+03   3.4015E+02   1.1897E+05   1.2188E-05   4.3168E+00
   1.2770E+02   1.6012E+03   3.4015E+02   1.1905E+05   1.2188E-05   4.3172E+00
   1.2840E+02   1.6012E+03   3.4015E+02   1.1909E+05   1.2186E-05   4.3170E+00
   1.2910E+02   1.6013E+03   3.4015E+02   1.1914E+05   1.2185E-05   4.3171E+00
   1.2980E+02   1.6013E+03   3.4015E+02   1.1917E+05   1.2183E-05   4.3167E+00
   1.3050E+02   1.6013E+03   3.4015E+02   1.1921E+05   1.2181E-05   4.3164E+00
   1.3120E+02   1.6014E+03   3.4015E+02   1.1929E+05   1.2181E-05   4.3171E+00
   1.3190E+02   1.6015E+03   3.4015E+02   1.1933E+05   1.2179E-05   4.3170E+00
   1.3270E+02   1.6015E+03   3.4015E+02   1.1940E+05   1.2178E-05   4.3171E+00
   1.3350E+02   1.6016E+03   3.4015E+02   1.1944E+05   1.2176E-05   4.3168E+00
   1.3430E+02   1.6017E+03   3.4015E+02   1.1953E+05   1.2175E-05   4.3172E+00
   1.3510E+02   1.6017E+03   3.4015E+02   1.1958E+05   1.2173E-05   4.3171E+00
   1.3590E+02   1.6017E+03   3.4015E+02   1.1962E+05   1.2171E-05   4.3167E+00
   1.3670E+02   1.6018E+03   3.4015E+02   1.1970E+05   1.2170E-05   4.3171E+00
   1.3750E+02   1.6019E+03   3.4015E+02   1.1974E+05   1.2168E-05   4.3168E+00
   1.3830E+02   1.6019E+03   3.4015E+02   1.1982E+05   1.2167E-05   4.3171E+00
   1.3910E+02   1.6020E+03   3.4015E+02   1.1986E+05   1.2165E-05   4.3168E+00
   1.3990E+02   1.6020E+03   3.4015E+02   1.1994E+05   1.2164E-05   4.3169E+00
   1.4070E+02   1.6020E+03   3.4015E+02   1.1997E+05   1.2161E-05   4.3164E+00
   1.4150E+02   1.6022E+03   3.4015E+02   1.2006E+05   1.2161E-05   4.3169E+00
   1.4230E+02   1.6022E+03   3.4015E+02   1.2013E+05   1.2159E-05   4.3170E+00
   1.4310E+02   1.6023E+03   3.4015E+02   1.2016E+05   1.2157E-05   4.3167E+00
   1.4390E+02   1.6024E+03   3.4015E+02   1.2025E+05   1.2156E-05   4.3169E+00
   1.4470E+02   1.6024E+03   3.4015E+02   1.2032E+05   1.2155E-05   4.3170E+00
   1.4550E+02   1.6025E+03   3.4015E+02   1.2036E+05   1.2153E-05   4.3167E+00
   1.4630E+02   1.6025E+03   3.4015E+02   1.2043E+05   1.2151E-05   4.3167E+00
   1.4710E+02   1.6026E+03   3.4015E+02   1.2050E+05   1.2150E-05   4.3169E+00
   1.4790E+02   1.6026E+03   3.4015E+02   1.2058E+05   1.2149E-05   4.3170E+00
   1.4870E+02   1.6026E+03   3.4015E+02   1.2065E+05   1.2148E-05   4.3171E+00
   1.4950E+02   1.6027E+03   3.4015E+02   1.2072E+05   1.2147E-05   4.3171E+00
   1.5030E+02   1.6027E+03   3.4015E+02   1.2075E+05   1.2145E-05   4.3166E+00
   1.5120E+02   1.6028E+03   3.4015E+02   1.2083E+05   1.2144E-05   4.3168E+00
   1.5210E+02   1.6028E+03   3.4015E+02   1.2091E+05   1.2142E-05   4.3168E+00
   1.5300E+02   1.6028E+03   3.4015E+02   1.2099E+05   1.2141E-05   4.3168E+00
   1.5390E+02   1.6028E+03   3.4015E+02   1.2106E+05   1.2139E-05   4.3168E+00
   1.5480E+02   1.6029E+03   3.4015E+02   1.2114E+05   1.2138E-05   4.3168E+00
   1.5570E+02   1.6029E+03   3.4015E+02   1.2123E+05   1.2138E-05   4.3171E+00
   1.5660E+02   1.6029E+03   3.4015E+02   1.2131E+05   1.2136E-05   4.3171E+00
   1.5750E+02   1.6029E+03   3.4015E+02   1.2139E+05   1.2135E-05   4.3169E+00
   1.5840E+02   1.6029E+03   3.4015E+02   1.2146E+05   1.2133E-05   4.3169E+00
   1.5930E+02   1.6029E+03   3.4015E+02   1.2155E+05   1.2132E-05   4.3169E+00
   1.6020E+02   1.6030E+03   3.4015E+02   1.2164E+05   1.2131E-05   4.3170E+00
   1.6110E+02   1.6030E+03   3.4015E+02   1.2171E+05   1.2130E-05   4.3170E+00
   1.6200E+02   1.6030E+03   3.4015E+02   1.2179E+05   1.2129E-05   4.3169E+00
   1.6290E+02   1.6030E+03   3.4015E+02   1.2190E+05   1.2128E-05   4.3173E+00
   1.6380E+02   1.6030E+03   3.4015E+02   1.2199E+05   1.2127E-05   4.3172E+00
   1.6470E+02   1.6030E+03   3.4015E+02   1.2208E+05   1.2127E-05   4.3174E+00
   1.6560E+02   1.6031E+03   3.4015E+02   1.2213E+05   1.2124E-05   4.3170E+00
   1.6650E+02   1.6030E+03   3.4015E+02   1.2222E+05   1.2123E-05   4.3170E+00
   1.6740E+02   1.6031E+03   3.4015E+02   1.2230E+05   1.2122E-05   4.3170E+00
   1.6830E+02   1.6031E+03   3.4015E+02   1.2239E+05   1.2121E-05   4.3170E+00
   1.6930E+02   1.6031E+03   3.4015E+02   1.2250E+05   1.2120E-05   4.3173E+00
   1.7030E+02   1.6031E+03   3.4015E+02   1.2258E+05   1.2119E-05   4.3171E+00
   1.7130E+02   1.6031E+03   3.4015E+02   1.2269E+05   1.2118E-05   4.3172E+00
   1.7230E+02   1.6030E+03   3.4015E+02   1.2278E+05   1.2116E-05   4.3170E+00
   1.7330E+02   1.6030E+03   3.4015E+02   1.2289E+05   1.2116E-05   4.3171E+00
   1.7430E+02   1.6030E+03   3.4015E+02   1.2301E+05   1.2115E-05   4.3174E+00
   1.7530E+02   1.6030E+03   3.4015E+02   1.2310E+05   1.2114E-05   4.3172E+00
   1.7630E+02   1.6030E+03   3.4015E+02   1.2318E+05   1.2112E-05   4.3171E+00
   1.7730E+02   1.6030E+03   3.4015E+02   1.2329E+05   1.2112E-05   4.3172E+00
   1.7830E+02   1.6030E+03   3.4015E+02   1.2340E+05   1.2111E-05   4.3172E+00
   1.7930E+02   1.6029E+03   3.4015E+02   1.2352E+05   1.2110E-05   4.3174E+00
   1.8030E+02   1.6029E+03   3.4015E+02   1.2359E+05   1.2108E-05   4.3169E+00
   1.8130E+02   1.6029E+03   3.4015E+02   1.2371E+05   1.2108E-05   4.3171E+00
   1.8230E+02   1.6029E+03   3.4015E+02   1.2380E+05   1.2106E-05   4.3169E+00
   1.8330E+02   1.6028E+03   3.4015E+02   1.2392E+05   1.2106E-05   4.3170E+00
   1.8430E+02   1.6028E+03   3.4015E+02   1.2405E+05   1.2105E-05   4.3173E+00
   1.8530E+02   1.6028E+03   3.4015E+02   1.2413E+05   1.2104E-05   4.3171E+00
   1.8630E+02   1.6028E+03   3.4015E+02   1.2428E+05   1.2104E-05   4.3175E+00
   1.8740E+02   1.6027E+03   3.4015E+02   1.2440E+05   1.2103E-05   4.3174E+00
   1.8850E+02   1.6027E+03   3.4015E+02   1.2448E+05   1.2101E-05   4.3170E+00
   1.8960E+02   1.6026E+03   3.4015E+02   1.2461E+05   1.2101E-05   4.3172E+00
   1.9070E+02   1.6025E+03   3.4015E+02   1.2475E+05   1.2100E-05   4.3171E+00
   1.9180E+02   1.6024E+03   3.4015E+02   1.2488E+05   1.2100E-05   4.3172E+00
   1.9290E+02   1.6024E+03   3.4015E+02   1.2501E+05   1.2099E-05   4.3172E+00
   1.9400E+02   1.6024E+03   3.4015E+02   1.2513E+05   1.2098E-05   4.3171E+00
   1.9510E+02   1.6023E+03   3.4015E+02   1.2527E+05   1.2098E-05   4.3172E+00
   1.9620E+02   1.6022E+03   3.4015E+02   1.2542E+05   1.2098E-05   4.3175E+00
   1.9730E+02   1.6021E+03   3.4015E+02   1.2555E+05   1.2097E-05   4.3175E+00
   1.9840E+02   1.6021E+03   3.4015E+02   1.2568E+05   1.2096E-05   4.3173E+00
   1.9950E+02   1.6020E+03   3.4015E+02   1.2583E+05   1.2098E-05   4.3180E+00
