[0.0050165390621246565, 0.00583241283503151, -0.006679410847476608, -0.00794455942292532, 0.009594791367490344, 0.009015707136331748, -0.00815274744369405, 0.0037415132611684603, -0.004295406985766601, 0.007179154158551653, 0.008806645190374529, 0.0016578104156137856, -0.00299280132009728, 0.004653010790328356, 0.00877185657186466, -0.008338896878830073]
[0.008328454020109918, -0.003821927612502463, -0.005920923024321114, -0.0013194040512577616, 0.005210361137901201, -0.00863934075890963, -0.006654068352737311, -0.005397736851012018, 0.008982853862927744, 0.00695881787013713, -0.0014590555474233713, 0.006185993051222116, -0.005746963509378509, -0.00993104709197237, -0.004750012916645186, 0.001850170653335547]
[-0.006545264375541469, -0.008768746071383138, -0.0067506158016410085, 0.008607311248192697, -0.0025854132990618898, 0.008913598400873543, -0.006609177093840233, 0.0008831850579291058, -0.009445257882708363, -0.003249061454403461, -0.0012889759970275035, -0.0027921642203600095, 0.005111149008689335, -0.005699041359400316, 0.0017873306485762172, -0.00860310619993547]
[-0.0013560640669954098, -0.0035351449726279613, -0.004091463946192946, -0.009311208874301993, -0.004528693604366552, -0.006945771719175757, 0.000876207020876995, 0.008631041673029428, -0.005768574238685347, -0.004334836279398913, 0.0047522688779022045, -0.007611710304071253, 0.004288727774508188, 0.004551870617510287, 0.0064862234765386394, -0.004437649444446892]
[0.0011869464257166975, 0.006669535076940273, 0.005075194564975117, 0.0020542530450906055, -0.006210365135373491, -0.002017980456836252, -0.009003560658816773, -0.007261455216326443, 0.009816193593055864, -0.009905650633164252, 0.009489861796961345, -0.0006740333572116414, -0.00843021489008844, -0.0022389149439264004, 0.007074370088257042, -0.004219622312642175]
[0.004084086750651573, 0.006352709505258911, -0.002924294739039721, -0.001123216032575829, 0.004646106795728114, -0.006390845641947966, -0.00611534768438786, 0.0066191641109702316, -0.009447802208790702, 0.000627244305539015, -0.00975380594226418, 0.004396011663418648, 0.0017862377229000918, 0.00881121158120649, 0.0014658541041406934, -0.00729046762762312]
[0.00032223025543257414, 0.009430874251648224, 0.007845782734553412, 0.008976429581868157, -0.0020141813218942668, 0.005946366515486688, -0.005614458288502202, -0.006485194092628115, 0.008063495643273884, -0.007269205979274766, 0.006798571622012648, -0.008121120410774814, 0.003103505841322766, -0.00154403083921624, 0.00015251613228644927, -0.0020672883121223232]
[0.008151679753814317, 0.009285037952398418, 0.00441899969660876, 0.005172180696574533, 0.004846370283792683, 0.003353554234638914, -0.006069216125114574, 0.002912786059216455, -0.003729763479278312, -0.004579037746820141, -0.008157281663285096, -0.006830479562429639, -0.005410935864452619, -0.00624610743649995, 0.0095007832043969, -0.009365390016976534]
[-0.0017096019129763402, 0.005954525263478177, -0.0009373332960532013, -0.0017777790012959965, 0.005554563249567997, -0.0010417025701367402, -0.004106706799551676, 0.0028728050415395574, -0.0015868862919130138, 0.0016723117315121053, 0.0008486215707074526, 0.005936493938350039, 0.009193611910980693, 0.001492298320969046, 0.0023270871586633865, -0.004532500067640619]
[-0.006080129799650938, 0.005222801619258413, -0.008487072221642558, 0.005902801118366002, 0.009326414636786412, -0.001940910816010442, 0.004100970782466455, 0.0004362608284833938, -0.0025591777992743795, 0.0008521097859469536, 0.007288905773737168, -0.0018608616429808406, -0.0030292726982653487, -0.005754213024657926, -0.0006131379195557611, 9.734366249092123e-05]
[0.003965109492685651, -0.008900815620727132, 0.003001021913567558, 0.0019489738976019664, 0.0002559342763571084, 0.009771223758041193, -0.0012317222385144662, 0.008477252860154586, 0.007889155788197095, 0.006786914979310872, -0.008513574463713158, 0.00952504947675204, 0.009670193619595596, -0.00993655557877236, 0.006975802520700175, 0.0035982199251568796]
[-0.006236813105748524, -0.003948830208564418, -0.006940894279984049, -0.005946214226203817, 0.009242596254226505, -0.0024620742520529105, -0.004145178361551629, -0.00659395981274628, 0.006637023080823227, -0.001894784872353103, -0.004543627733927065, -0.0004158661447076512, -0.0012594412222598477, 0.0011103425476882839, 0.0076238341530145675, 0.003893934691064707]
[-0.008208629038806347, -0.0022292957366405308, -0.008821691670459158, 0.007754082802489034, 0.003110510051663873, -0.004356307600160539, 0.0020509185998242203, 0.007513951140450342, 0.0038547424428242213, -0.0031483667911637037, -0.008628166067819689, -0.004681165455595835, -0.0038724820872418535, -0.0013502258338176192, -0.005434421255340787, -0.008706348504798274]
[-0.0007691703471593581, -0.003246558879620747, -0.007385951004926157, 0.009569450369041168, 0.006335821913633801, -0.0030715949198283085, -0.008183414127627664, -0.007811291466903228, -0.000671299650290523, -0.009414719688612867, 0.00958545463710339, 0.0023053288271803994, 0.004943061359668844, -0.007298520701652938, 0.009598649445856892, 0.003160589481558897]
[0.000673038154627879, -0.006888586342036363, -0.002813921529812786, -0.00041891886459416265, -0.009173817871879167, 0.0077953570865335105, 0.008690115399551718, -0.0064540488675132405, -0.0066492874619531375, -0.008795129530217036, -0.004360532318874664, 0.005989475443609072, -0.0031616977019337123, -0.009460202662571708, 0.005343949078727664, 0.004403999683384155]
[0.0032897799881218843, 5.604528635128059e-05, -0.006539523473927391, 0.00873383102775053, 0.004261843526598965, -0.0024779157910697156, 0.00278057628540356, -0.003956729319214227, -0.004013660658027203, -0.009493534452285995, 0.009816485492922458, -0.0023831277391462846, -0.0024309926635667223, -0.004585523552950967, -0.005644609605154061, 0.003176567029907913]
[0.005113791530254623, -0.0003394794644955533, -0.009217387858103599, -0.005709694808233523, -0.00484842731388252, -0.0002381696362455249, 0.0009962325683325387, 0.00525842486360069, -0.006253555069064312, -0.006474126177133863, 0.004753041415772645, -0.0008430786624396263, 0.0048575860859266864, -0.0049342862814940516, 0.0049452981145424076, 0.0065593279763136916]
[0.0018326219915005045, -0.00791094970795662, 0.00771257897654566, 0.009056215000550755, -0.005999284024870806, 0.0021646795921915346, 0.0039078071079642635, -0.0039618923105216594, -0.008180505999842361, 0.003351353256637952, -0.009108207450331703, 0.005806655013294257, 0.005885555560605079, 0.008053199101640577, -0.004724531084685628, 0.0030015812903638195]
[0.005388587366485042, -0.00332795893568135, -0.00920085869113056, -0.005529605313966972, -0.009477445997593068, 0.007677581752516026, 0.001360355419326744, 0.0013306508839299631, -0.002735616983980482, 0.0061708688311947184, -0.003020441891350427, 0.006095132301335024, -0.006113509923008251, 0.009687279259211768, 0.003775888616960236, -0.0002461468106939278]
