       Time_s           01           02           03           04           05
   0.0000E+00   9.4281E+06   2.7315E+02   0.0000E+00   0.0000E+00   0.0000E+00
   1.0000E-04   9.4281E+06   2.7315E+02   4.6413E+07   5.1281E-04   1.3052E+06
   2.0000E-04   9.2607E+01   2.7315E+02   3.9542E+04   8.6153E-09   2.1522E-04
   3.0000E-04   9.2677E+01   2.7315E+02   3.9548E+04   8.6346E-09   2.1582E-04
   4.0000E-04   9.2677E+01   2.7315E+02   3.9548E+04   8.6346E-09   2.1579E-04
   5.0000E-04   9.2677E+01   2.7315E+02   3.9548E+04   8.6346E-09   2.1577E-04
   6.0000E-04   9.2717E+01   2.7315E+02   3.9544E+04   8.6311E-09   2.1576E-04
   7.0000E-04   9.2717E+01   2.7315E+02   3.9544E+04   8.6311E-09   2.1575E-04
   8.0000E-04   9.2717E+01   2.7315E+02   3.9544E+04   8.6311E-09   2.1575E-04
   9.0000E-04   9.2717E+01   2.7315E+02   3.9544E+04   8.6311E-09   2.1574E-04
   1.0000E-03   9.2717E+01   2.7315E+02   3.9544E+04   8.6311E-09   2.1573E-04
   1.1000E-03   9.2717E+01   2.7315E+02   3.9544E+04   8.6311E-09   2.1573E-04
   1.2000E-03   9.2717E+01   2.7315E+02   3.9544E+04   8.6311E-09   2.1572E-04
   1.3000E-03   9.2717E+01   2.7315E+02   3.9544E+04   8.6311E-09   2.1572E-04
   1.4000E-03   9.2717E+01   2.7315E+02   3.9544E+04   8.6311E-09   2.1572E-04
   1.5000E-03   9.2717E+01   2.7315E+02   3.9544E+04   8.6311E-09   2.1571E-04
   1.6000E-03   9.2717E+01   2.7315E+02   3.9544E+04   8.6311E-09   2.1571E-04
   1.7000E-03   9.2717E+01   2.7315E+02   3.9544E+04   8.6311E-09   2.1571E-04
   1.8000E-03   9.2717E+01   2.7315E+02   3.9544E+04   8.6311E-09   2.1571E-04
   1.9000E-03   9.2717E+01   2.7315E+02   3.9544E+04   8.6311E-09   2.1571E-04
   2.0000E-03   9.2717E+01   2.7315E+02   3.9544E+04   8.6311E-09   2.1570E-04
   2.1000E-03   9.2717E+01   2.7315E+02   3.9544E+04   8.6311E-09   2.1570E-04
   2.2000E-03   9.2717E+01   2.7315E+02   3.9544E+04   8.6311E-09   2.1570E-04
   2.3000E-03   9.2717E+01   2.7315E+02   3.9544E+04   8.6311E-09   2.1570E-04
   2.4000E-03   9.2717E+01   2.7315E+02   3.9544E+04   8.6311E-09   2.1570E-04
   2.5000E-03   9.2717E+01   2.7315E+02   3.9544E+04   8.6311E-09   2.1570E-04
   2.6000E-03   9.2717E+01   2.7315E+02   3.9544E+04   8.6311E-09   2.1570E-04
   2.7000E-03   9.2717E+01   2.7315E+02   3.9544E+04   8.6311E-09   2.1569E-04
   2.8000E-03   9.2717E+01   2.7315E+02   3.9544E+04   8.6311E-09   2.1569E-04
   2.9000E-03   9.2717E+01   2.7315E+02   3.9544E+04   8.6311E-09   2.1569E-04
   3.0000E-03   9.2717E+01   2.7315E+02   3.9544E+04   8.6311E-09   2.1569E-04
   3.1000E-03   9.2717E+01   2.7315E+02   3.9544E+04   8.6311E-09   2.1569E-04
   3.2000E-03   9.2717E+01   2.7315E+02   3.9544E+04   8.6311E-09   2.1569E-04
   3.3000E-03   9.2717E+01   2.7315E+02   3.9544E+04   8.6311E-09   2.1569E-04
   3.4000E-03   9.2717E+01   2.7315E+02   3.9544E+04   8.6311E-09   2.1569E-04
   3.5000E-03   9.2717E+01   2.7315E+02   3.9544E+04   8.6311E-09   2.1569E-04
   3.6000E-03   9.2717E+01   2.7315E+02   3.9544E+04   8.6311E-09   2.1569E-04
   3.7000E-03   9.2717E+01   2.7315E+02   3.9544E+04   8.6311E-09   2.1569E-04
   3.8000E-03   9.2717E+01   2.7315E+02   3.9544E+04   8.6311E-09   2.1569E-04
   3.9000E-03   9.2717E+01   2.7315E+02   3.9544E+04   8.6311E-09   2.1569E-04
   4.0000E-03   9.2717E+01   2.7315E+02   3.9544E+04   8.6311E-09   2.1569E-04
   4.1000E-03   9.2717E+01   2.7315E+02   3.9544E+04   8.6311E-09   2.1568E-04
   4.2000E-03   9.2757E+01   2.7315E+02   3.9544E+04   8.6348E-09   2.1587E-04
   4.3000E-03   9.2717E+01   2.7315E+02   3.9544E+04   8.6311E-09   2.1568E-04
   4.4000E-03   9.2758E+01   2.7315E+02   3.9544E+04   8.6348E-09   2.1587E-04
   4.5000E-03   9.2717E+01   2.7315E+02   3.9544E+04   8.6311E-09   2.1568E-04
   4.6000E-03   9.2758E+01   2.7315E+02   3.9544E+04   8.6349E-09   2.1587E-04
   4.7000E-03   9.2717E+01   2.7315E+02   3.9544E+04   8.6311E-09   2.1568E-04
   4.8000E-03   9.2717E+01   2.7315E+02   3.9544E+04   8.6311E-09   2.1568E-04
   4.9000E-03   9.2758E+01   2.7315E+02   3.9544E+04   8.6349E-09   2.1587E-04
   5.0000E-03   9.2717E+01   2.7315E+02   3.9544E+04   8.6311E-09   2.1568E-04
   5.1000E-03   9.2759E+01   2.7315E+02   3.9544E+04   8.6349E-09   2.1587E-04
   5.2000E-03   9.2717E+01   2.7315E+02   3.9544E+04   8.6311E-09   2.1568E-04
   5.3000E-03   9.2717E+01   2.7315E+02   3.9544E+04   8.6311E-09   2.1568E-04
   5.4000E-03   9.2759E+01   2.7315E+02   3.9544E+04   8.6350E-09   2.1587E-04
   5.5000E-03   9.2717E+01   2.7315E+02   3.9544E+04   8.6311E-09   2.1568E-04
   5.6000E-03   9.2759E+01   2.7315E+02   3.9544E+04   8.6350E-09   2.1587E-04
   5.7000E-03   9.2717E+01   2.7315E+02   3.9544E+04   8.6311E-09   2.1568E-04
   5.8000E-03   9.2717E+01   2.7315E+02   3.9544E+04   8.6311E-09   2.1568E-04
   5.9000E-03   9.2760E+01   2.7315E+02   3.9544E+04   8.6350E-09   2.1588E-04
   6.0000E-03   9.2717E+01   2.7315E+02   3.9544E+04   8.6311E-09   2.1568E-04
   6.1000E-03   9.2760E+01   2.7315E+02   3.9544E+04   8.6350E-09   2.1588E-04
   6.2000E-03   9.2717E+01   2.7315E+02   3.9544E+04   8.6311E-09   2.1568E-04
   6.3000E-03   9.2717E+01   2.7315E+02   3.9544E+04   8.6311E-09   2.1568E-04
   6.4000E-03   9.2717E+01   2.7315E+02   3.9544E+04   8.6311E-09   2.1568E-04
   6.5000E-03   9.2760E+01   2.7315E+02   3.9544E+04   8.6351E-09   2.1588E-04
   6.6000E-03   9.2717E+01   2.7315E+02   3.9544E+04   8.6311E-09   2.1568E-04
   6.7000E-03   9.2717E+01   2.7315E+02   3.9544E+04   8.6311E-09   2.1568E-04
   6.8000E-03   9.2717E+01   2.7315E+02   3.9544E+04   8.6311E-09   2.1568E-04
   6.9000E-03   9.2717E+01   2.7315E+02   3.9544E+04   8.6311E-09   2.1568E-04
   7.0000E-03   9.2761E+01   2.7315E+02   3.9544E+04   8.6351E-09   2.1588E-04
   7.1000E-03   9.2717E+01   2.7315E+02   3.9544E+04   8.6311E-09   2.1568E-04
   7.2000E-03   9.2717E+01   2.7315E+02   3.9544E+04   8.6311E-09   2.1568E-04
   7.3000E-03   9.2717E+01   2.7315E+02   3.9544E+04   8.6311E-09   2.1568E-04
   7.4000E-03   9.2761E+01   2.7315E+02   3.9544E+04   8.6351E-09   2.1588E-04
   7.5000E-03   9.2717E+01   2.7315E+02   3.9544E+04   8.6311E-09   2.1568E-04
   7.6000E-03   9.2761E+01   2.7315E+02   3.9544E+04   8.6352E-09   2.1588E-04
   7.7000E-03   9.2717E+01   2.7315E+02   3.9544E+04   8.6311E-09   2.1568E-04
   7.8000E-03   9.2761E+01   2.7315E+02   3.9544E+04   8.6352E-09   2.1588E-04
   7.9000E-03   9.2717E+01   2.7315E+02   3.9544E+04   8.6311E-09   2.1567E-04
   8.0000E-03   9.2761E+01   2.7315E+02   3.9544E+04   8.6352E-09   2.1588E-04
   8.1000E-03   9.2761E+01   2.7315E+02   3.9544E+04   8.6352E-09   2.1588E-04
   8.2000E-03   9.2717E+01   2.7315E+02   3.9544E+04   8.6311E-09   2.1567E-04
   8.3000E-03   9.2762E+01   2.7315E+02   3.9544E+04   8.6352E-09   2.1588E-04
   8.4000E-03   9.2717E+01   2.7315E+02   3.9544E+04   8.6311E-09   2.1567E-04
   8.5000E-03   9.2762E+01   2.7315E+02   3.9544E+04   8.6352E-09   2.1588E-04
   8.6000E-03   9.2762E+01   2.7315E+02   3.9544E+04   8.6352E-09   2.1588E-04
   8.7000E-03   9.2717E+01   2.7315E+02   3.9544E+04   8.6311E-09   2.1567E-04
   8.8000E-03   9.2762E+01   2.7315E+02   3.9544E+04   8.6352E-09   2.1588E-04
   8.9000E-03   9.2762E+01   2.7315E+02   3.9544E+04   8.6352E-09   2.1588E-04
   9.0000E-03   9.2717E+01   2.7315E+02   3.9544E+04   8.6311E-09   2.1567E-04
   9.1000E-03   9.2762E+01   2.7315E+02   3.9544E+04   8.6352E-09   2.1588E-04
   9.2000E-03   9.2762E+01   2.7315E+02   3.9544E+04   8.6352E-09   2.1588E-04
   9.3000E-03   9.2762E+01   2.7315E+02   3.9544E+04   8.6352E-09   2.1588E-04
   9.4000E-03   9.2717E+01   2.7315E+02   3.9544E+04   8.6311E-09   2.1567E-04
   9.5000E-03   9.2762E+01   2.7315E+02   3.9544E+04   8.6353E-09   2.1588E-04
   9.6000E-03   9.2762E+01   2.7315E+02   3.9544E+04   8.6353E-09   2.1588E-04
   9.7000E-03   9.2717E+01   2.7315E+02   3.9544E+04   8.6311E-09   2.1567E-04
   9.8000E-03   9.2762E+01   2.7315E+02   3.9544E+04   8.6353E-09   2.1588E-04
   9.9000E-03   9.2762E+01   2.7315E+02   3.9544E+04   8.6353E-09   2.1588E-04
   1.0000E-02   9.2717E+01   2.7315E+02   3.9544E+04   8.6311E-09   2.1567E-04
   1.0100E-02   9.2762E+01   2.7315E+02   3.9544E+04   8.6353E-09   2.1588E-04
   1.0200E-02   9.2762E+01   2.7315E+02   3.9544E+04   8.6353E-09   2.1588E-04
   1.0300E-02   9.2717E+01   2.7315E+02   3.9544E+04   8.6311E-09   2.1567E-04
   1.0400E-02   9.2763E+01   2.7315E+02   3.9544E+04   8.6353E-09   2.1588E-04
   1.0500E-02   9.2763E+01   2.7315E+02   3.9544E+04   8.6353E-09   2.1588E-04
   1.0600E-02   9.2763E+01   2.7315E+02   3.9544E+04   8.6353E-09   2.1588E-04
   1.0700E-02   9.2763E+01   2.7315E+02   3.9544E+04   8.6353E-09   2.1588E-04
   1.0800E-02   9.2763E+01   2.7315E+02   3.9544E+04   8.6353E-09   2.1588E-04
   1.0900E-02   9.2717E+01   2.7315E+02   3.9544E+04   8.6311E-09   2.1567E-04
   1.1000E-02   9.2763E+01   2.7315E+02   3.9544E+04   8.6353E-09   2.1588E-04
   1.1100E-02   9.2763E+01   2.7315E+02   3.9544E+04   8.6353E-09   2.1588E-04
   1.1200E-02   9.2763E+01   2.7315E+02   3.9544E+04   8.6353E-09   2.1588E-04
   1.1300E-02   9.2763E+01   2.7315E+02   3.9544E+04   8.6353E-09   2.1588E-04
   1.1400E-02   9.2717E+01   2.7315E+02   3.9544E+04   8.6311E-09   2.1567E-04
   1.1500E-02   9.2763E+01   2.7315E+02   3.9544E+04   8.6353E-09   2.1588E-04
   1.1600E-02   9.2763E+01   2.7315E+02   3.9544E+04   8.6353E-09   2.1588E-04
   1.1700E-02   9.2763E+01   2.7315E+02   3.9544E+04   8.6353E-09   2.1588E-04
   1.1800E-02   9.2763E+01   2.7315E+02   3.9544E+04   8.6353E-09   2.1588E-04
   1.1900E-02   9.2717E+01   2.7315E+02   3.9544E+04   8.6311E-09   2.1567E-04
   1.2000E-02   9.2763E+01   2.7315E+02   3.9544E+04   8.6353E-09   2.1588E-04
   1.2100E-02   9.2763E+01   2.7315E+02   3.9544E+04   8.6353E-09   2.1588E-04
   1.2300E-02   9.2763E+01   2.7315E+02   3.9544E+04   8.6353E-09   2.1588E-04
   1.2500E-02   9.2763E+01   2.7315E+02   3.9544E+04   8.6353E-09   2.1588E-04
   1.2700E-02   9.2763E+01   2.7315E+02   3.9544E+04   8.6354E-09   2.1588E-04
   1.2900E-02   9.2717E+01   2.7315E+02   3.9544E+04   8.6311E-09   2.1567E-04
   1.3100E-02   9.2763E+01   2.7315E+02   3.9544E+04   8.6354E-09   2.1588E-04
   1.3300E-02   9.2763E+01   2.7315E+02   3.9544E+04   8.6354E-09   2.1588E-04
   1.3500E-02   9.2763E+01   2.7315E+02   3.9544E+04   8.6354E-09   2.1588E-04
   1.3700E-02   9.2763E+01   2.7315E+02   3.9544E+04   8.6354E-09   2.1588E-04
   1.3900E-02   9.2717E+01   2.7315E+02   3.9544E+04   8.6311E-09   2.1567E-04
   1.4100E-02   9.2764E+01   2.7315E+02   3.9544E+04   8.6354E-09   2.1588E-04
   1.4300E-02   9.2764E+01   2.7315E+02   3.9544E+04   8.6354E-09   2.1588E-04
   1.4500E-02   9.2717E+01   2.7315E+02   3.9544E+04   8.6311E-09   2.1567E-04
   1.4700E-02   9.2764E+01   2.7315E+02   3.9544E+04   8.6354E-09   2.1588E-04
   1.4900E-02   9.2764E+01   2.7315E+02   3.9544E+04   8.6354E-09   2.1588E-04
   1.5100E-02   9.2764E+01   2.7315E+02   3.9544E+04   8.6354E-09   2.1588E-04
   1.5300E-02   9.2764E+01   2.7315E+02   3.9544E+04   8.6354E-09   2.1589E-04
   1.5500E-02   9.2764E+01   2.7315E+02   3.9544E+04   8.6354E-09   2.1589E-04
   1.5700E-02   9.2764E+01   2.7315E+02   3.9544E+04   8.6354E-09   2.1589E-04
   1.5900E-02   9.2764E+01   2.7315E+02   3.9544E+04   8.6354E-09   2.1589E-04
   1.6100E-02   9.2764E+01   2.7315E+02   3.9544E+04   8.6354E-09   2.1589E-04
   1.6300E-02   9.2717E+01   2.7315E+02   3.9544E+04   8.6311E-09   2.1567E-04
   1.6500E-02   9.2764E+01   2.7315E+02   3.9544E+04   8.6354E-09   2.1589E-04
   1.6700E-02   9.2764E+01   2.7315E+02   3.9544E+04   8.6354E-09   2.1589E-04
   1.6900E-02   9.2764E+01   2.7315E+02   3.9544E+04   8.6354E-09   2.1589E-04
   1.7100E-02   9.2764E+01   2.7315E+02   3.9544E+04   8.6354E-09   2.1589E-04
   1.7300E-02   9.2764E+01   2.7315E+02   3.9544E+04   8.6354E-09   2.1589E-04
   1.7500E-02   9.2764E+01   2.7315E+02   3.9544E+04   8.6354E-09   2.1589E-04
   1.7700E-02   9.2764E+01   2.7315E+02   3.9544E+04   8.6354E-09   2.1589E-04
   1.7900E-02   9.2764E+01   2.7315E+02   3.9544E+04   8.6354E-09   2.1589E-04
   1.8100E-02   9.2717E+01   2.7315E+02   3.9544E+04   8.6311E-09   2.1567E-04
   1.8300E-02   9.2764E+01   2.7315E+02   3.9544E+04   8.6354E-09   2.1589E-04
   1.8500E-02   9.2764E+01   2.7315E+02   3.9544E+04   8.6354E-09   2.1589E-04
   1.8700E-02   9.2764E+01   2.7315E+02   3.9544E+04   8.6354E-09   2.1589E-04
   1.8900E-02   9.2764E+01   2.7315E+02   3.9544E+04   8.6354E-09   2.1589E-04
   1.9100E-02   9.2764E+01   2.7315E+02   3.9544E+04   8.6355E-09   2.1589E-04
   1.9300E-02   9.2764E+01   2.7315E+02   3.9544E+04   8.6355E-09   2.1589E-04
   1.9500E-02   9.2764E+01   2.7315E+02   3.9544E+04   8.6355E-09   2.1589E-04
   1.9700E-02   9.2764E+01   2.7315E+02   3.9544E+04   8.6355E-09   2.1589E-04
   1.9900E-02   9.2717E+01   2.7315E+02   3.9544E+04   8.6311E-09   2.1567E-04
   2.0100E-02   9.2764E+01   2.7315E+02   3.9544E+04   8.6355E-09   2.1589E-04
   2.0300E-02   9.2764E+01   2.7315E+02   3.9544E+04   8.6355E-09   2.1589E-04
   2.0500E-02   9.2764E+01   2.7315E+02   3.9544E+04   8.6355E-09   2.1589E-04
   2.0700E-02   9.2764E+01   2.7315E+02   3.9544E+04   8.6355E-09   2.1589E-04
   2.0900E-02   9.2764E+01   2.7315E+02   3.9544E+04   8.6355E-09   2.1589E-04
   2.1100E-02   9.2764E+01   2.7315E+02   3.9544E+04   8.6355E-09   2.1589E-04
   2.1300E-02   9.2764E+01   2.7315E+02   3.9544E+04   8.6355E-09   2.1589E-04
   2.1500E-02   9.2765E+01   2.7315E+02   3.9544E+04   8.6355E-09   2.1589E-04
   2.1700E-02   9.2717E+01   2.7315E+02   3.9544E+04   8.6311E-09   2.1567E-04
   2.1900E-02   9.2765E+01   2.7315E+02   3.9544E+04   8.6355E-09   2.1589E-04
   2.2100E-02   9.2765E+01   2.7315E+02   3.9544E+04   8.6355E-09   2.1589E-04
   2.2300E-02   9.2765E+01   2.7315E+02   3.9544E+04   8.6355E-09   2.1589E-04
   2.2500E-02   9.2765E+01   2.7315E+02   3.9544E+04   8.6355E-09   2.1589E-04
   2.2700E-02   9.2765E+01   2.7315E+02   3.9544E+04   8.6355E-09   2.1589E-04
   2.2900E-02   9.2765E+01   2.7315E+02   3.9544E+04   8.6355E-09   2.1589E-04
   2.3100E-02   9.2765E+01   2.7315E+02   3.9544E+04   8.6355E-09   2.1589E-04
   2.3300E-02   9.2765E+01   2.7315E+02   3.9544E+04   8.6355E-09   2.1589E-04
   2.3500E-02   9.2717E+01   2.7315E+02   3.9544E+04   8.6311E-09   2.1567E-04
   2.3700E-02   9.2765E+01   2.7315E+02   3.9544E+04   8.6355E-09   2.1589E-04
   2.3900E-02   9.2765E+01   2.7315E+02   3.9544E+04   8.6355E-09   2.1589E-04
   2.4100E-02   9.2765E+01   2.7315E+02   3.9544E+04   8.6355E-09   2.1589E-04
   2.4300E-02   9.2765E+01   2.7315E+02   3.9544E+04   8.6355E-09   2.1589E-04
   2.4500E-02   9.2765E+01   2.7315E+02   3.9544E+04   8.6355E-09   2.1589E-04
   2.4700E-02   9.2765E+01   2.7315E+02   3.9544E+04   8.6355E-09   2.1589E-04
   2.4900E-02   9.2765E+01   2.7315E+02   3.9544E+04   8.6355E-09   2.1589E-04
   2.5100E-02   9.2765E+01   2.7315E+02   3.9544E+04   8.6355E-09   2.1589E-04
   2.5300E-02   9.2717E+01   2.7315E+02   3.9544E+04   8.6311E-09   2.1567E-04
   2.5600E-02   9.2765E+01   2.7315E+02   3.9544E+04   8.6355E-09   2.1589E-04
   2.5900E-02   9.2765E+01   2.7315E+02   3.9544E+04   8.6355E-09   2.1589E-04
   2.6200E-02   9.2717E+01   2.7315E+02   3.9544E+04   8.6311E-09   2.1567E-04
   2.6500E-02   9.2765E+01   2.7315E+02   3.9544E+04   8.6355E-09   2.1589E-04
   2.6800E-02   9.2765E+01   2.7315E+02   3.9544E+04   8.6355E-09   2.1589E-04
   2.7100E-02   9.2717E+01   2.7315E+02   3.9544E+04   8.6311E-09   2.1567E-04
   2.7400E-02   9.2765E+01   2.7315E+02   3.9544E+04   8.6355E-09   2.1589E-04
   2.7700E-02   9.2765E+01   2.7315E+02   3.9544E+04   8.6355E-09   2.1589E-04
   2.8000E-02   9.2717E+01   2.7315E+02   3.9544E+04   8.6311E-09   2.1567E-04
   2.8300E-02   9.2765E+01   2.7315E+02   3.9544E+04   8.6355E-09   2.1589E-04
   2.8600E-02   9.2765E+01   2.7315E+02   3.9544E+04   8.6355E-09   2.1589E-04
   2.8900E-02   9.2717E+01   2.7315E+02   3.9544E+04   8.6311E-09   2.1567E-04
   2.9200E-02   9.2765E+01   2.7315E+02   3.9544E+04   8.6355E-09   2.1589E-04
   2.9500E-02   9.2765E+01   2.7315E+02   3.9544E+04   8.6355E-09   2.1589E-04
   2.9800E-02   9.2717E+01   2.7315E+02   3.9544E+04   8.6311E-09   2.1567E-04
   3.0100E-02   9.2765E+01   2.7315E+02   3.9544E+04   8.6355E-09   2.1589E-04
   3.0400E-02   9.2765E+01   2.7315E+02   3.9544E+04   8.6355E-09   2.1589E-04
   3.0700E-02   9.2717E+01   2.7315E+02   3.9544E+04   8.6311E-09   2.1567E-04
   3.1000E-02   9.2765E+01   2.7315E+02   3.9544E+04   8.6355E-09   2.1589E-04
   3.1300E-02   9.2765E+01   2.7315E+02   3.9544E+04   8.6355E-09   2.1589E-04
   3.1600E-02   9.2717E+01   2.7315E+02   3.9544E+04   8.6311E-09   2.1567E-04
   3.1900E-02   9.2765E+01   2.7315E+02   3.9544E+04   8.6355E-09   2.1589E-04
   3.2200E-02   9.2765E+01   2.7315E+02   3.9544E+04   8.6355E-09   2.1589E-04
   3.2500E-02   9.2717E+01   2.7315E+02   3.9544E+04   8.6311E-09   2.1567E-04
   3.2800E-02   9.2765E+01   2.7315E+02   3.9544E+04   8.6355E-09   2.1589E-04
   3.3100E-02   9.2765E+01   2.7315E+02   3.9544E+04   8.6355E-09   2.1589E-04
   3.3400E-02   9.2717E+01   2.7315E+02   3.9544E+04   8.6311E-09   2.1567E-04
   3.3700E-02   9.2765E+01   2.7315E+02   3.9544E+04   8.6355E-09   2.1589E-04
   3.4000E-02   9.2765E+01   2.7315E+02   3.9544E+04   8.6355E-09   2.1589E-04
   3.4300E-02   9.2717E+01   2.7315E+02   3.9544E+04   8.6311E-09   2.1567E-04
   3.4600E-02   9.2765E+01   2.7315E+02   3.9544E+04   8.6355E-09   2.1589E-04
   3.4900E-02   9.2765E+01   2.7315E+02   3.9544E+04   8.6355E-09   2.1589E-04
   3.5200E-02   9.2717E+01   2.7315E+02   3.9544E+04   8.6311E-09   2.1567E-04
   3.5500E-02   9.2765E+01   2.7315E+02   3.9544E+04   8.6355E-09   2.1589E-04
   3.5800E-02   9.2765E+01   2.7315E+02   3.9544E+04   8.6355E-09   2.1589E-04
   3.6100E-02   9.2717E+01   2.7315E+02   3.9544E+04   8.6311E-09   2.1567E-04
   3.6400E-02   9.2765E+01   2.7315E+02   3.9544E+04   8.6355E-09   2.1589E-04
   3.6700E-02   9.2765E+01   2.7315E+02   3.9544E+04   8.6355E-09   2.1589E-04
   3.7000E-02   9.2717E+01   2.7315E+02   3.9544E+04   8.6311E-09   2.1567E-04
   3.7300E-02   9.2765E+01   2.7315E+02   3.9544E+04   8.6355E-09   2.1589E-04
   3.7600E-02   9.2765E+01   2.7315E+02   3.9544E+04   8.6355E-09   2.1589E-04
   3.7900E-02   9.2717E+01   2.7315E+02   3.9544E+04   8.6311E-09   2.1567E-04
   3.8200E-02   9.2765E+01   2.7315E+02   3.9544E+04   8.6356E-09   2.1589E-04
   3.8500E-02   9.2765E+01   2.7315E+02   3.9544E+04   8.6356E-09   2.1589E-04
   3.8800E-02   9.2717E+01   2.7315E+02   3.9544E+04   8.6311E-09   2.1567E-04
   3.9100E-02   9.2765E+01   2.7315E+02   3.9544E+04   8.6356E-09   2.1589E-04
   3.9400E-02   9.2765E+01   2.7315E+02   3.9544E+04   8.6356E-09   2.1589E-04
   3.9700E-02   9.2717E+01   2.7315E+02   3.9544E+04   8.6311E-09   2.1567E-04
   4.0100E-02   9.2765E+01   2.7315E+02   3.9544E+04   8.6356E-09   2.1589E-04
   4.0500E-02   9.2765E+01   2.7315E+02   3.9544E+04   8.6356E-09   2.1589E-04
   4.0900E-02   9.2765E+01   2.7315E+02   3.9544E+04   8.6356E-09   2.1589E-04
   4.1300E-02   9.2765E+01   2.7315E+02   3.9544E+04   8.6356E-09   2.1589E-04
   4.1700E-02   9.2765E+01   2.7315E+02   3.9544E+04   8.6356E-09   2.1589E-04
   4.2100E-02   9.2765E+01   2.7315E+02   3.9544E+04   8.6356E-09   2.1589E-04
   4.2500E-02   9.2765E+01   2.7315E+02   3.9544E+04   8.6356E-09   2.1589E-04
   4.2900E-02   9.2765E+01   2.7315E+02   3.9544E+04   8.6356E-09   2.1589E-04
   4.3300E-02   9.2765E+01   2.7315E+02   3.9544E+04   8.6356E-09   2.1589E-04
   4.3700E-02   9.2765E+01   2.7315E+02   3.9544E+04   8.6356E-09   2.1589E-04
   4.4100E-02   9.2766E+01   2.7315E+02   3.9544E+04   8.6356E-09   2.1589E-04
   4.4500E-02   9.2766E+01   2.7315E+02   3.9544E+04   8.6356E-09   2.1589E-04
   4.4900E-02   9.2766E+01   2.7315E+02   3.9544E+04   8.6356E-09   2.1589E-04
   4.5300E-02   9.2766E+01   2.7315E+02   3.9544E+04   8.6356E-09   2.1589E-04
   4.5700E-02   9.2766E+01   2.7315E+02   3.9544E+04   8.6356E-09   2.1589E-04
   4.6100E-02   9.2766E+01   2.7315E+02   3.9544E+04   8.6356E-09   2.1589E-04
   4.6500E-02   9.2717E+01   2.7315E+02   3.9544E+04   8.6311E-09   2.1567E-04
   4.6900E-02   9.2766E+01   2.7315E+02   3.9544E+04   8.6356E-09   2.1589E-04
   4.7300E-02   9.2766E+01   2.7315E+02   3.9544E+04   8.6356E-09   2.1589E-04
   4.7700E-02   9.2766E+01   2.7315E+02   3.9544E+04   8.6356E-09   2.1589E-04
   4.8100E-02   9.2766E+01   2.7315E+02   3.9544E+04   8.6356E-09   2.1589E-04
   4.8500E-02   9.2766E+01   2.7315E+02   3.9544E+04   8.6356E-09   2.1589E-04
   4.8900E-02   9.2766E+01   2.7315E+02   3.9544E+04   8.6356E-09   2.1589E-04
   4.9300E-02   9.2766E+01   2.7315E+02   3.9544E+04   8.6356E-09   2.1589E-04
   4.9700E-02   9.2766E+01   2.7315E+02   3.9544E+04   8.6356E-09   2.1589E-04
   5.0100E-02   9.2766E+01   2.7315E+02   3.9544E+04   8.6356E-09   2.1589E-04
   5.0500E-02   9.2766E+01   2.7315E+02   3.9544E+04   8.6356E-09   2.1589E-04
   5.0900E-02   9.2766E+01   2.7315E+02   3.9544E+04   8.6356E-09   2.1589E-04
   5.1300E-02   9.2766E+01   2.7315E+02   3.9544E+04   8.6356E-09   2.1589E-04
   5.1700E-02   9.2766E+01   2.7315E+02   3.9544E+04   8.6356E-09   2.1589E-04
   5.2100E-02   9.2766E+01   2.7315E+02   3.9544E+04   8.6356E-09   2.1589E-04
   5.2500E-02   9.2766E+01   2.7315E+02   3.9544E+04   8.6356E-09   2.1589E-04
   5.2900E-02   9.2766E+01   2.7315E+02   3.9544E+04   8.6356E-09   2.1589E-04
   5.3300E-02   9.2766E+01   2.7315E+02   3.9544E+04   8.6356E-09   2.1589E-04
   5.3700E-02   9.2766E+01   2.7315E+02   3.9544E+04   8.6356E-09   2.1589E-04
   5.4100E-02   9.2766E+01   2.7315E+02   3.9544E+04   8.6356E-09   2.1589E-04
   5.4500E-02   9.2766E+01   2.7315E+02   3.9544E+04   8.6356E-09   2.1589E-04
   5.5000E-02   9.2766E+01   2.7315E+02   3.9544E+04   8.6356E-09   2.1589E-04
   5.5500E-02   9.2766E+01   2.7315E+02   3.9544E+04   8.6356E-09   2.1589E-04
   5.6000E-02   9.2766E+01   2.7315E+02   3.9544E+04   8.6356E-09   2.1589E-04
   5.6500E-02   9.2766E+01   2.7315E+02   3.9544E+04   8.6356E-09   2.1589E-04
   5.7000E-02   9.2766E+01   2.7315E+02   3.9544E+04   8.6356E-09   2.1589E-04
   5.7500E-02   9.2766E+01   2.7315E+02   3.9544E+04   8.6356E-09   2.1589E-04
   5.8000E-02   9.2766E+01   2.7315E+02   3.9544E+04   8.6356E-09   2.1589E-04
   5.8500E-02   9.2766E+01   2.7315E+02   3.9544E+04   8.6356E-09   2.1589E-04
   5.9000E-02   9.2766E+01   2.7315E+02   3.9544E+04   8.6356E-09   2.1589E-04
   5.9500E-02   9.2766E+01   2.7315E+02   3.9544E+04   8.6356E-09   2.1589E-04
   6.0000E-02   9.2766E+01   2.7315E+02   3.9544E+04   8.6356E-09   2.1589E-04
   6.0500E-02   9.2766E+01   2.7315E+02   3.9544E+04   8.6356E-09   2.1589E-04
   6.1000E-02   9.2766E+01   2.7315E+02   3.9544E+04   8.6356E-09   2.1589E-04
   6.1500E-02   9.2766E+01   2.7315E+02   3.9544E+04   8.6356E-09   2.1589E-04
   6.2000E-02   9.2766E+01   2.7315E+02   3.9544E+04   8.6356E-09   2.1589E-04
   6.2500E-02   9.2766E+01   2.7315E+02   3.9544E+04   8.6356E-09   2.1589E-04
   6.3000E-02   9.2717E+01   2.7315E+02   3.9544E+04   8.6311E-09   2.1566E-04
   6.3500E-02   9.2766E+01   2.7315E+02   3.9544E+04   8.6356E-09   2.1589E-04
   6.4000E-02   9.2766E+01   2.7315E+02   3.9544E+04   8.6356E-09   2.1589E-04
   6.4500E-02   9.2766E+01   2.7315E+02   3.9544E+04   8.6356E-09   2.1589E-04
   6.5000E-02   9.2766E+01   2.7315E+02   3.9544E+04   8.6356E-09   2.1589E-04
   6.5500E-02   9.2766E+01   2.7315E+02   3.9544E+04   8.6356E-09   2.1589E-04
   6.6000E-02   9.2766E+01   2.7315E+02   3.9544E+04   8.6356E-09   2.1589E-04
   6.6500E-02   9.2766E+01   2.7315E+02   3.9544E+04   8.6356E-09   2.1589E-04
   6.7000E-02   9.2766E+01   2.7315E+02   3.9544E+04   8.6356E-09   2.1589E-04
   6.7500E-02   9.2766E+01   2.7315E+02   3.9544E+04   8.6356E-09   2.1589E-04
   6.8000E-02   9.2766E+01   2.7315E+02   3.9544E+04   8.6356E-09   2.1589E-04
   6.8500E-02   9.2766E+01   2.7315E+02   3.9544E+04   8.6356E-09   2.1589E-04
   6.9000E-02   9.2766E+01   2.7315E+02   3.9544E+04   8.6356E-09   2.1589E-04
   6.9500E-02   9.2766E+01   2.7315E+02   3.9544E+04   8.6356E-09   2.1589E-04
   7.0000E-02   9.2766E+01   2.7315E+02   3.9544E+04   8.6356E-09   2.1589E-04
   7.0600E-02   9.2766E+01   2.7315E+02   3.9544E+04   8.6356E-09   2.1589E-04
   7.1200E-02   9.2766E+01   2.7315E+02   3.9544E+04   8.6356E-09   2.1589E-04
   7.1800E-02   9.2766E+01   2.7315E+02   3.9544E+04   8.6356E-09   2.1589E-04
   7.2400E-02   9.2766E+01   2.7315E+02   3.9544E+04   8.6356E-09   2.1589E-04
   7.3000E-02   9.2766E+01   2.7315E+02   3.9544E+04   8.6356E-09   2.1589E-04
   7.3600E-02   9.2766E+01   2.7315E+02   3.9544E+04   8.6356E-09   2.1589E-04
   7.4200E-02   9.2766E+01   2.7315E+02   3.9544E+04   8.6356E-09   2.1589E-04
   7.4800E-02   9.2766E+01   2.7315E+02   3.9544E+04   8.6356E-09   2.1589E-04
   7.5400E-02   9.2766E+01   2.7315E+02   3.9544E+04   8.6356E-09   2.1589E-04
   7.6000E-02   9.2766E+01   2.7315E+02   3.9544E+04   8.6356E-09   2.1589E-04
   7.6600E-02   9.2766E+01   2.7315E+02   3.9544E+04   8.6356E-09   2.1589E-04
   7.7200E-02   9.2766E+01   2.7315E+02   3.9544E+04   8.6356E-09   2.1589E-04
   7.7800E-02   9.2766E+01   2.7315E+02   3.9544E+04   8.6356E-09   2.1589E-04
   7.8400E-02   9.2766E+01   2.7315E+02   3.9544E+04   8.6356E-09   2.1589E-04
   7.9000E-02   9.2766E+01   2.7315E+02   3.9544E+04   8.6356E-09   2.1589E-04
   7.9600E-02   9.2766E+01   2.7315E+02   3.9544E+04   8.6356E-09   2.1589E-04
   8.0200E-02   9.2766E+01   2.7315E+02   3.9544E+04   8.6356E-09   2.1589E-04
   8.0800E-02   9.2766E+01   2.7315E+02   3.9544E+04   8.6356E-09   2.1589E-04
   8.1400E-02   9.2766E+01   2.7315E+02   3.9544E+04   8.6356E-09   2.1589E-04
   8.2000E-02   9.2766E+01   2.7315E+02   3.9544E+04   8.6356E-09   2.1589E-04
   8.2600E-02   9.2766E+01   2.7315E+02   3.9544E+04   8.6356E-09   2.1589E-04
   8.3200E-02   9.2766E+01   2.7315E+02   3.9544E+04   8.6356E-09   2.1589E-04
   8.3800E-02   9.2766E+01   2.7315E+02   3.9544E+04   8.6356E-09   2.1589E-04
   8.4400E-02   9.2766E+01   2.7315E+02   3.9544E+04   8.6356E-09   2.1589E-04
   8.5000E-02   9.2766E+01   2.7315E+02   3.9544E+04   8.6356E-09   2.1589E-04
   8.5600E-02   9.2766E+01   2.7315E+02   3.9544E+04   8.6356E-09   2.1589E-04
   8.6300E-02   9.2766E+01   2.7315E+02   3.9544E+04   8.6356E-09   2.1589E-04
   8.7000E-02   9.2766E+01   2.7315E+02   3.9544E+04   8.6356E-09   2.1589E-04
   8.7700E-02   9.2766E+01   2.7315E+02   3.9544E+04   8.6356E-09   2.1589E-04
   8.8400E-02   9.2766E+01   2.7315E+02   3.9544E+04   8.6356E-09   2.1589E-04
   8.9100E-02   9.2766E+01   2.7315E+02   3.9544E+04   8.6356E-09   2.1589E-04
   8.9800E-02   9.2766E+01   2.7315E+02   3.9544E+04   8.6356E-09   2.1589E-04
   9.0500E-02   9.2766E+01   2.7315E+02   3.9544E+04   8.6356E-09   2.1589E-04
   9.1200E-02   9.2766E+01   2.7315E+02   3.9544E+04   8.6356E-09   2.1589E-04
   9.1900E-02   9.2766E+01   2.7315E+02   3.9544E+04   8.6356E-09   2.1589E-04
   9.2600E-02   9.2766E+01   2.7315E+02   3.9544E+04   8.6356E-09   2.1589E-04
   9.3300E-02   9.2766E+01   2.7315E+02   3.9544E+04   8.6356E-09   2.1589E-04
   9.4000E-02   9.2766E+01   2.7315E+02   3.9544E+04   8.6356E-09   2.1589E-04
   9.4700E-02   9.2766E+01   2.7315E+02   3.9544E+04   8.6356E-09   2.1589E-04
   9.5400E-02   9.2766E+01   2.7315E+02   3.9544E+04   8.6356E-09   2.1589E-04
   9.6100E-02   9.2766E+01   2.7315E+02   3.9544E+04   8.6356E-09   2.1589E-04
   9.6800E-02   9.2766E+01   2.7315E+02   3.9544E+04   8.6356E-09   2.1589E-04
   9.7500E-02   9.2766E+01   2.7315E+02   3.9544E+04   8.6356E-09   2.1589E-04
   9.8200E-02   9.2766E+01   2.7315E+02   3.9544E+04   8.6356E-09   2.1589E-04
   9.8900E-02   9.2766E+01   2.7315E+02   3.9544E+04   8.6356E-09   2.1589E-04
   9.9600E-02   9.2766E+01   2.7315E+02   3.9544E+04   8.6356E-09   2.1589E-04
   1.0030E-01   9.2766E+01   2.7315E+02   3.9544E+04   8.6356E-09   2.1589E-04
   1.0100E-01   9.2766E+01   2.7315E+02   3.9544E+04   8.6356E-09   2.1589E-04
   1.0180E-01   9.2766E+01   2.7315E+02   3.9544E+04   8.6356E-09   2.1589E-04
   1.0260E-01   9.2766E+01   2.7315E+02   3.9544E+04   8.6356E-09   2.1589E-04
   1.0340E-01   9.2766E+01   2.7315E+02   3.9544E+04   8.6356E-09   2.1589E-04
   1.0420E-01   9.2766E+01   2.7315E+02   3.9544E+04   8.6356E-09   2.1589E-04
   1.0500E-01   9.2766E+01   2.7315E+02   3.9544E+04   8.6356E-09   2.1589E-04
   1.0580E-01   9.2766E+01   2.7315E+02   3.9544E+04   8.6356E-09   2.1589E-04
   1.0660E-01   9.2766E+01   2.7315E+02   3.9544E+04   8.6356E-09   2.1589E-04
   1.0740E-01   9.2766E+01   2.7315E+02   3.9544E+04   8.6356E-09   2.1589E-04
   1.0820E-01   9.2766E+01   2.7315E+02   3.9544E+04   8.6356E-09   2.1589E-04
   1.0900E-01   9.2766E+01   2.7315E+02   3.9544E+04   8.6356E-09   2.1589E-04
   1.0980E-01   9.2766E+01   2.7315E+02   3.9544E+04   8.6356E-09   2.1589E-04
   1.1060E-01   9.2766E+01   2.7315E+02   3.9544E+04   8.6356E-09   2.1589E-04
   1.1140E-01   9.2766E+01   2.7315E+02   3.9544E+04   8.6356E-09   2.1589E-04
   1.1220E-01   9.2766E+01   2.7315E+02   3.9544E+04   8.6356E-09   2.1589E-04
   1.1300E-01   9.2766E+01   2.7315E+02   3.9544E+04   8.6356E-09   2.1589E-04
   1.1380E-01   9.2766E+01   2.7315E+02   3.9544E+04   8.6356E-09   2.1589E-04
   1.1460E-01   9.2717E+01   2.7315E+02   3.9544E+04   8.6311E-09   2.1566E-04
   1.1540E-01   9.2766E+01   2.7315E+02   3.9544E+04   8.6356E-09   2.1589E-04
   1.1620E-01   9.2766E+01   2.7315E+02   3.9544E+04   8.6356E-09   2.1589E-04
   1.1700E-01   9.2766E+01   2.7315E+02   3.9544E+04   8.6356E-09   2.1589E-04
   1.1790E-01   9.2766E+01   2.7315E+02   3.9544E+04   8.6356E-09   2.1589E-04
   1.1880E-01   9.2766E+01   2.7315E+02   3.9544E+04   8.6356E-09   2.1589E-04
   1.1970E-01   9.2766E+01   2.7315E+02   3.9544E+04   8.6356E-09   2.1589E-04
   1.2060E-01   9.2766E+01   2.7315E+02   3.9544E+04   8.6356E-09   2.1589E-04
   1.2150E-01   9.2766E+01   2.7315E+02   3.9544E+04   8.6356E-09   2.1589E-04
   1.2240E-01   9.2766E+01   2.7315E+02   3.9544E+04   8.6356E-09   2.1589E-04
   1.2330E-01   9.2766E+01   2.7315E+02   3.9544E+04   8.6356E-09   2.1589E-04
   1.2420E-01   9.2766E+01   2.7315E+02   3.9544E+04   8.6356E-09   2.1589E-04
   1.2510E-01   9.2766E+01   2.7315E+02   3.9544E+04   8.6356E-09   2.1589E-04
   1.2600E-01   9.2766E+01   2.7315E+02   3.9544E+04   8.6356E-09   2.1589E-04
   1.2690E-01   9.2766E+01   2.7315E+02   3.9544E+04   8.6356E-09   2.1589E-04
   1.2780E-01   9.2766E+01   2.7315E+02   3.9544E+04   8.6356E-09   2.1589E-04
   1.2870E-01   9.2766E+01   2.7315E+02   3.9544E+04   8.6356E-09   2.1589E-04
   1.2960E-01   9.2766E+01   2.7315E+02   3.9544E+04   8.6356E-09   2.1589E-04
   1.3050E-01   9.2766E+01   2.7315E+02   3.9544E+04   8.6356E-09   2.1589E-04
   1.3140E-01   9.2766E+01   2.7315E+02   3.9544E+04   8.6356E-09   2.1589E-04
   1.3230E-01   9.2766E+01   2.7315E+02   3.9544E+04   8.6356E-09   2.1589E-04
   1.3330E-01   9.2766E+01   2.7315E+02   3.9544E+04   8.6356E-09   2.1589E-04
   1.3430E-01   9.2766E+01   2.7315E+02   3.9544E+04   8.6356E-09   2.1589E-04
   1.3530E-01   9.2766E+01   2.7315E+02   3.9544E+04   8.6356E-09   2.1589E-04
   1.3630E-01   9.2766E+01   2.7315E+02   3.9544E+04   8.6356E-09   2.1589E-04
   1.3730E-01   9.2766E+01   2.7315E+02   3.9544E+04   8.6356E-09   2.1589E-04
   1.3830E-01   9.2717E+01   2.7315E+02   3.9544E+04   8.6311E-09   2.1566E-04
   1.3930E-01   9.2766E+01   2.7315E+02   3.9544E+04   8.6356E-09   2.1589E-04
   1.4030E-01   9.2766E+01   2.7315E+02   3.9544E+04   8.6356E-09   2.1589E-04
   1.4130E-01   9.2766E+01   2.7315E+02   3.9544E+04   8.6356E-09   2.1589E-04
   1.4230E-01   9.2766E+01   2.7315E+02   3.9544E+04   8.6356E-09   2.1589E-04
   1.4330E-01   9.2766E+01   2.7315E+02   3.9544E+04   8.6356E-09   2.1589E-04
   1.4430E-01   9.2766E+01   2.7315E+02   3.9544E+04   8.6356E-09   2.1589E-04
   1.4530E-01   9.2766E+01   2.7315E+02   3.9544E+04   8.6356E-09   2.1589E-04
   1.4630E-01   9.2766E+01   2.7315E+02   3.9544E+04   8.6356E-09   2.1589E-04
   1.4730E-01   9.2766E+01   2.7315E+02   3.9544E+04   8.6356E-09   2.1589E-04
   1.4830E-01   9.2766E+01   2.7315E+02   3.9544E+04   8.6356E-09   2.1589E-04
   1.4940E-01   9.2766E+01   2.7315E+02   3.9544E+04   8.6356E-09   2.1589E-04
   1.5050E-01   9.2766E+01   2.7315E+02   3.9544E+04   8.6356E-09   2.1589E-04
   1.5160E-01   9.2766E+01   2.7315E+02   3.9544E+04   8.6356E-09   2.1589E-04
   1.5270E-01   9.2766E+01   2.7315E+02   3.9544E+04   8.6356E-09   2.1589E-04
   1.5380E-01   9.2766E+01   2.7315E+02   3.9544E+04   8.6356E-09   2.1589E-04
   1.5490E-01   9.2766E+01   2.7315E+02   3.9544E+04   8.6356E-09   2.1589E-04
   1.5600E-01   9.2766E+01   2.7315E+02   3.9544E+04   8.6356E-09   2.1589E-04
   1.5710E-01   9.2766E+01   2.7315E+02   3.9544E+04   8.6356E-09   2.1589E-04
   1.5820E-01   9.2766E+01   2.7315E+02   3.9544E+04   8.6356E-09   2.1589E-04
   1.5930E-01   9.2766E+01   2.7315E+02   3.9544E+04   8.6356E-09   2.1589E-04
   1.6040E-01   9.2766E+01   2.7315E+02   3.9544E+04   8.6356E-09   2.1589E-04
   1.6150E-01   9.2766E+01   2.7315E+02   3.9544E+04   8.6356E-09   2.1589E-04
   1.6260E-01   9.2766E+01   2.7315E+02   3.9544E+04   8.6356E-09   2.1589E-04
   1.6370E-01   9.2766E+01   2.7315E+02   3.9544E+04   8.6356E-09   2.1589E-04
   1.6480E-01   9.2766E+01   2.7315E+02   3.9544E+04   8.6356E-09   2.1589E-04
   1.6600E-01   9.2766E+01   2.7315E+02   3.9544E+04   8.6356E-09   2.1589E-04
   1.6720E-01   9.2766E+01   2.7315E+02   3.9544E+04   8.6356E-09   2.1589E-04
   1.6840E-01   9.2766E+01   2.7315E+02   3.9544E+04   8.6356E-09   2.1589E-04
   1.6960E-01   9.2766E+01   2.7315E+02   3.9544E+04   8.6356E-09   2.1589E-04
   1.7080E-01   9.2766E+01   2.7315E+02   3.9544E+04   8.6356E-09   2.1589E-04
   1.7200E-01   9.2766E+01   2.7315E+02   3.9544E+04   8.6356E-09   2.1589E-04
   1.7320E-01   9.2766E+01   2.7315E+02   3.9544E+04   8.6356E-09   2.1589E-04
   1.7440E-01   9.2766E+01   2.7315E+02   3.9544E+04   8.6356E-09   2.1589E-04
   1.7560E-01   9.2766E+01   2.7315E+02   3.9544E+04   8.6356E-09   2.1589E-04
   1.7680E-01   9.2766E+01   2.7315E+02   3.9544E+04   8.6356E-09   2.1589E-04
   1.7800E-01   9.2766E+01   2.7315E+02   3.9544E+04   8.6356E-09   2.1589E-04
   1.7920E-01   9.2766E+01   2.7315E+02   3.9544E+04   8.6356E-09   2.1589E-04
   1.8040E-01   9.2766E+01   2.7315E+02   3.9544E+04   8.6356E-09   2.1589E-04
   1.8170E-01   9.2766E+01   2.7315E+02   3.9544E+04   8.6356E-09   2.1589E-04
   1.8300E-01   9.2766E+01   2.7315E+02   3.9544E+04   8.6356E-09   2.1589E-04
   1.8430E-01   9.2766E+01   2.7315E+02   3.9544E+04   8.6356E-09   2.1589E-04
   1.8560E-01   9.2766E+01   2.7315E+02   3.9544E+04   8.6356E-09   2.1589E-04
   1.8690E-01   9.2766E+01   2.7315E+02   3.9544E+04   8.6356E-09   2.1589E-04
   1.8820E-01   9.2766E+01   2.7315E+02   3.9544E+04   8.6356E-09   2.1589E-04
   1.8950E-01   9.2766E+01   2.7315E+02   3.9544E+04   8.6356E-09   2.1589E-04
   1.9080E-01   9.2766E+01   2.7315E+02   3.9544E+04   8.6356E-09   2.1589E-04
   1.9210E-01   9.2766E+01   2.7315E+02   3.9544E+04   8.6356E-09   2.1589E-04
   1.9340E-01   9.2766E+01   2.7315E+02   3.9544E+04   8.6356E-09   2.1589E-04
   1.9470E-01   9.2766E+01   2.7315E+02   3.9544E+04   8.6356E-09   2.1589E-04
   1.9600E-01   9.2766E+01   2.7315E+02   3.9544E+04   8.6356E-09   2.1589E-04
   1.9740E-01   9.2766E+01   2.7315E+02   3.9544E+04   8.6356E-09   2.1589E-04
   1.9880E-01   9.2766E+01   2.7315E+02   3.9544E+04   8.6356E-09   2.1589E-04
   2.0020E-01   9.2766E+01   2.7315E+02   3.9544E+04   8.6356E-09   2.1589E-04
   2.0160E-01   9.2766E+01   2.7315E+02   3.9544E+04   8.6356E-09   2.1589E-04
   2.0300E-01   9.2766E+01   2.7315E+02   3.9544E+04   8.6356E-09   2.1589E-04
   2.0440E-01   9.2766E+01   2.7315E+02   3.9544E+04   8.6356E-09   2.1589E-04
   2.0580E-01   9.2766E+01   2.7315E+02   3.9544E+04   8.6356E-09   2.1589E-04
   2.0720E-01   9.2766E+01   2.7315E+02   3.9544E+04   8.6356E-09   2.1589E-04
   2.0860E-01   9.2766E+01   2.7315E+02   3.9544E+04   8.6356E-09   2.1589E-04
   2.1000E-01   9.2766E+01   2.7315E+02   3.9544E+04   8.6356E-09   2.1589E-04
   2.1140E-01   9.2766E+01   2.7315E+02   3.9544E+04   8.6356E-09   2.1589E-04
   2.1290E-01   9.2766E+01   2.7315E+02   3.9544E+04   8.6356E-09   2.1589E-04
   2.1440E-01   9.2766E+01   2.7315E+02   3.9544E+04   8.6356E-09   2.1589E-04
   2.1590E-01   9.2766E+01   2.7315E+02   3.9544E+04   8.6356E-09   2.1589E-04
   2.1740E-01   9.2766E+01   2.7315E+02   3.9544E+04   8.6356E-09   2.1589E-04
   2.1890E-01   9.2766E+01   2.7315E+02   3.9544E+04   8.6356E-09   2.1589E-04
   2.2040E-01   9.2766E+01   2.7315E+02   3.9544E+04   8.6356E-09   2.1589E-04
   2.2190E-01   9.2766E+01   2.7315E+02   3.9544E+04   8.6356E-09   2.1589E-04
   2.2340E-01   9.2766E+01   2.7315E+02   3.9544E+04   8.6356E-09   2.1589E-04
   2.2490E-01   9.2766E+01   2.7315E+02   3.9544E+04   8.6356E-09   2.1589E-04
   2.2640E-01   9.2766E+01   2.7315E+02   3.9544E+04   8.6356E-09   2.1589E-04
   2.2790E-01   9.2766E+01   2.7315E+02   3.9544E+04   8.6356E-09   2.1589E-04
   2.2950E-01   9.2766E+01   2.7315E+02   3.9544E+04   8.6356E-09   2.1589E-04
   2.3110E-01   9.2766E+01   2.7315E+02   3.9544E+04   8.6356E-09   2.1589E-04
   2.3270E-01   9.2766E+01   2.7315E+02   3.9544E+04   8.6356E-09   2.1589E-04
   2.3430E-01   9.2766E+01   2.7315E+02   3.9544E+04   8.6356E-09   2.1589E-04
   2.3590E-01   9.2766E+01   2.7315E+02   3.9544E+04   8.6356E-09   2.1589E-04
   2.3750E-01   9.2766E+01   2.7315E+02   3.9544E+04   8.6356E-09   2.1589E-04
   2.3910E-01   9.2766E+01   2.7315E+02   3.9544E+04   8.6356E-09   2.1589E-04
   2.4070E-01   9.2766E+01   2.7315E+02   3.9544E+04   8.6356E-09   2.1589E-04
   2.4230E-01   9.2766E+01   2.7315E+02   3.9544E+04   8.6356E-09   2.1589E-04
   2.4400E-01   9.2766E+01   2.7315E+02   3.9544E+04   8.6356E-09   2.1589E-04
   2.4570E-01   9.2766E+01   2.7315E+02   3.9544E+04   8.6356E-09   2.1589E-04
   2.4740E-01   9.2766E+01   2.7315E+02   3.9544E+04   8.6356E-09   2.1589E-04
   2.4910E-01   9.2766E+01   2.7315E+02   3.9544E+04   8.6356E-09   2.1589E-04
   2.5080E-01   9.2766E+01   2.7315E+02   3.9544E+04   8.6356E-09   2.1589E-04
   2.5250E-01   9.2766E+01   2.7315E+02   3.9544E+04   8.6356E-09   2.1589E-04
   2.5420E-01   9.2766E+01   2.7315E+02   3.9544E+04   8.6356E-09   2.1589E-04
   2.5590E-01   9.2766E+01   2.7315E+02   3.9544E+04   8.6356E-09   2.1589E-04
   2.5760E-01   9.2766E+01   2.7315E+02   3.9544E+04   8.6356E-09   2.1589E-04
   2.5930E-01   9.2766E+01   2.7315E+02   3.9544E+04   8.6356E-09   2.1589E-04
   2.6110E-01   9.2766E+01   2.7315E+02   3.9544E+04   8.6356E-09   2.1589E-04
   2.6290E-01   9.2766E+01   2.7315E+02   3.9544E+04   8.6356E-09   2.1589E-04
   2.6470E-01   9.2766E+01   2.7315E+02   3.9544E+04   8.6356E-09   2.1589E-04
   2.6650E-01   9.2766E+01   2.7315E+02   3.9544E+04   8.6356E-09   2.1589E-04
   2.6830E-01   9.2766E+01   2.7315E+02   3.9544E+04   8.6356E-09   2.1589E-04
   2.7010E-01   9.2766E+01   2.7315E+02   3.9544E+04   8.6356E-09   2.1589E-04
   2.7190E-01   9.2766E+01   2.7315E+02   3.9544E+04   8.6356E-09   2.1589E-04
   2.7370E-01   9.2766E+01   2.7315E+02   3.9544E+04   8.6356E-09   2.1589E-04
   2.7560E-01   9.2766E+01   2.7315E+02   3.9544E+04   8.6356E-09   2.1589E-04
   2.7750E-01   9.2766E+01   2.7315E+02   3.9544E+04   8.6356E-09   2.1589E-04
   2.7940E-01   9.2766E+01   2.7315E+02   3.9544E+04   8.6356E-09   2.1589E-04
   2.8130E-01   9.2766E+01   2.7315E+02   3.9544E+04   8.6356E-09   2.1589E-04
   2.8320E-01   9.2766E+01   2.7315E+02   3.9544E+04   8.6356E-09   2.1589E-04
   2.8510E-01   9.2766E+01   2.7315E+02   3.9544E+04   8.6356E-09   2.1589E-04
   2.8700E-01   9.2766E+01   2.7315E+02   3.9544E+04   8.6356E-09   2.1589E-04
   2.8890E-01   9.2766E+01   2.7315E+02   3.9544E+04   8.6356E-09   2.1589E-04
   2.9090E-01   9.2766E+01   2.7315E+02   3.9544E+04   8.6356E-09   2.1589E-04
   2.9290E-01   9.2766E+01   2.7315E+02   3.9544E+04   8.6356E-09   2.1589E-04
   2.9490E-01   9.2766E+01   2.7315E+02   3.9544E+04   8.6356E-09   2.1589E-04
   2.9690E-01   9.2766E+01   2.7315E+02   3.9544E+04   8.6356E-09   2.1589E-04
   2.9890E-01   9.2766E+01   2.7315E+02   3.9544E+04   8.6356E-09   2.1589E-04
   3.0090E-01   9.2766E+01   2.7315E+02   3.9544E+04   8.6356E-09   2.1589E-04
   3.0290E-01   9.2766E+01   2.7315E+02   3.9544E+04   8.6356E-09   2.1589E-04
   3.0500E-01   9.2766E+01   2.7315E+02   3.9544E+04   8.6356E-09   2.1589E-04
   3.0710E-01   9.2766E+01   2.7315E+02   3.9544E+04   8.6356E-09   2.1589E-04
   3.0920E-01   9.2766E+01   2.7315E+02   3.9544E+04   8.6356E-09   2.1589E-04
   3.1130E-01   9.2766E+01   2.7315E+02   3.9544E+04   8.6356E-09   2.1589E-04
   3.1340E-01   9.2766E+01   2.7315E+02   3.9544E+04   8.6356E-09   2.1589E-04
   3.1550E-01   9.2766E+01   2.7315E+02   3.9544E+04   8.6356E-09   2.1589E-04
   3.1760E-01   9.2766E+01   2.7315E+02   3.9544E+04   8.6356E-09   2.1589E-04
   3.1980E-01   9.2766E+01   2.7315E+02   3.9544E+04   8.6356E-09   2.1589E-04
   3.2200E-01   9.2766E+01   2.7315E+02   3.9544E+04   8.6356E-09   2.1589E-04
   3.2420E-01   9.2766E+01   2.7315E+02   3.9544E+04   8.6356E-09   2.1589E-04
   3.2640E-01   9.2766E+01   2.7315E+02   3.9544E+04   8.6356E-09   2.1589E-04
   3.2860E-01   9.2766E+01   2.7315E+02   3.9544E+04   8.6356E-09   2.1589E-04
   3.3080E-01   9.2766E+01   2.7315E+02   3.9544E+04   8.6356E-09   2.1589E-04
   3.3300E-01   9.2766E+01   2.7315E+02   3.9544E+04   8.6356E-09   2.1589E-04
   3.3530E-01   9.2766E+01   2.7315E+02   3.9544E+04   8.6356E-09   2.1589E-04
   3.3760E-01   9.2766E+01   2.7315E+02   3.9544E+04   8.6356E-09   2.1589E-04
   3.3990E-01   9.2766E+01   2.7315E+02   3.9544E+04   8.6356E-09   2.1589E-04
   3.4220E-01   9.2766E+01   2.7315E+02   3.9544E+04   8.6356E-09   2.1589E-04
   3.4450E-01   9.2766E+01   2.7315E+02   3.9544E+04   8.6356E-09   2.1589E-04
   3.4680E-01   9.2766E+01   2.7315E+02   3.9544E+04   8.6356E-09   2.1589E-04
   3.4920E-01   9.2766E+01   2.7315E+02   3.9544E+04   8.6356E-09   2.1589E-04
   3.5160E-01   9.2766E+01   2.7315E+02   3.9544E+04   8.6356E-09   2.1589E-04
   3.5400E-01   9.2766E+01   2.7315E+02   3.9544E+04   8.6356E-09   2.1589E-04
   3.5640E-01   9.2766E+01   2.7315E+02   3.9544E+04   8.6356E-09   2.1589E-04
   3.5880E-01   9.2766E+01   2.7315E+02   3.9544E+04   8.6356E-09   2.1589E-04
   3.6120E-01   9.2766E+01   2.7315E+02   3.9544E+04   8.6356E-09   2.1589E-04
   3.6370E-01   9.2766E+01   2.7315E+02   3.9544E+04   8.6356E-09   2.1589E-04
   3.6620E-01   9.2766E+01   2.7315E+02   3.9544E+04   8.6356E-09   2.1589E-04
   3.6870E-01   9.2766E+01   2.7315E+02   3.9544E+04   8.6356E-09   2.1589E-04
   3.7120E-01   9.2766E+01   2.7315E+02   3.9544E+04   8.6356E-09   2.1589E-04
   3.7370E-01   9.2766E+01   2.7315E+02   3.9544E+04   8.6356E-09   2.1589E-04
   3.7620E-01   9.2766E+01   2.7315E+02   3.9544E+04   8.6356E-09   2.1589E-04
   3.7880E-01   9.2766E+01   2.7315E+02   3.9544E+04   8.6356E-09   2.1589E-04
   3.8140E-01   9.2766E+01   2.7315E+02   3.9544E+04   8.6356E-09   2.1589E-04
   3.8400E-01   9.2766E+01   2.7315E+02   3.9544E+04   8.6356E-09   2.1589E-04
   3.8660E-01   9.2766E+01   2.7315E+02   3.9544E+04   8.6356E-09   2.1589E-04
   3.8920E-01   9.2766E+01   2.7315E+02   3.9544E+04   8.6356E-09   2.1589E-04
   3.9190E-01   9.2766E+01   2.7315E+02   3.9544E+04   8.6356E-09   2.1589E-04
   3.9460E-01   9.2766E+01   2.7315E+02   3.9544E+04   8.6356E-09   2.1589E-04
   3.9730E-01   9.2766E+01   2.7315E+02   3.9544E+04   8.6356E-09   2.1589E-04
   4.0000E-01   9.2766E+01   2.7315E+02   3.9544E+04   8.6356E-09   2.1589E-04
   4.0270E-01   9.2766E+01   2.7315E+02   3.9544E+04   8.6356E-09   2.1589E-04
   4.0550E-01   9.2766E+01   2.7315E+02   3.9544E+04   8.6356E-09   2.1589E-04
   4.0830E-01   9.2766E+01   2.7315E+02   3.9544E+04   8.6356E-09   2.1589E-04
   4.1110E-01   9.2766E+01   2.7315E+02   3.9544E+04   8.6356E-09   2.1589E-04
   4.1390E-01   9.2766E+01   2.7315E+02   3.9544E+04   8.6356E-09   2.1589E-04
   4.1670E-01   9.2766E+01   2.7315E+02   3.9544E+04   8.6356E-09   2.1589E-04
   4.1960E-01   9.2766E+01   2.7315E+02   3.9544E+04   8.6356E-09   2.1589E-04
   4.2250E-01   9.2766E+01   2.7315E+02   3.9544E+04   8.6356E-09   2.1589E-04
   4.2540E-01   9.2766E+01   2.7315E+02   3.9544E+04   8.6356E-09   2.1589E-04
   4.2830E-01   9.2766E+01   2.7315E+02   3.9544E+04   8.6356E-09   2.1589E-04
   4.3130E-01   9.2766E+01   2.7315E+02   3.9544E+04   8.6356E-09   2.1589E-04
   4.3430E-01   9.2766E+01   2.7315E+02   3.9544E+04   8.6356E-09   2.1589E-04
   4.3730E-01   9.2766E+01   2.7315E+02   3.9544E+04   8.6356E-09   2.1589E-04
   4.4030E-01   9.2766E+01   2.7315E+02   3.9544E+04   8.6356E-09   2.1589E-04
   4.4340E-01   9.2766E+01   2.7315E+02   3.9544E+04   8.6356E-09   2.1589E-04
   4.4650E-01   9.2766E+01   2.7315E+02   3.9544E+04   8.6356E-09   2.1589E-04
   4.4960E-01   9.2766E+01   2.7315E+02   3.9544E+04   8.6356E-09   2.1589E-04
   4.5270E-01   9.2766E+01   2.7315E+02   3.9544E+04   8.6356E-09   2.1589E-04
   4.5590E-01   9.2766E+01   2.7315E+02   3.9544E+04   8.6356E-09   2.1589E-04
   4.5910E-01   9.2766E+01   2.7315E+02   3.9544E+04   8.6356E-09   2.1589E-04
   4.6230E-01   9.2766E+01   2.7315E+02   3.9544E+04   8.6356E-09   2.1589E-04
   4.6550E-01   9.2766E+01   2.7315E+02   3.9544E+04   8.6356E-09   2.1589E-04
   4.6880E-01   9.2766E+01   2.7315E+02   3.9544E+04   8.6356E-09   2.1589E-04
   4.7210E-01   9.2766E+01   2.7315E+02   3.9544E+04   8.6356E-09   2.1589E-04
   4.7540E-01   9.2766E+01   2.7315E+02   3.9544E+04   8.6356E-09   2.1589E-04
   4.7870E-01   9.2766E+01   2.7315E+02   3.9544E+04   8.6356E-09   2.1589E-04
   4.8210E-01   9.2766E+01   2.7315E+02   3.9544E+04   8.6356E-09   2.1589E-04
   4.8550E-01   9.2766E+01   2.7315E+02   3.9544E+04   8.6356E-09   2.1589E-04
   4.8890E-01   9.2766E+01   2.7315E+02   3.9544E+04   8.6356E-09   2.1589E-04
   4.9240E-01   9.2766E+01   2.7315E+02   3.9544E+04   8.6356E-09   2.1589E-04
   4.9590E-01   9.2766E+01   2.7315E+02   3.9544E+04   8.6356E-09   2.1589E-04
   4.9940E-01   9.2766E+01   2.7315E+02   3.9544E+04   8.6356E-09   2.1589E-04
   5.0300E-01   9.2766E+01   2.7315E+02   3.9544E+04   8.6356E-09   2.1589E-04
   5.0660E-01   9.2766E+01   2.7315E+02   3.9544E+04   8.6356E-09   2.1589E-04
   5.1020E-01   9.2766E+01   2.7315E+02   3.9544E+04   8.6356E-09   2.1589E-04
   5.1390E-01   9.2766E+01   2.7315E+02   3.9544E+04   8.6356E-09   2.1589E-04
   5.1760E-01   9.2766E+01   2.7315E+02   3.9544E+04   8.6356E-09   2.1589E-04
   5.2130E-01   9.2766E+01   2.7315E+02   3.9544E+04   8.6356E-09   2.1589E-04
   5.2510E-01   9.2766E+01   2.7315E+02   3.9544E+04   8.6356E-09   2.1589E-04
   5.2890E-01   9.2766E+01   2.7315E+02   3.9544E+04   8.6356E-09   2.1589E-04
   5.3270E-01   9.2766E+01   2.7315E+02   3.9544E+04   8.6356E-09   2.1589E-04
   5.3660E-01   9.2766E+01   2.7315E+02   3.9544E+04   8.6356E-09   2.1589E-04
   5.4050E-01   9.2766E+01   2.7315E+02   3.9544E+04   8.6356E-09   2.1589E-04
   5.4440E-01   9.2766E+01   2.7315E+02   3.9544E+04   8.6356E-09   2.1589E-04
   5.4840E-01   9.2766E+01   2.7315E+02   3.9544E+04   8.6356E-09   2.1589E-04
   5.5240E-01   9.2766E+01   2.7315E+02   3.9544E+04   8.6356E-09   2.1589E-04
   5.5650E-01   9.2766E+01   2.7315E+02   3.9544E+04   8.6356E-09   2.1589E-04
   5.6060E-01   9.2766E+01   2.7315E+02   3.9544E+04   8.6356E-09   2.1589E-04
   5.6470E-01   9.2766E+01   2.7315E+02   3.9544E+04   8.6356E-09   2.1589E-04
   5.6890E-01   9.2766E+01   2.7315E+02   3.9544E+04   8.6356E-09   2.1589E-04
   5.7310E-01   9.2766E+01   2.7315E+02   3.9544E+04   8.6356E-09   2.1589E-04
   5.7730E-01   9.2766E+01   2.7315E+02   3.9544E+04   8.6356E-09   2.1589E-04
   5.8150E-01   9.2766E+01   2.7315E+02   3.9544E+04   8.6356E-09   2.1589E-04
   5.8570E-01   9.2766E+01   2.7315E+02   3.9544E+04   8.6356E-09   2.1589E-04
   5.9000E-01   9.2766E+01   2.7315E+02   3.9544E+04   8.6356E-09   2.1589E-04
   5.9430E-01   9.2766E+01   2.7315E+02   3.9544E+04   8.6356E-09   2.1589E-04
   5.9860E-01   9.2766E+01   2.7315E+02   3.9544E+04   8.6356E-09   2.1589E-04
   6.0290E-01   9.2766E+01   2.7315E+02   3.9544E+04   8.6356E-09   2.1589E-04
   6.0730E-01   9.2766E+01   2.7315E+02   3.9544E+04   8.6356E-09   2.1589E-04
   6.1170E-01   9.2766E+01   2.7315E+02   3.9544E+04   8.6356E-09   2.1589E-04
   6.1610E-01   9.2766E+01   2.7315E+02   3.9544E+04   8.6356E-09   2.1589E-04
   6.2050E-01   9.2766E+01   2.7315E+02   3.9544E+04   8.6356E-09   2.1589E-04
   6.2500E-01   9.2766E+01   2.7315E+02   3.9544E+04   8.6356E-09   2.1589E-04
   6.2950E-01   9.2766E+01   2.7315E+02   3.9544E+04   8.6356E-09   2.1589E-04
   6.3400E-01   9.2766E+01   2.7315E+02   3.9544E+04   8.6356E-09   2.1589E-04
   6.3850E-01   9.2766E+01   2.7315E+02   3.9544E+04   8.6356E-09   2.1589E-04
   6.4310E-01   9.2766E+01   2.7315E+02   3.9544E+04   8.6356E-09   2.1589E-04
   6.4770E-01   9.2766E+01   2.7315E+02   3.9544E+04   8.6356E-09   2.1589E-04
   6.5230E-01   9.2766E+01   2.7315E+02   3.9544E+04   8.6356E-09   2.1589E-04
   6.5690E-01   9.2766E+01   2.7315E+02   3.9544E+04   8.6356E-09   2.1589E-04
   6.6150E-01   9.2766E+01   2.7315E+02   3.9544E+04   8.6356E-09   2.1589E-04
   6.6620E-01   9.2766E+01   2.7315E+02   3.9544E+04   8.6356E-09   2.1589E-04
   6.7090E-01   9.2766E+01   2.7315E+02   3.9544E+04   8.6356E-09   2.1589E-04
   6.7560E-01   9.2766E+01   2.7315E+02   3.9544E+04   8.6356E-09   2.1589E-04
   6.8030E-01   9.2766E+01   2.7315E+02   3.9544E+04   8.6356E-09   2.1589E-04
   6.8510E-01   9.2766E+01   2.7315E+02   3.9544E+04   8.6356E-09   2.1589E-04
   6.8990E-01   9.2766E+01   2.7315E+02   3.9544E+04   8.6356E-09   2.1589E-04
   6.9470E-01   9.2766E+01   2.7315E+02   3.9544E+04   8.6356E-09   2.1589E-04
   6.9950E-01   9.2766E+01   2.7315E+02   3.9544E+04   8.6356E-09   2.1589E-04
   7.0440E-01   9.2766E+01   2.7315E+02   3.9544E+04   8.6356E-09   2.1589E-04
   7.0930E-01   9.2766E+01   2.7315E+02   3.9544E+04   8.6356E-09   2.1589E-04
   7.1420E-01   9.2766E+01   2.7315E+02   3.9544E+04   8.6356E-09   2.1589E-04
   7.1920E-01   9.2766E+01   2.7315E+02   3.9544E+04   8.6356E-09   2.1589E-04
   7.2420E-01   9.2766E+01   2.7315E+02   3.9544E+04   8.6356E-09   2.1589E-04
   7.2920E-01   9.2766E+01   2.7315E+02   3.9544E+04   8.6356E-09   2.1589E-04
   7.3420E-01   9.2766E+01   2.7315E+02   3.9544E+04   8.6356E-09   2.1589E-04
   7.3930E-01   9.2766E+01   2.7315E+02   3.9544E+04   8.6356E-09   2.1589E-04
   7.4440E-01   9.2766E+01   2.7315E+02   3.9544E+04   8.6356E-09   2.1589E-04
   7.4950E-01   9.2766E+01   2.7315E+02   3.9544E+04   8.6356E-09   2.1589E-04
   7.5460E-01   9.2766E+01   2.7315E+02   3.9544E+04   8.6356E-09   2.1589E-04
   7.5980E-01   9.2766E+01   2.7315E+02   3.9544E+04   8.6356E-09   2.1589E-04
   7.6500E-01   9.2766E+01   2.7315E+02   3.9544E+04   8.6356E-09   2.1589E-04
   7.7020E-01   9.2766E+01   2.7315E+02   3.9544E+04   8.6356E-09   2.1589E-04
   7.7540E-01   9.2766E+01   2.7315E+02   3.9544E+04   8.6356E-09   2.1589E-04
   7.8070E-01   9.2766E+01   2.7315E+02   3.9544E+04   8.6356E-09   2.1589E-04
   7.8600E-01   9.2766E+01   2.7315E+02   3.9544E+04   8.6356E-09   2.1589E-04
   7.9130E-01   9.2766E+01   2.7315E+02   3.9544E+04   8.6356E-09   2.1589E-04
   7.9670E-01   9.2766E+01   2.7315E+02   3.9544E+04   8.6356E-09   2.1589E-04
   8.0210E-01   9.2766E+01   2.7315E+02   3.9544E+04   8.6356E-09   2.1589E-04
   8.0750E-01   9.2766E+01   2.7315E+02   3.9544E+04   8.6356E-09   2.1589E-04
   8.1290E-01   9.2766E+01   2.7315E+02   3.9544E+04   8.6356E-09   2.1589E-04
   8.1840E-01   9.2766E+01   2.7315E+02   3.9544E+04   8.6356E-09   2.1589E-04
   8.2390E-01   9.2766E+01   2.7315E+02   3.9544E+04   8.6356E-09   2.1589E-04
   8.2940E-01   9.2766E+01   2.7315E+02   3.9544E+04   8.6356E-09   2.1589E-04
   8.3500E-01   9.2766E+01   2.7315E+02   3.9544E+04   8.6356E-09   2.1589E-04
   8.4060E-01   9.2766E+01   2.7315E+02   3.9544E+04   8.6356E-09   2.1589E-04
   8.4620E-01   9.2766E+01   2.7315E+02   3.9544E+04   8.6356E-09   2.1589E-04
   8.5180E-01   9.2766E+01   2.7315E+02   3.9544E+04   8.6356E-09   2.1589E-04
   8.5750E-01   9.2766E+01   2.7315E+02   3.9544E+04   8.6356E-09   2.1589E-04
   8.6320E-01   9.2766E+01   2.7315E+02   3.9544E+04   8.6356E-09   2.1589E-04
   8.6890E-01   9.2766E+01   2.7315E+02   3.9544E+04   8.6356E-09   2.1589E-04
   8.7470E-01   9.2766E+01   2.7315E+02   3.9544E+04   8.6356E-09   2.1589E-04
   8.8050E-01   9.2766E+01   2.7315E+02   3.9544E+04   8.6356E-09   2.1589E-04
   8.8630E-01   9.2766E+01   2.7315E+02   3.9544E+04   8.6356E-09   2.1589E-04
   8.9220E-01   9.2766E+01   2.7315E+02   3.9544E+04   8.6356E-09   2.1589E-04
   8.9810E-01   9.2766E+01   2.7315E+02   3.9544E+04   8.6356E-09   2.1589E-04
   9.0400E-01   9.2766E+01   2.7315E+02   3.9544E+04   8.6356E-09   2.1589E-04
   9.0990E-01   9.2766E+01   2.7315E+02   3.9544E+04   8.6356E-09   2.1589E-04
   9.1590E-01   9.2766E+01   2.7315E+02   3.9544E+04   8.6356E-09   2.1589E-04
   9.2190E-01   9.2766E+01   2.7315E+02   3.9544E+04   8.6356E-09   2.1589E-04
   9.2790E-01   9.2766E+01   2.7315E+02   3.9544E+04   8.6356E-09   2.1589E-04
   9.3400E-01   9.2766E+01   2.7315E+02   3.9544E+04   8.6356E-09   2.1589E-04
   9.4010E-01   9.2766E+01   2.7315E+02   3.9544E+04   8.6356E-09   2.1589E-04
   9.4620E-01   9.2766E+01   2.7315E+02   3.9544E+04   8.6356E-09   2.1589E-04
   9.5240E-01   9.2766E+01   2.7315E+02   3.9544E+04   8.6356E-09   2.1589E-04
   9.5860E-01   9.2766E+01   2.7315E+02   3.9544E+04   8.6356E-09   2.1589E-04
   9.6480E-01   9.2766E+01   2.7315E+02   3.9544E+04   8.6356E-09   2.1589E-04
   9.7110E-01   9.2766E+01   2.7315E+02   3.9544E+04   8.6356E-09   2.1589E-04
   9.7740E-01   9.2766E+01   2.7315E+02   3.9544E+04   8.6356E-09   2.1589E-04
   9.8370E-01   9.2766E+01   2.7315E+02   3.9544E+04   8.6356E-09   2.1589E-04
   9.9010E-01   9.2766E+01   2.7315E+02   3.9544E+04   8.6356E-09   2.1589E-04
   9.9650E-01   9.2766E+01   2.7315E+02   3.9544E+04   8.6356E-09   2.1589E-04
   1.0029E+00   9.2766E+01   2.7315E+02   3.9544E+04   8.6356E-09   2.1589E-04
   1.0094E+00   9.2766E+01   2.7315E+02   3.9544E+04   8.6356E-09   2.1589E-04
   1.0159E+00   9.2766E+01   2.7315E+02   3.9544E+04   8.6356E-09   2.1589E-04
   1.0224E+00   9.2766E+01   2.7315E+02   3.9544E+04   8.6356E-09   2.1589E-04
   1.0290E+00   9.2766E+01   2.7315E+02   3.9544E+04   8.6356E-09   2.1589E-04
   1.0356E+00   9.2766E+01   2.7315E+02   3.9544E+04   8.6356E-09   2.1589E-04
   1.0422E+00   9.2766E+01   2.7315E+02   3.9544E+04   8.6356E-09   2.1589E-04
   1.0489E+00   9.2766E+01   2.7315E+02   3.9544E+04   8.6356E-09   2.1589E-04
   1.0556E+00   9.2766E+01   2.7315E+02   3.9544E+04   8.6356E-09   2.1589E-04
   1.0623E+00   9.2766E+01   2.7315E+02   3.9544E+04   8.6356E-09   2.1589E-04
   1.0691E+00   9.2766E+01   2.7315E+02   3.9544E+04   8.6356E-09   2.1589E-04
   1.0759E+00   9.2766E+01   2.7315E+02   3.9544E+04   8.6356E-09   2.1589E-04
   1.0827E+00   9.2766E+01   2.7315E+02   3.9544E+04   8.6356E-09   2.1589E-04
   1.0896E+00   9.2766E+01   2.7315E+02   3.9544E+04   8.6356E-09   2.1589E-04
   1.0965E+00   9.2766E+01   2.7315E+02   3.9544E+04   8.6356E-09   2.1589E-04
   1.1035E+00   9.2766E+01   2.7315E+02   3.9544E+04   8.6356E-09   2.1589E-04
   1.1105E+00   9.2766E+01   2.7315E+02   3.9544E+04   8.6356E-09   2.1589E-04
   1.1175E+00   9.2766E+01   2.7315E+02   3.9544E+04   8.6356E-09   2.1589E-04
   1.1246E+00   9.2766E+01   2.7315E+02   3.9544E+04   8.6356E-09   2.1589E-04
   1.1317E+00   9.2766E+01   2.7315E+02   3.9544E+04   8.6356E-09   2.1589E-04
   1.1388E+00   9.2766E+01   2.7315E+02   3.9544E+04   8.6356E-09   2.1589E-04
   1.1460E+00   9.2766E+01   2.7315E+02   3.9544E+04   8.6356E-09   2.1589E-04
   1.1532E+00   9.2766E+01   2.7315E+02   3.9544E+04   8.6356E-09   2.1589E-04
   1.1604E+00   9.2766E+01   2.7315E+02   3.9544E+04   8.6356E-09   2.1589E-04
   1.1677E+00   9.2766E+01   2.7315E+02   3.9544E+04   8.6356E-09   2.1589E-04
   1.1750E+00   9.2766E+01   2.7315E+02   3.9544E+04   8.6356E-09   2.1589E-04
   1.1824E+00   9.2766E+01   2.7315E+02   3.9544E+04   8.6356E-09   2.1589E-04
   1.1898E+00   9.2766E+01   2.7315E+02   3.9544E+04   8.6356E-09   2.1589E-04
   1.1972E+00   9.2766E+01   2.7315E+02   3.9544E+04   8.6356E-09   2.1589E-04
   1.2047E+00   9.2766E+01   2.7315E+02   3.9544E+04   8.6356E-09   2.1589E-04
   1.2122E+00   9.2766E+01   2.7315E+02   3.9544E+04   8.6356E-09   2.1589E-04
   1.2198E+00   9.2766E+01   2.7315E+02   3.9544E+04   8.6356E-09   2.1589E-04
   1.2274E+00   9.2766E+01   2.7315E+02   3.9544E+04   8.6356E-09   2.1589E-04
   1.2350E+00   9.2766E+01   2.7315E+02   3.9544E+04   8.6356E-09   2.1589E-04
   1.2427E+00   9.2766E+01   2.7315E+02   3.9544E+04   8.6356E-09   2.1589E-04
   1.2504E+00   9.2766E+01   2.7315E+02   3.9544E+04   8.6356E-09   2.1589E-04
   1.2582E+00   9.2766E+01   2.7315E+02   3.9544E+04   8.6356E-09   2.1589E-04
   1.2660E+00   9.2766E+01   2.7315E+02   3.9544E+04   8.6356E-09   2.1589E-04
   1.2738E+00   9.2766E+01   2.7315E+02   3.9544E+04   8.6356E-09   2.1589E-04
   1.2817E+00   9.2766E+01   2.7315E+02   3.9544E+04   8.6356E-09   2.1589E-04
   1.2896E+00   9.2766E+01   2.7315E+02   3.9544E+04   8.6356E-09   2.1589E-04
   1.2976E+00   9.2766E+01   2.7315E+02   3.9544E+04   8.6356E-09   2.1589E-04
   1.3056E+00   9.2766E+01   2.7315E+02   3.9544E+04   8.6356E-09   2.1589E-04
   1.3136E+00   9.2766E+01   2.7315E+02   3.9544E+04   8.6356E-09   2.1589E-04
   1.3217E+00   9.2766E+01   2.7315E+02   3.9544E+04   8.6356E-09   2.1589E-04
   1.3298E+00   9.2766E+01   2.7315E+02   3.9544E+04   8.6356E-09   2.1589E-04
   1.3380E+00   9.2766E+01   2.7315E+02   3.9544E+04   8.6356E-09   2.1589E-04
   1.3462E+00   9.2766E+01   2.7315E+02   3.9544E+04   8.6356E-09   2.1589E-04
   1.3544E+00   9.2766E+01   2.7315E+02   3.9544E+04   8.6356E-09   2.1589E-04
   1.3627E+00   9.2766E+01   2.7315E+02   3.9544E+04   8.6356E-09   2.1589E-04
   1.3710E+00   9.2766E+01   2.7315E+02   3.9544E+04   8.6356E-09   2.1589E-04
   1.3794E+00   9.2766E+01   2.7315E+02   3.9544E+04   8.6356E-09   2.1589E-04
   1.3878E+00   9.2766E+01   2.7315E+02   3.9544E+04   8.6356E-09   2.1589E-04
   1.3963E+00   9.2766E+01   2.7315E+02   3.9544E+04   8.6356E-09   2.1589E-04
   1.4048E+00   9.2766E+01   2.7315E+02   3.9544E+04   8.6356E-09   2.1589E-04
   1.4134E+00   9.2766E+01   2.7315E+02   3.9544E+04   8.6356E-09   2.1589E-04
   1.4220E+00   9.2766E+01   2.7315E+02   3.9544E+04   8.6356E-09   2.1589E-04
   1.4306E+00   9.2766E+01   2.7315E+02   3.9544E+04   8.6356E-09   2.1589E-04
   1.4393E+00   9.2766E+01   2.7315E+02   3.9544E+04   8.6356E-09   2.1589E-04
   1.4480E+00   9.2766E+01   2.7315E+02   3.9544E+04   8.6356E-09   2.1589E-04
   1.4568E+00   9.2766E+01   2.7315E+02   3.9544E+04   8.6356E-09   2.1589E-04
   1.4656E+00   9.2766E+01   2.7315E+02   3.9544E+04   8.6356E-09   2.1589E-04
   1.4745E+00   9.2766E+01   2.7315E+02   3.9544E+04   8.6356E-09   2.1589E-04
   1.4834E+00   9.2766E+01   2.7315E+02   3.9544E+04   8.6356E-09   2.1589E-04
   1.4924E+00   9.2766E+01   2.7315E+02   3.9544E+04   8.6356E-09   2.1589E-04
   1.5014E+00   9.2766E+01   2.7315E+02   3.9544E+04   8.6356E-09   2.1589E-04
   1.5105E+00   9.2766E+01   2.7315E+02   3.9544E+04   8.6356E-09   2.1589E-04
   1.5196E+00   9.2766E+01   2.7315E+02   3.9544E+04   8.6356E-09   2.1589E-04
   1.5287E+00   9.2766E+01   2.7315E+02   3.9544E+04   8.6356E-09   2.1589E-04
   1.5379E+00   9.2766E+01   2.7315E+02   3.9544E+04   8.6356E-09   2.1589E-04
   1.5471E+00   9.2766E+01   2.7315E+02   3.9544E+04   8.6356E-09   2.1589E-04
   1.5564E+00   9.2766E+01   2.7315E+02   3.9544E+04   8.6356E-09   2.1589E-04
   1.5657E+00   9.2766E+01   2.7315E+02   3.9544E+04   8.6356E-09   2.1589E-04
   1.5751E+00   9.2766E+01   2.7315E+02   3.9544E+04   8.6356E-09   2.1589E-04
   1.5845E+00   9.2766E+01   2.7315E+02   3.9544E+04   8.6356E-09   2.1589E-04
   1.5940E+00   9.2766E+01   2.7315E+02   3.9544E+04   8.6356E-09   2.1589E-04
   1.6035E+00   9.2766E+01   2.7315E+02   3.9544E+04   8.6356E-09   2.1589E-04
   1.6131E+00   9.2766E+01   2.7315E+02   3.9544E+04   8.6356E-09   2.1589E-04
   1.6227E+00   9.2766E+01   2.7315E+02   3.9544E+04   8.6356E-09   2.1589E-04
   1.6324E+00   9.2766E+01   2.7315E+02   3.9544E+04   8.6356E-09   2.1589E-04
   1.6421E+00   9.2766E+01   2.7315E+02   3.9544E+04   8.6356E-09   2.1589E-04
   1.6519E+00   9.2766E+01   2.7315E+02   3.9544E+04   8.6356E-09   2.1589E-04
   1.6617E+00   9.2766E+01   2.7315E+02   3.9544E+04   8.6356E-09   2.1589E-04
   1.6716E+00   9.2766E+01   2.7315E+02   3.9544E+04   8.6356E-09   2.1589E-04
   1.6815E+00   9.2766E+01   2.7315E+02   3.9544E+04   8.6356E-09   2.1589E-04
   1.6915E+00   9.2766E+01   2.7315E+02   3.9544E+04   8.6356E-09   2.1589E-04
   1.7015E+00   9.2766E+01   2.7315E+02   3.9544E+04   8.6356E-09   2.1589E-04
   1.7116E+00   9.2766E+01   2.7315E+02   3.9544E+04   8.6356E-09   2.1589E-04
   1.7217E+00   9.2766E+01   2.7315E+02   3.9544E+04   8.6356E-09   2.1589E-04
   1.7319E+00   9.2766E+01   2.7315E+02   3.9544E+04   8.6356E-09   2.1589E-04
   1.7421E+00   9.2766E+01   2.7315E+02   3.9544E+04   8.6356E-09   2.1589E-04
   1.7524E+00   9.2766E+01   2.7315E+02   3.9544E+04   8.6356E-09   2.1589E-04
   1.7628E+00   9.2766E+01   2.7315E+02   3.9544E+04   8.6356E-09   2.1589E-04
   1.7732E+00   9.2766E+01   2.7315E+02   3.9544E+04   8.6356E-09   2.1589E-04
   1.7837E+00   9.2766E+01   2.7315E+02   3.9544E+04   8.6356E-09   2.1589E-04
   1.7942E+00   9.2766E+01   2.7315E+02   3.9544E+04   8.6356E-09   2.1589E-04
   1.8048E+00   9.2766E+01   2.7315E+02   3.9544E+04   8.6356E-09   2.1589E-04
   1.8154E+00   9.2766E+01   2.7315E+02   3.9544E+04   8.6356E-09   2.1589E-04
   1.8261E+00   9.2766E+01   2.7315E+02   3.9544E+04   8.6356E-09   2.1589E-04
   1.8368E+00   9.2766E+01   2.7315E+02   3.9544E+04   8.6356E-09   2.1589E-04
   1.8476E+00   9.2766E+01   2.7315E+02   3.9544E+04   8.6356E-09   2.1589E-04
   1.8584E+00   9.2766E+01   2.7315E+02   3.9544E+04   8.6356E-09   2.1589E-04
   1.8693E+00   9.2766E+01   2.7315E+02   3.9544E+04   8.6356E-09   2.1589E-04
   1.8803E+00   9.2766E+01   2.7315E+02   3.9544E+04   8.6356E-09   2.1589E-04
   1.8913E+00   9.2766E+01   2.7315E+02   3.9544E+04   8.6356E-09   2.1589E-04
   1.9024E+00   9.2766E+01   2.7315E+02   3.9544E+04   8.6356E-09   2.1589E-04
   1.9135E+00   9.2766E+01   2.7315E+02   3.9544E+04   8.6356E-09   2.1589E-04
   1.9247E+00   9.2766E+01   2.7315E+02   3.9544E+04   8.6356E-09   2.1589E-04
   1.9359E+00   9.2766E+01   2.7315E+02   3.9544E+04   8.6356E-09   2.1589E-04
   1.9472E+00   9.2766E+01   2.7315E+02   3.9544E+04   8.6356E-09   2.1589E-04
   1.9586E+00   9.2766E+01   2.7315E+02   3.9544E+04   8.6356E-09   2.1589E-04
   1.9700E+00   9.2766E+01   2.7315E+02   3.9544E+04   8.6356E-09   2.1589E-04
   1.9815E+00   9.2766E+01   2.7315E+02   3.9544E+04   8.6356E-09   2.1589E-04
   1.9930E+00   9.2766E+01   2.7315E+02   3.9544E+04   8.6356E-09   2.1589E-04
   2.0046E+00   9.2766E+01   2.7315E+02   3.9544E+04   8.6356E-09   2.1589E-04
   2.0163E+00   9.2766E+01   2.7315E+02   3.9544E+04   8.6356E-09   2.1589E-04
   2.0280E+00   9.2766E+01   2.7315E+02   3.9544E+04   8.6356E-09   2.1589E-04
   2.0398E+00   9.2766E+01   2.7315E+02   3.9544E+04   8.6356E-09   2.1589E-04
   2.0516E+00   9.2766E+01   2.7315E+02   3.9544E+04   8.6356E-09   2.1589E-04
   2.0635E+00   9.2766E+01   2.7315E+02   3.9544E+04   8.6356E-09   2.1589E-04
   2.0755E+00   9.2766E+01   2.7315E+02   3.9544E+04   8.6356E-09   2.1589E-04
   2.0875E+00   9.2766E+01   2.7315E+02   3.9544E+04   8.6356E-09   2.1589E-04
   2.0996E+00   9.2766E+01   2.7315E+02   3.9544E+04   8.6356E-09   2.1589E-04
   2.1118E+00   9.2766E+01   2.7315E+02   3.9544E+04   8.6356E-09   2.1589E-04
   2.1240E+00   9.2766E+01   2.7315E+02   3.9544E+04   8.6356E-09   2.1589E-04
   2.1363E+00   9.2766E+01   2.7315E+02   3.9544E+04   8.6356E-09   2.1589E-04
   2.1486E+00   9.2766E+01   2.7315E+02   3.9544E+04   8.6356E-09   2.1589E-04
   2.1610E+00   9.2766E+01   2.7315E+02   3.9544E+04   8.6356E-09   2.1589E-04
   2.1735E+00   9.2766E+01   2.7315E+02   3.9544E+04   8.6356E-09   2.1589E-04
   2.1860E+00   9.2766E+01   2.7315E+02   3.9544E+04   8.6356E-09   2.1589E-04
   2.1986E+00   9.2766E+01   2.7315E+02   3.9544E+04   8.6356E-09   2.1589E-04
   2.2113E+00   9.2766E+01   2.7315E+02   3.9544E+04   8.6356E-09   2.1589E-04
   2.2240E+00   9.2766E+01   2.7315E+02   3.9544E+04   8.6356E-09   2.1589E-04
   2.2368E+00   9.2766E+01   2.7315E+02   3.9544E+04   8.6356E-09   2.1589E-04
   2.2497E+00   9.2766E+01   2.7315E+02   3.9544E+04   8.6356E-09   2.1589E-04
   2.2626E+00   9.2766E+01   2.7315E+02   3.9544E+04   8.6356E-09   2.1589E-04
   2.2756E+00   9.2766E+01   2.7315E+02   3.9544E+04   8.6356E-09   2.1589E-04
   2.2887E+00   9.2766E+01   2.7315E+02   3.9544E+04   8.6356E-09   2.1589E-04
   2.3018E+00   9.2766E+01   2.7315E+02   3.9544E+04   8.6356E-09   2.1589E-04
   2.3150E+00   9.2766E+01   2.7315E+02   3.9544E+04   8.6356E-09   2.1589E-04
   2.3283E+00   9.2766E+01   2.7315E+02   3.9544E+04   8.6356E-09   2.1589E-04
   2.3416E+00   9.2766E+01   2.7315E+02   3.9544E+04   8.6356E-09   2.1589E-04
   2.3550E+00   9.2766E+01   2.7315E+02   3.9544E+04   8.6356E-09   2.1589E-04
   2.3685E+00   9.2766E+01   2.7315E+02   3.9544E+04   8.6356E-09   2.1589E-04
   2.3820E+00   9.2766E+01   2.7315E+02   3.9544E+04   8.6356E-09   2.1589E-04
   2.3956E+00   9.2766E+01   2.7315E+02   3.9544E+04   8.6356E-09   2.1589E-04
   2.4093E+00   9.2766E+01   2.7315E+02   3.9544E+04   8.6356E-09   2.1589E-04
   2.4231E+00   9.2766E+01   2.7315E+02   3.9544E+04   8.6356E-09   2.1589E-04
   2.4369E+00   9.2766E+01   2.7315E+02   3.9544E+04   8.6356E-09   2.1589E-04
   2.4508E+00   9.2766E+01   2.7315E+02   3.9544E+04   8.6356E-09   2.1589E-04
   2.4648E+00   9.2766E+01   2.7315E+02   3.9544E+04   8.6356E-09   2.1589E-04
   2.4789E+00   9.2766E+01   2.7315E+02   3.9544E+04   8.6356E-09   2.1589E-04
   2.4930E+00   9.2766E+01   2.7315E+02   3.9544E+04   8.6356E-09   2.1589E-04
   2.5072E+00   9.2766E+01   2.7315E+02   3.9544E+04   8.6356E-09   2.1589E-04
   2.5215E+00   9.2766E+01   2.7315E+02   3.9544E+04   8.6356E-09   2.1589E-04
   2.5358E+00   9.2766E+01   2.7315E+02   3.9544E+04   8.6356E-09   2.1589E-04
   2.5502E+00   9.2766E+01   2.7315E+02   3.9544E+04   8.6356E-09   2.1589E-04
   2.5647E+00   9.2766E+01   2.7315E+02   3.9544E+04   8.6356E-09   2.1589E-04
   2.5793E+00   9.2766E+01   2.7315E+02   3.9544E+04   8.6356E-09   2.1589E-04
   2.5939E+00   9.2766E+01   2.7315E+02   3.9544E+04   8.6356E-09   2.1589E-04
   2.6086E+00   9.2766E+01   2.7315E+02   3.9544E+04   8.6356E-09   2.1589E-04
   2.6234E+00   9.2766E+01   2.7315E+02   3.9544E+04   8.6356E-09   2.1589E-04
   2.6383E+00   9.2766E+01   2.7315E+02   3.9544E+04   8.6356E-09   2.1589E-04
   2.6533E+00   9.2766E+01   2.7315E+02   3.9544E+04   8.6356E-09   2.1589E-04
   2.6683E+00   9.2766E+01   2.7315E+02   3.9544E+04   8.6356E-09   2.1589E-04
   2.6834E+00   9.2766E+01   2.7315E+02   3.9544E+04   8.6356E-09   2.1589E-04
   2.6986E+00   9.2766E+01   2.7315E+02   3.9544E+04   8.6356E-09   2.1589E-04
   2.7139E+00   9.2766E+01   2.7315E+02   3.9544E+04   8.6356E-09   2.1589E-04
   2.7292E+00   9.2766E+01   2.7315E+02   3.9544E+04   8.6356E-09   2.1589E-04
   2.7446E+00   9.2766E+01   2.7315E+02   3.9544E+04   8.6356E-09   2.1589E-04
   2.7601E+00   9.2766E+01   2.7315E+02   3.9544E+04   8.6356E-09   2.1589E-04
   2.7757E+00   9.2766E+01   2.7315E+02   3.9544E+04   8.6356E-09   2.1589E-04
   2.7914E+00   9.2766E+01   2.7315E+02   3.9544E+04   8.6356E-09   2.1589E-04
   2.8072E+00   9.2766E+01   2.7315E+02   3.9544E+04   8.6356E-09   2.1589E-04
   2.8230E+00   9.2766E+01   2.7315E+02   3.9544E+04   8.6356E-09   2.1589E-04
   2.8389E+00   9.2766E+01   2.7315E+02   3.9544E+04   8.6356E-09   2.1589E-04
   2.8549E+00   9.2766E+01   2.7315E+02   3.9544E+04   8.6356E-09   2.1589E-04
   2.8710E+00   9.2766E+01   2.7315E+02   3.9544E+04   8.6356E-09   2.1589E-04
   2.8872E+00   9.2766E+01   2.7315E+02   3.9544E+04   8.6356E-09   2.1589E-04
   2.9035E+00   9.2766E+01   2.7315E+02   3.9544E+04   8.6356E-09   2.1589E-04
   2.9198E+00   9.2766E+01   2.7315E+02   3.9544E+04   8.6356E-09   2.1589E-04
   2.9362E+00   9.2766E+01   2.7315E+02   3.9544E+04   8.6356E-09   2.1589E-04
   2.9527E+00   9.2766E+01   2.7315E+02   3.9544E+04   8.6356E-09   2.1589E-04
   2.9693E+00   9.2766E+01   2.7315E+02   3.9544E+04   8.6356E-09   2.1589E-04
   2.9860E+00   9.2766E+01   2.7315E+02   3.9544E+04   8.6356E-09   2.1589E-04
   3.0028E+00   9.2766E+01   2.7315E+02   3.9544E+04   8.6356E-09   2.1589E-04
   3.0197E+00   9.2766E+01   2.7315E+02   3.9544E+04   8.6356E-09   2.1589E-04
   3.0366E+00   9.2766E+01   2.7315E+02   3.9544E+04   8.6356E-09   2.1589E-04
   3.0536E+00   9.2766E+01   2.7315E+02   3.9544E+04   8.6356E-09   2.1589E-04
   3.0707E+00   9.2766E+01   2.7315E+02   3.9544E+04   8.6356E-09   2.1589E-04
   3.0879E+00   9.2766E+01   2.7315E+02   3.9544E+04   8.6356E-09   2.1589E-04
   3.1052E+00   9.2766E+01   2.7315E+02   3.9544E+04   8.6356E-09   2.1589E-04
   3.1226E+00   9.2766E+01   2.7315E+02   3.9544E+04   8.6356E-09   2.1589E-04
   3.1401E+00   9.2766E+01   2.7315E+02   3.9544E+04   8.6356E-09   2.1589E-04
   3.1577E+00   9.2766E+01   2.7315E+02   3.9544E+04   8.6356E-09   2.1589E-04
   3.1754E+00   9.2766E+01   2.7315E+02   3.9544E+04   8.6356E-09   2.1589E-04
   3.1932E+00   9.2766E+01   2.7315E+02   3.9544E+04   8.6356E-09   2.1589E-04
   3.2110E+00   9.2766E+01   2.7315E+02   3.9544E+04   8.6356E-09   2.1589E-04
   3.2289E+00   9.2766E+01   2.7315E+02   3.9544E+04   8.6356E-09   2.1589E-04
   3.2469E+00   9.2766E+01   2.7315E+02   3.9544E+04   8.6356E-09   2.1589E-04
   3.2650E+00   9.2766E+01   2.7315E+02   3.9544E+04   8.6356E-09   2.1589E-04
   3.2832E+00   9.2766E+01   2.7315E+02   3.9544E+04   8.6356E-09   2.1589E-04
   3.3015E+00   9.2766E+01   2.7315E+02   3.9544E+04   8.6356E-09   2.1589E-04
   3.3199E+00   9.2766E+01   2.7315E+02   3.9544E+04   8.6356E-09   2.1589E-04
   3.3384E+00   9.2766E+01   2.7315E+02   3.9544E+04   8.6356E-09   2.1589E-04
   3.3570E+00   9.2766E+01   2.7315E+02   3.9544E+04   8.6356E-09   2.1589E-04
   3.3757E+00   9.2766E+01   2.7315E+02   3.9544E+04   8.6356E-09   2.1589E-04
   3.3945E+00   9.2766E+01   2.7315E+02   3.9544E+04   8.6356E-09   2.1589E-04
   3.4134E+00   9.2766E+01   2.7315E+02   3.9544E+04   8.6356E-09   2.1589E-04
   3.4324E+00   9.2766E+01   2.7315E+02   3.9544E+04   8.6356E-09   2.1589E-04
   3.4515E+00   9.2766E+01   2.7315E+02   3.9544E+04   8.6356E-09   2.1589E-04
   3.4707E+00   9.2766E+01   2.7315E+02   3.9544E+04   8.6356E-09   2.1589E-04
   3.4900E+00   9.2766E+01   2.7315E+02   3.9544E+04   8.6356E-09   2.1589E-04
   3.5094E+00   9.2766E+01   2.7315E+02   3.9544E+04   8.6356E-09   2.1589E-04
   3.5289E+00   9.2766E+01   2.7315E+02   3.9544E+04   8.6356E-09   2.1589E-04
   3.5485E+00   9.2766E+01   2.7315E+02   3.9544E+04   8.6356E-09   2.1589E-04
   3.5682E+00   9.2766E+01   2.7315E+02   3.9544E+04   8.6356E-09   2.1589E-04
   3.5880E+00   9.2766E+01   2.7315E+02   3.9544E+04   8.6356E-09   2.1589E-04
   3.6079E+00   9.2766E+01   2.7315E+02   3.9544E+04   8.6356E-09   2.1589E-04
   3.6279E+00   9.2766E+01   2.7315E+02   3.9544E+04   8.6356E-09   2.1589E-04
   3.6480E+00   9.2766E+01   2.7315E+02   3.9544E+04   8.6356E-09   2.1589E-04
   3.6682E+00   9.2766E+01   2.7315E+02   3.9544E+04   8.6356E-09   2.1589E-04
   3.6885E+00   9.2766E+01   2.7315E+02   3.9544E+04   8.6356E-09   2.1589E-04
   3.7089E+00   9.2766E+01   2.7315E+02   3.9544E+04   8.6356E-09   2.1589E-04
   3.7295E+00   9.2766E+01   2.7315E+02   3.9544E+04   8.6356E-09   2.1589E-04
   3.7502E+00   9.2766E+01   2.7315E+02   3.9544E+04   8.6356E-09   2.1589E-04
   3.7710E+00   9.2766E+01   2.7315E+02   3.9544E+04   8.6356E-09   2.1589E-04
   3.7919E+00   9.2766E+01   2.7315E+02   3.9544E+04   8.6356E-09   2.1589E-04
   3.8129E+00   9.2766E+01   2.7315E+02   3.9544E+04   8.6356E-09   2.1589E-04
   3.8340E+00   9.2766E+01   2.7315E+02   3.9544E+04   8.6356E-09   2.1589E-04
   3.8552E+00   9.2766E+01   2.7315E+02   3.9544E+04   8.6356E-09   2.1589E-04
   3.8765E+00   9.2766E+01   2.7315E+02   3.9544E+04   8.6356E-09   2.1589E-04
   3.8979E+00   9.2766E+01   2.7315E+02   3.9544E+04   8.6356E-09   2.1589E-04
   3.9194E+00   9.2766E+01   2.7315E+02   3.9544E+04   8.6356E-09   2.1589E-04
   3.9411E+00   9.2766E+01   2.7315E+02   3.9544E+04   8.6356E-09   2.1589E-04
   3.9629E+00   9.2766E+01   2.7315E+02   3.9544E+04   8.6356E-09   2.1589E-04
   3.9848E+00   9.2766E+01   2.7315E+02   3.9544E+04   8.6356E-09   2.1589E-04
   4.0068E+00   9.2766E+01   2.7315E+02   3.9544E+04   8.6356E-09   2.1589E-04
   4.0289E+00   9.2766E+01   2.7315E+02   3.9544E+04   8.6356E-09   2.1589E-04
   4.0511E+00   9.2766E+01   2.7315E+02   3.9544E+04   8.6356E-09   2.1589E-04
   4.0735E+00   9.2766E+01   2.7315E+02   3.9544E+04   8.6356E-09   2.1589E-04
   4.0960E+00   9.2766E+01   2.7315E+02   3.9544E+04   8.6356E-09   2.1589E-04
   4.1186E+00   9.2766E+01   2.7315E+02   3.9544E+04   8.6356E-09   2.1589E-04
   4.1413E+00   9.2766E+01   2.7315E+02   3.9544E+04   8.6356E-09   2.1589E-04
   4.1641E+00   9.2766E+01   2.7315E+02   3.9544E+04   8.6356E-09   2.1589E-04
   4.1871E+00   9.2766E+01   2.7315E+02   3.9544E+04   8.6356E-09   2.1589E-04
   4.2102E+00   9.2766E+01   2.7315E+02   3.9544E+04   8.6356E-09   2.1589E-04
   4.2334E+00   9.2766E+01   2.7315E+02   3.9544E+04   8.6356E-09   2.1589E-04
   4.2567E+00   9.2766E+01   2.7315E+02   3.9544E+04   8.6356E-09   2.1589E-04
   4.2801E+00   9.2766E+01   2.7315E+02   3.9544E+04   8.6356E-09   2.1589E-04
   4.3037E+00   9.2766E+01   2.7315E+02   3.9544E+04   8.6356E-09   2.1589E-04
   4.3274E+00   9.2766E+01   2.7315E+02   3.9544E+04   8.6356E-09   2.1589E-04
   4.3512E+00   9.2766E+01   2.7315E+02   3.9544E+04   8.6356E-09   2.1589E-04
   4.3751E+00   9.2766E+01   2.7315E+02   3.9544E+04   8.6356E-09   2.1589E-04
   4.3990E+00   9.2766E+01   2.7315E+02   3.9544E+04   8.6356E-09   2.1589E-04
   4.4230E+00   9.2766E+01   2.7315E+02   3.9544E+04   8.6356E-09   2.1589E-04
   4.4471E+00   9.2766E+01   2.7315E+02   3.9544E+04   8.6356E-09   2.1589E-04
   4.4712E+00   9.2766E+01   2.7315E+02   3.9544E+04   8.6356E-09   2.1589E-04
   4.4954E+00   9.2766E+01   2.7315E+02   3.9544E+04   8.6356E-09   2.1589E-04
   4.5197E+00   9.2766E+01   2.7315E+02   3.9544E+04   8.6356E-09   2.1589E-04
   4.5440E+00   9.2766E+01   2.7315E+02   3.9544E+04   8.6356E-09   2.1589E-04
   4.5684E+00   9.2766E+01   2.7315E+02   3.9544E+04   8.6356E-09   2.1589E-04
   4.5929E+00   9.2766E+01   2.7315E+02   3.9544E+04   8.6356E-09   2.1589E-04
   4.6175E+00   9.2766E+01   2.7315E+02   3.9544E+04   8.6356E-09   2.1589E-04
   4.6421E+00   9.2766E+01   2.7315E+02   3.9544E+04   8.6356E-09   2.1589E-04
   4.6668E+00   9.2766E+01   2.7315E+02   3.9544E+04   8.6356E-09   2.1589E-04
   4.6916E+00   9.2766E+01   2.7315E+02   3.9544E+04   8.6356E-09   2.1589E-04
   4.7164E+00   9.2766E+01   2.7315E+02   3.9544E+04   8.6356E-09   2.1589E-04
   4.7413E+00   9.2766E+01   2.7315E+02   3.9544E+04   8.6356E-09   2.1589E-04
   4.7663E+00   9.2766E+01   2.7315E+02   3.9544E+04   8.6356E-09   2.1589E-04
   4.7913E+00   9.2766E+01   2.7315E+02   3.9544E+04   8.6356E-09   2.1589E-04
   4.8164E+00   9.2766E+01   2.7315E+02   3.9544E+04   8.6356E-09   2.1589E-04
   4.8416E+00   9.2766E+01   2.7315E+02   3.9544E+04   8.6356E-09   2.1589E-04
   4.8668E+00   9.2766E+01   2.7315E+02   3.9544E+04   8.6356E-09   2.1589E-04
   4.8921E+00   9.2766E+01   2.7315E+02   3.9544E+04   8.6356E-09   2.1589E-04
   4.9175E+00   9.2766E+01   2.7315E+02   3.9544E+04   8.6356E-09   2.1589E-04
   4.9430E+00   9.2766E+01   2.7315E+02   3.9544E+04   8.6356E-09   2.1589E-04
   4.9685E+00   9.2766E+01   2.7315E+02   3.9544E+04   8.6356E-09   2.1589E-04
   4.9941E+00   9.2766E+01   2.7315E+02   3.9544E+04   8.6356E-09   2.1589E-04
   5.0198E+00   9.2766E+01   2.7315E+02   3.9544E+04   8.6356E-09   2.1589E-04
   5.0455E+00   9.2766E+01   2.7315E+02   3.9544E+04   8.6355E-09   2.1589E-04
   5.0713E+00   9.2766E+01   2.7315E+02   3.9544E+04   8.6355E-09   2.1589E-04
   5.0972E+00   9.2766E+01   2.7315E+02   3.9544E+04   8.6355E-09   2.1589E-04
   5.1232E+00   9.2766E+01   2.7315E+02   3.9544E+04   8.6355E-09   2.1589E-04
   5.1492E+00   9.2766E+01   2.7315E+02   3.9544E+04   8.6355E-09   2.1589E-04
   5.1753E+00   9.2766E+01   2.7315E+02   3.9544E+04   8.6355E-09   2.1589E-04
   5.2015E+00   9.2766E+01   2.7315E+02   3.9544E+04   8.6355E-09   2.1589E-04
   5.2277E+00   9.2766E+01   2.7315E+02   3.9544E+04   8.6355E-09   2.1589E-04
   5.2540E+00   9.2766E+01   2.7315E+02   3.9544E+04   8.6355E-09   2.1589E-04
   5.2804E+00   9.2766E+01   2.7315E+02   3.9544E+04   8.6355E-09   2.1589E-04
   5.3069E+00   9.2766E+01   2.7315E+02   3.9544E+04   8.6355E-09   2.1589E-04
   5.3334E+00   9.2766E+01   2.7315E+02   3.9544E+04   8.6355E-09   2.1589E-04
   5.3600E+00   9.2766E+01   2.7315E+02   3.9544E+04   8.6355E-09   2.1589E-04
   5.3867E+00   9.2766E+01   2.7315E+02   3.9544E+04   8.6355E-09   2.1589E-04
   5.4135E+00   9.2766E+01   2.7315E+02   3.9544E+04   8.6355E-09   2.1589E-04
   5.4403E+00   9.2766E+01   2.7315E+02   3.9544E+04   8.6355E-09   2.1589E-04
   5.4672E+00   9.2766E+01   2.7315E+02   3.9544E+04   8.6355E-09   2.1589E-04
   5.4942E+00   9.2766E+01   2.7315E+02   3.9544E+04   8.6355E-09   2.1589E-04
   5.5213E+00   9.2766E+01   2.7315E+02   3.9544E+04   8.6355E-09   2.1589E-04
   5.5484E+00   9.2766E+01   2.7315E+02   3.9544E+04   8.6355E-09   2.1589E-04
   5.5756E+00   9.2766E+01   2.7315E+02   3.9544E+04   8.6355E-09   2.1589E-04
   5.6029E+00   9.2766E+01   2.7315E+02   3.9544E+04   8.6355E-09   2.1589E-04
   5.6303E+00   9.2766E+01   2.7315E+02   3.9544E+04   8.6355E-09   2.1589E-04
   5.6577E+00   9.2766E+01   2.7315E+02   3.9544E+04   8.6355E-09   2.1589E-04
