       Time_s           01           02           03           04           05
   0.0000E+00   1.1587E+02   3.4015E+02   0.0000E+00   0.0000E+00   0.0000E+00
   1.0000E-06   1.1587E+02   3.4015E+02   4.2518E+04   1.3584E-06   3.3975E-02
   2.0000E-06   1.1587E+02   3.4015E+02   4.2518E+04   1.3584E-06   3.3975E-02
   3.0000E-06   1.1587E+02   3.4015E+02   4.2518E+04   1.3584E-06   3.3975E-02
   4.0000E-06   1.1587E+02   3.4015E+02   4.2518E+04   1.3584E-06   3.3975E-02
   5.0000E-06   1.1587E+02   3.4015E+02   4.2518E+04   1.3584E-06   3.3975E-02
   6.0000E-06   1.1587E+02   3.4015E+02   4.2518E+04   1.3584E-06   3.3975E-02
   7.0000E-06   1.1587E+02   3.4015E+02   4.2518E+04   1.3584E-06   3.3975E-02
   8.0000E-06   1.1587E+02   3.4015E+02   4.2518E+04   1.3584E-06   3.3975E-02
   9.0000E-06   1.1587E+02   3.4015E+02   4.2518E+04   1.3584E-06   3.3975E-02
   1.0000E-05   1.1587E+02   3.4015E+02   4.2518E+04   1.3584E-06   3.3975E-02
   1.1000E-05   1.1587E+02   3.4015E+02   4.2518E+04   1.3584E-06   3.3975E-02
   1.2000E-05   1.1587E+02   3.4015E+02   4.2518E+04   1.3584E-06   3.3975E-02
   1.3000E-05   1.1587E+02   3.4015E+02   4.2518E+04   1.3584E-06   3.3975E-02
   1.4000E-05   1.1587E+02   3.4015E+02   4.2518E+04   1.3584E-06   3.3975E-02
   1.5000E-05   1.1587E+02   3.4015E+02   4.2518E+04   1.3584E-06   3.3975E-02
   1.6000E-05   1.1587E+02   3.4015E+02   4.2518E+04   1.3584E-06   3.3975E-02
   1.7000E-05   1.1587E+02   3.4015E+02   4.2518E+04   1.3584E-06   3.3975E-02
   1.8000E-05   1.1587E+02   3.4015E+02   4.2518E+04   1.3584E-06   3.3975E-02
   1.9000E-05   1.1587E+02   3.4015E+02   4.2518E+04   1.3584E-06   3.3975E-02
   2.0000E-05   1.1587E+02   3.4015E+02   4.2518E+04   1.3584E-06   3.3975E-02
   2.1000E-05   1.1587E+02   3.4015E+02   4.2518E+04   1.3584E-06   3.3975E-02
   2.2000E-05   1.1587E+02   3.4015E+02   4.2518E+04   1.3584E-06   3.3975E-02
   2.3000E-05   1.1587E+02   3.4015E+02   4.2518E+04   1.3584E-06   3.3975E-02
   2.4000E-05   1.1587E+02   3.4015E+02   4.2518E+04   1.3584E-06   3.3975E-02
   2.5000E-05   1.1587E+02   3.4015E+02   4.2518E+04   1.3584E-06   3.3975E-02
   2.6000E-05   1.1587E+02   3.4015E+02   4.2518E+04   1.3584E-06   3.3975E-02
   2.7000E-05   1.1587E+02   3.4015E+02   4.2518E+04   1.3584E-06   3.3975E-02
   2.8000E-05   1.1587E+02   3.4015E+02   4.2518E+04   1.3584E-06   3.3975E-02
   2.9000E-05   1.1587E+02   3.4015E+02   4.2518E+04   1.3584E-06   3.3975E-02
   3.0000E-05   1.1587E+02   3.4015E+02   4.2518E+04   1.3584E-06   3.3975E-02
   3.1000E-05   1.1587E+02   3.4015E+02   4.2518E+04   1.3584E-06   3.3975E-02
   3.2000E-05   1.1587E+02   3.4015E+02   4.2518E+04   1.3584E-06   3.3975E-02
   3.3000E-05   1.1587E+02   3.4015E+02   4.2518E+04   1.3584E-06   3.3975E-02
   3.4000E-05   1.1587E+02   3.4015E+02   4.2518E+04   1.3584E-06   3.3975E-02
   3.5000E-05   1.1587E+02   3.4015E+02   4.2518E+04   1.3584E-06   3.3975E-02
   3.6000E-05   1.1587E+02   3.4015E+02   4.2518E+04   1.3584E-06   3.3975E-02
   3.7000E-05   1.1587E+02   3.4015E+02   4.2518E+04   1.3584E-06   3.3975E-02
   3.8000E-05   1.1587E+02   3.4015E+02   4.2518E+04   1.3584E-06   3.3975E-02
   3.9000E-05   1.1587E+02   3.4015E+02   4.2518E+04   1.3584E-06   3.3975E-02
   4.0000E-05   1.1587E+02   3.4015E+02   4.2518E+04   1.3584E-06   3.3975E-02
   4.1000E-05   1.1587E+02   3.4015E+02   4.2518E+04   1.3584E-06   3.3975E-02
   4.2000E-05   1.1587E+02   3.4015E+02   4.2518E+04   1.3584E-06   3.3975E-02
   4.3000E-05   1.1587E+02   3.4015E+02   4.2518E+04   1.3584E-06   3.3975E-02
   4.4000E-05   1.1587E+02   3.4015E+02   4.2518E+04   1.3584E-06   3.3975E-02
   4.5000E-05   1.1587E+02   3.4015E+02   4.2518E+04   1.3584E-06   3.3975E-02
   4.6000E-05   1.1587E+02   3.4015E+02   4.2518E+04   1.3584E-06   3.3975E-02
   4.7000E-05   1.1587E+02   3.4015E+02   4.2518E+04   1.3584E-06   3.3975E-02
   4.8000E-05   1.1587E+02   3.4015E+02   4.2518E+04   1.3584E-06   3.3975E-02
   4.9000E-05   1.1587E+02   3.4015E+02   4.2518E+04   1.3584E-06   3.3975E-02
   5.0000E-05   1.1587E+02   3.4015E+02   4.2518E+04   1.3584E-06   3.3975E-02
   5.1000E-05   1.1587E+02   3.4015E+02   4.2518E+04   1.3584E-06   3.3975E-02
   5.2000E-05   1.1587E+02   3.4015E+02   4.2518E+04   1.3584E-06   3.3975E-02
   5.3000E-05   1.1587E+02   3.4015E+02   4.2518E+04   1.3584E-06   3.3975E-02
   5.4000E-05   1.1587E+02   3.4015E+02   4.2518E+04   1.3584E-06   3.3975E-02
   5.5000E-05   1.1587E+02   3.4015E+02   4.2518E+04   1.3584E-06   3.3975E-02
   5.6000E-05   1.1587E+02   3.4015E+02   4.2518E+04   1.3584E-06   3.3975E-02
   5.7000E-05   1.1587E+02   3.4015E+02   4.2518E+04   1.3584E-06   3.3975E-02
   5.8000E-05   1.1587E+02   3.4015E+02   4.2518E+04   1.3584E-06   3.3975E-02
   5.9000E-05   1.1587E+02   3.4015E+02   4.2518E+04   1.3584E-06   3.3975E-02
   6.0000E-05   1.1587E+02   3.4015E+02   4.2518E+04   1.3584E-06   3.3975E-02
   6.1000E-05   1.1587E+02   3.4015E+02   4.2518E+04   1.3584E-06   3.3975E-02
   6.2000E-05   1.1587E+02   3.4015E+02   4.2518E+04   1.3584E-06   3.3975E-02
   6.3000E-05   1.1587E+02   3.4015E+02   4.2518E+04   1.3584E-06   3.3976E-02
   6.4000E-05   1.1587E+02   3.4015E+02   4.2518E+04   1.3584E-06   3.3976E-02
   6.5000E-05   1.1587E+02   3.4015E+02   4.2518E+04   1.3584E-06   3.3976E-02
   6.6000E-05   1.1587E+02   3.4015E+02   4.2518E+04   1.3584E-06   3.3976E-02
   6.7000E-05   1.1587E+02   3.4015E+02   4.2518E+04   1.3584E-06   3.3976E-02
   6.8000E-05   1.1587E+02   3.4015E+02   4.2518E+04   1.3584E-06   3.3976E-02
   6.9000E-05   1.1587E+02   3.4015E+02   4.2518E+04   1.3584E-06   3.3976E-02
   7.0000E-05   1.1587E+02   3.4015E+02   4.2518E+04   1.3584E-06   3.3976E-02
   7.1000E-05   1.1587E+02   3.4015E+02   4.2518E+04   1.3584E-06   3.3976E-02
   7.2000E-05   1.1587E+02   3.4015E+02   4.2518E+04   1.3584E-06   3.3976E-02
   7.3000E-05   1.1587E+02   3.4015E+02   4.2518E+04   1.3584E-06   3.3976E-02
   7.4000E-05   1.1587E+02   3.4015E+02   4.2518E+04   1.3584E-06   3.3976E-02
   7.5000E-05   1.1587E+02   3.4015E+02   4.2518E+04   1.3584E-06   3.3976E-02
   7.6000E-05   1.1587E+02   3.4015E+02   4.2518E+04   1.3584E-06   3.3976E-02
   7.7000E-05   1.1587E+02   3.4015E+02   4.2518E+04   1.3584E-06   3.3976E-02
   7.8000E-05   1.1587E+02   3.4015E+02   4.2518E+04   1.3584E-06   3.3976E-02
   7.9000E-05   1.1587E+02   3.4015E+02   4.2518E+04   1.3584E-06   3.3976E-02
   8.0000E-05   1.1587E+02   3.4015E+02   4.2518E+04   1.3584E-06   3.3976E-02
   8.1000E-05   1.1587E+02   3.4015E+02   4.2518E+04   1.3584E-06   3.3976E-02
   8.2000E-05   1.1587E+02   3.4015E+02   4.2518E+04   1.3584E-06   3.3976E-02
   8.3000E-05   1.1587E+02   3.4015E+02   4.2518E+04   1.3584E-06   3.3976E-02
   8.4000E-05   1.1587E+02   3.4015E+02   4.2518E+04   1.3584E-06   3.3976E-02
   8.5000E-05   1.1587E+02   3.4015E+02   4.2518E+04   1.3584E-06   3.3976E-02
   8.6000E-05   1.1587E+02   3.4015E+02   4.2518E+04   1.3584E-06   3.3976E-02
   8.7000E-05   1.1587E+02   3.4015E+02   4.2518E+04   1.3584E-06   3.3976E-02
   8.8000E-05   1.1587E+02   3.4015E+02   4.2518E+04   1.3584E-06   3.3976E-02
   8.9000E-05   1.1587E+02   3.4015E+02   4.2518E+04   1.3584E-06   3.3976E-02
   9.0000E-05   1.1587E+02   3.4015E+02   4.2518E+04   1.3584E-06   3.3976E-02
   9.1000E-05   1.1587E+02   3.4015E+02   4.2518E+04   1.3584E-06   3.3976E-02
   9.2000E-05   1.1587E+02   3.4015E+02   4.2518E+04   1.3584E-06   3.3976E-02
   9.3000E-05   1.1587E+02   3.4015E+02   4.2518E+04   1.3584E-06   3.3976E-02
   9.4000E-05   1.1587E+02   3.4015E+02   4.2518E+04   1.3584E-06   3.3976E-02
   9.5000E-05   1.1587E+02   3.4015E+02   4.2518E+04   1.3584E-06   3.3976E-02
   9.6000E-05   1.1587E+02   3.4015E+02   4.2518E+04   1.3584E-06   3.3976E-02
   9.7000E-05   1.1587E+02   3.4015E+02   4.2518E+04   1.3584E-06   3.3976E-02
   9.8000E-05   1.1587E+02   3.4015E+02   4.2518E+04   1.3584E-06   3.3976E-02
   9.9000E-05   1.1587E+02   3.4015E+02   4.2518E+04   1.3584E-06   3.3976E-02
   1.0000E-04   1.1587E+02   3.4015E+02   4.2518E+04   1.3584E-06   3.3976E-02
   1.0100E-04   1.1587E+02   3.4015E+02   4.2518E+04   1.3584E-06   3.3976E-02
   1.1100E-04   1.1587E+02   3.4015E+02   4.2518E+04   1.3584E-06   3.3976E-02
   1.2100E-04   1.1587E+02   3.4015E+02   4.2518E+04   1.3584E-06   3.3976E-02
   1.3100E-04   1.1587E+02   3.4015E+02   4.2518E+04   1.3584E-06   3.3976E-02
   1.4100E-04   1.1587E+02   3.4015E+02   4.2518E+04   1.3584E-06   3.3976E-02
   1.5100E-04   1.1587E+02   3.4015E+02   4.2518E+04   1.3584E-06   3.3976E-02
   1.6100E-04   1.1587E+02   3.4015E+02   4.2518E+04   1.3584E-06   3.3976E-02
   1.7100E-04   1.1587E+02   3.4015E+02   4.2518E+04   1.3584E-06   3.3976E-02
   1.8100E-04   1.1587E+02   3.4015E+02   4.2518E+04   1.3584E-06   3.3977E-02
   1.9100E-04   1.1587E+02   3.4015E+02   4.2518E+04   1.3584E-06   3.3977E-02
   2.0100E-04   1.1587E+02   3.4015E+02   4.2518E+04   1.3584E-06   3.3977E-02
   2.1100E-04   1.1587E+02   3.4015E+02   4.2518E+04   1.3584E-06   3.3977E-02
   2.2100E-04   1.1587E+02   3.4015E+02   4.2518E+04   1.3584E-06   3.3977E-02
   2.3100E-04   1.1587E+02   3.4015E+02   4.2518E+04   1.3584E-06   3.3977E-02
   2.4100E-04   1.1587E+02   3.4015E+02   4.2518E+04   1.3584E-06   3.3977E-02
   2.5100E-04   1.1587E+02   3.4015E+02   4.2518E+04   1.3585E-06   3.3977E-02
   2.6100E-04   1.1587E+02   3.4015E+02   4.2518E+04   1.3585E-06   3.3977E-02
   2.7100E-04   1.1587E+02   3.4015E+02   4.2518E+04   1.3585E-06   3.3977E-02
   2.8100E-04   1.1587E+02   3.4015E+02   4.2518E+04   1.3585E-06   3.3977E-02
   2.9100E-04   1.1587E+02   3.4015E+02   4.2518E+04   1.3585E-06   3.3977E-02
   3.0100E-04   1.1587E+02   3.4015E+02   4.2518E+04   1.3585E-06   3.3978E-02
   3.1100E-04   1.1587E+02   3.4015E+02   4.2518E+04   1.3585E-06   3.3978E-02
   3.2100E-04   1.1587E+02   3.4015E+02   4.2518E+04   1.3585E-06   3.3978E-02
   3.3100E-04   1.1587E+02   3.4015E+02   4.2518E+04   1.3585E-06   3.3978E-02
   3.4100E-04   1.1587E+02   3.4015E+02   4.2518E+04   1.3585E-06   3.3978E-02
   3.5100E-04   1.1587E+02   3.4015E+02   4.2518E+04   1.3585E-06   3.3978E-02
   3.6100E-04   1.1587E+02   3.4015E+02   4.2518E+04   1.3585E-06   3.3978E-02
   3.7100E-04   1.1587E+02   3.4015E+02   4.2518E+04   1.3585E-06   3.3978E-02
   3.8100E-04   1.1587E+02   3.4015E+02   4.2518E+04   1.3585E-06   3.3978E-02
   3.9100E-04   1.1587E+02   3.4015E+02   4.2518E+04   1.3585E-06   3.3978E-02
   4.0100E-04   1.1587E+02   3.4015E+02   4.2518E+04   1.3585E-06   3.3978E-02
   4.1100E-04   1.1587E+02   3.4015E+02   4.2518E+04   1.3585E-06   3.3978E-02
   4.2100E-04   1.1587E+02   3.4015E+02   4.2518E+04   1.3585E-06   3.3979E-02
   4.3100E-04   1.1587E+02   3.4015E+02   4.2518E+04   1.3585E-06   3.3979E-02
   4.4100E-04   1.1587E+02   3.4015E+02   4.2518E+04   1.3585E-06   3.3979E-02
   4.5100E-04   1.1587E+02   3.4015E+02   4.2518E+04   1.3585E-06   3.3979E-02
   4.6100E-04   1.1587E+02   3.4015E+02   4.2518E+04   1.3585E-06   3.3979E-02
   4.7100E-04   1.1587E+02   3.4015E+02   4.2518E+04   1.3585E-06   3.3979E-02
   4.8100E-04   1.1587E+02   3.4015E+02   4.2518E+04   1.3585E-06   3.3979E-02
   4.9100E-04   1.1587E+02   3.4015E+02   4.2518E+04   1.3585E-06   3.3979E-02
   5.0100E-04   1.1587E+02   3.4015E+02   4.2518E+04   1.3585E-06   3.3979E-02
   5.1100E-04   1.1587E+02   3.4015E+02   4.2518E+04   1.3585E-06   3.3979E-02
   5.2100E-04   1.1587E+02   3.4015E+02   4.2518E+04   1.3585E-06   3.3979E-02
   5.3100E-04   1.1587E+02   3.4015E+02   4.2518E+04   1.3585E-06   3.3979E-02
   5.4100E-04   1.1587E+02   3.4015E+02   4.2518E+04   1.3586E-06   3.3980E-02
   5.5100E-04   1.1587E+02   3.4015E+02   4.2518E+04   1.3586E-06   3.3980E-02
   5.6100E-04   1.1587E+02   3.4015E+02   4.2518E+04   1.3586E-06   3.3980E-02
   5.7100E-04   1.1587E+02   3.4015E+02   4.2518E+04   1.3586E-06   3.3980E-02
   5.8100E-04   1.1587E+02   3.4015E+02   4.2518E+04   1.3586E-06   3.3980E-02
   5.9100E-04   1.1587E+02   3.4015E+02   4.2518E+04   1.3586E-06   3.3980E-02
   6.0100E-04   1.1587E+02   3.4015E+02   4.2518E+04   1.3586E-06   3.3980E-02
   6.1100E-04   1.1587E+02   3.4015E+02   4.2518E+04   1.3586E-06   3.3980E-02
   6.2100E-04   1.1587E+02   3.4015E+02   4.2518E+04   1.3586E-06   3.3980E-02
   6.3100E-04   1.1587E+02   3.4015E+02   4.2518E+04   1.3586E-06   3.3980E-02
   6.4100E-04   1.1587E+02   3.4015E+02   4.2518E+04   1.3586E-06   3.3980E-02
   6.5100E-04   1.1587E+02   3.4015E+02   4.2518E+04   1.3586E-06   3.3981E-02
   6.6100E-04   1.1587E+02   3.4015E+02   4.2518E+04   1.3586E-06   3.3981E-02
   6.7100E-04   1.1587E+02   3.4015E+02   4.2518E+04   1.3586E-06   3.3981E-02
   6.8100E-04   1.1587E+02   3.4015E+02   4.2518E+04   1.3586E-06   3.3981E-02
   6.9100E-04   1.1587E+02   3.4015E+02   4.2518E+04   1.3586E-06   3.3981E-02
   7.0100E-04   1.1587E+02   3.4015E+02   4.2518E+04   1.3586E-06   3.3981E-02
   7.1100E-04   1.1587E+02   3.4015E+02   4.2518E+04   1.3586E-06   3.3981E-02
   7.2100E-04   1.1587E+02   3.4015E+02   4.2518E+04   1.3586E-06   3.3981E-02
   7.3100E-04   1.1587E+02   3.4015E+02   4.2518E+04   1.3586E-06   3.3981E-02
   7.4100E-04   1.1587E+02   3.4015E+02   4.2518E+04   1.3586E-06   3.3981E-02
   7.5100E-04   1.1587E+02   3.4015E+02   4.2518E+04   1.3586E-06   3.3981E-02
   7.6100E-04   1.1587E+02   3.4015E+02   4.2518E+04   1.3586E-06   3.3981E-02
   7.7100E-04   1.1587E+02   3.4015E+02   4.2518E+04   1.3586E-06   3.3982E-02
   7.8100E-04   1.1587E+02   3.4015E+02   4.2518E+04   1.3586E-06   3.3982E-02
   7.9100E-04   1.1587E+02   3.4015E+02   4.2518E+04   1.3586E-06   3.3982E-02
   8.0100E-04   1.1587E+02   3.4015E+02   4.2518E+04   1.3586E-06   3.3982E-02
   8.1100E-04   1.1587E+02   3.4015E+02   4.2518E+04   1.3586E-06   3.3982E-02
   8.2100E-04   1.1587E+02   3.4015E+02   4.2518E+04   1.3586E-06   3.3982E-02
   8.3100E-04   1.1587E+02   3.4015E+02   4.2518E+04   1.3586E-06   3.3982E-02
   8.4100E-04   1.1587E+02   3.4015E+02   4.2518E+04   1.3587E-06   3.3982E-02
   8.5100E-04   1.1587E+02   3.4015E+02   4.2518E+04   1.3587E-06   3.3982E-02
   8.6100E-04   1.1587E+02   3.4015E+02   4.2518E+04   1.3587E-06   3.3982E-02
   8.7100E-04   1.1587E+02   3.4015E+02   4.2518E+04   1.3587E-06   3.3982E-02
   8.8100E-04   1.1587E+02   3.4015E+02   4.2518E+04   1.3587E-06   3.3982E-02
   8.9100E-04   1.1587E+02   3.4015E+02   4.2518E+04   1.3587E-06   3.3983E-02
   9.0100E-04   1.1587E+02   3.4015E+02   4.2518E+04   1.3587E-06   3.3983E-02
   9.1100E-04   1.1587E+02   3.4015E+02   4.2518E+04   1.3587E-06   3.3983E-02
   9.2100E-04   1.1587E+02   3.4015E+02   4.2518E+04   1.3587E-06   3.3983E-02
   9.3100E-04   1.1587E+02   3.4015E+02   4.2518E+04   1.3587E-06   3.3983E-02
   9.4100E-04   1.1587E+02   3.4015E+02   4.2518E+04   1.3587E-06   3.3983E-02
   9.5100E-04   1.1587E+02   3.4015E+02   4.2518E+04   1.3587E-06   3.3983E-02
   9.6100E-04   1.1587E+02   3.4015E+02   4.2518E+04   1.3587E-06   3.3983E-02
   9.7100E-04   1.1587E+02   3.4015E+02   4.2518E+04   1.3587E-06   3.3983E-02
   9.8100E-04   1.1587E+02   3.4015E+02   4.2518E+04   1.3587E-06   3.3983E-02
   9.9100E-04   1.1587E+02   3.4015E+02   4.2518E+04   1.3587E-06   3.3983E-02
   1.0010E-03   1.1587E+02   3.4015E+02   4.2518E+04   1.3587E-06   3.3983E-02
   1.1010E-03   1.1587E+02   3.4015E+02   4.2518E+04   1.3587E-06   3.3984E-02
   1.2010E-03   1.1587E+02   3.4015E+02   4.2518E+04   1.3588E-06   3.3985E-02
   1.3010E-03   1.1587E+02   3.4015E+02   4.2518E+04   1.3588E-06   3.3986E-02
   1.4010E-03   1.1587E+02   3.4015E+02   4.2518E+04   1.3588E-06   3.3987E-02
   1.5010E-03   1.1587E+02   3.4015E+02   4.2518E+04   1.3589E-06   3.3988E-02
   1.6010E-03   1.1587E+02   3.4015E+02   4.2518E+04   1.3589E-06   3.3989E-02
   1.7010E-03   1.1587E+02   3.4015E+02   4.2518E+04   1.3589E-06   3.3989E-02
   1.8010E-03   1.1587E+02   3.4015E+02   4.2518E+04   1.3590E-06   3.3990E-02
   1.9010E-03   1.1587E+02   3.4015E+02   4.2518E+04   1.3590E-06   3.3991E-02
   2.0010E-03   1.1587E+02   3.4015E+02   4.2518E+04   1.3590E-06   3.3992E-02
   2.1010E-03   1.1587E+02   3.4015E+02   4.2518E+04   1.3591E-06   3.3993E-02
   2.2010E-03   1.1587E+02   3.4015E+02   4.2518E+04   1.3591E-06   3.3994E-02
   2.3010E-03   1.1587E+02   3.4015E+02   4.2518E+04   1.3591E-06   3.3994E-02
   2.4010E-03   1.1587E+02   3.4015E+02   4.2518E+04   1.3592E-06   3.3995E-02
   2.5010E-03   1.1587E+02   3.4015E+02   4.2518E+04   1.3592E-06   3.3996E-02
   2.6010E-03   1.1587E+02   3.4015E+02   4.2518E+04   1.3592E-06   3.3997E-02
   2.7010E-03   1.1587E+02   3.4015E+02   4.2518E+04   1.3593E-06   3.3997E-02
   2.8010E-03   1.1587E+02   3.4015E+02   4.2518E+04   1.3593E-06   3.3998E-02
   2.9010E-03   1.1587E+02   3.4015E+02   4.2518E+04   1.3593E-06   3.3999E-02
   3.0010E-03   1.1587E+02   3.4015E+02   4.2518E+04   1.3593E-06   3.4000E-02
   3.1010E-03   1.1587E+02   3.4015E+02   4.2518E+04   1.3594E-06   3.4000E-02
   3.2010E-03   1.1587E+02   3.4015E+02   4.2518E+04   1.3594E-06   3.4001E-02
   3.3010E-03   1.1587E+02   3.4015E+02   4.2518E+04   1.3594E-06   3.4002E-02
   3.4010E-03   1.1587E+02   3.4015E+02   4.2518E+04   1.3595E-06   3.4002E-02
   3.5010E-03   1.1587E+02   3.4015E+02   4.2518E+04   1.3595E-06   3.4003E-02
   3.6010E-03   1.1587E+02   3.4015E+02   4.2518E+04   1.3595E-06   3.4003E-02
   3.7010E-03   1.1587E+02   3.4015E+02   4.2518E+04   1.3595E-06   3.4004E-02
   3.8010E-03   1.1587E+02   3.4015E+02   4.2518E+04   1.3595E-06   3.4005E-02
   3.9010E-03   1.1587E+02   3.4015E+02   4.2518E+04   1.3596E-06   3.4005E-02
   4.0010E-03   1.1587E+02   3.4015E+02   4.2518E+04   1.3596E-06   3.4006E-02
   4.1010E-03   1.1587E+02   3.4015E+02   4.2518E+04   1.3596E-06   3.4006E-02
   4.2010E-03   1.1587E+02   3.4015E+02   4.2518E+04   1.3596E-06   3.4007E-02
   4.3010E-03   1.1587E+02   3.4015E+02   4.2518E+04   1.3597E-06   3.4007E-02
   4.4010E-03   1.1587E+02   3.4015E+02   4.2518E+04   1.3597E-06   3.4008E-02
   4.5010E-03   1.1587E+02   3.4015E+02   4.2518E+04   1.3597E-06   3.4008E-02
   4.6010E-03   1.1587E+02   3.4015E+02   4.2518E+04   1.3597E-06   3.4009E-02
   4.7010E-03   1.1587E+02   3.4015E+02   4.2518E+04   1.3597E-06   3.4010E-02
   4.8010E-03   1.1587E+02   3.4015E+02   4.2518E+04   1.3598E-06   3.4010E-02
   4.9010E-03   1.1587E+02   3.4015E+02   4.2518E+04   1.3598E-06   3.4011E-02
   5.0010E-03   1.1587E+02   3.4015E+02   4.2518E+04   1.3598E-06   3.4011E-02
   5.1010E-03   1.1587E+02   3.4015E+02   4.2518E+04   1.3598E-06   3.4012E-02
   5.2010E-03   1.1587E+02   3.4015E+02   4.2518E+04   1.3598E-06   3.4012E-02
   5.3010E-03   1.1587E+02   3.4015E+02   4.2518E+04   1.3599E-06   3.4013E-02
   5.4010E-03   1.1587E+02   3.4015E+02   4.2518E+04   1.3599E-06   3.4013E-02
   5.5010E-03   1.1587E+02   3.4015E+02   4.2518E+04   1.3599E-06   3.4014E-02
   5.6010E-03   1.1587E+02   3.4015E+02   4.2518E+04   1.3599E-06   3.4014E-02
   5.7010E-03   1.1587E+02   3.4015E+02   4.2518E+04   1.3599E-06   3.4015E-02
   5.8010E-03   1.1587E+02   3.4015E+02   4.2518E+04   1.3600E-06   3.4015E-02
   5.9010E-03   1.1587E+02   3.4015E+02   4.2518E+04   1.3600E-06   3.4016E-02
   6.0010E-03   1.1587E+02   3.4015E+02   4.2518E+04   1.3600E-06   3.4016E-02
   6.1010E-03   1.1587E+02   3.4015E+02   4.2518E+04   1.3600E-06   3.4017E-02
   6.2010E-03   1.1587E+02   3.4015E+02   4.2518E+04   1.3600E-06   3.4017E-02
   6.3010E-03   1.1587E+02   3.4015E+02   4.2518E+04   1.3601E-06   3.4018E-02
   6.4010E-03   1.1587E+02   3.4015E+02   4.2518E+04   1.3601E-06   3.4018E-02
   6.5010E-03   1.1587E+02   3.4015E+02   4.2518E+04   1.3601E-06   3.4019E-02
   6.6010E-03   1.1587E+02   3.4015E+02   4.2518E+04   1.3601E-06   3.4019E-02
   6.7010E-03   1.1587E+02   3.4015E+02   4.2518E+04   1.3601E-06   3.4020E-02
   6.8010E-03   1.1587E+02   3.4015E+02   4.2518E+04   1.3602E-06   3.4020E-02
   6.9010E-03   1.1587E+02   3.4015E+02   4.2518E+04   1.3602E-06   3.4021E-02
   7.0010E-03   1.1587E+02   3.4015E+02   4.2518E+04   1.3602E-06   3.4021E-02
   7.1010E-03   1.1587E+02   3.4015E+02   4.2518E+04   1.3602E-06   3.4022E-02
   7.2010E-03   1.1587E+02   3.4015E+02   4.2518E+04   1.3602E-06   3.4022E-02
   7.3010E-03   1.1587E+02   3.4015E+02   4.2518E+04   1.3603E-06   3.4023E-02
   7.4010E-03   1.1587E+02   3.4015E+02   4.2518E+04   1.3603E-06   3.4023E-02
   7.5010E-03   1.1587E+02   3.4015E+02   4.2518E+04   1.3603E-06   3.4024E-02
   7.6010E-03   1.1587E+02   3.4015E+02   4.2518E+04   1.3603E-06   3.4024E-02
   7.7010E-03   1.1587E+02   3.4015E+02   4.2518E+04   1.3603E-06   3.4025E-02
   7.8010E-03   1.1587E+02   3.4015E+02   4.2518E+04   1.3604E-06   3.4025E-02
   7.9010E-03   1.1587E+02   3.4015E+02   4.2518E+04   1.3604E-06   3.4026E-02
   8.0010E-03   1.1587E+02   3.4015E+02   4.2518E+04   1.3604E-06   3.4026E-02
   8.1010E-03   1.1587E+02   3.4015E+02   4.2518E+04   1.3604E-06   3.4027E-02
   8.2010E-03   1.1587E+02   3.4015E+02   4.2518E+04   1.3604E-06   3.4027E-02
   8.3010E-03   1.1587E+02   3.4015E+02   4.2518E+04   1.3605E-06   3.4028E-02
   8.4010E-03   1.1587E+02   3.4015E+02   4.2518E+04   1.3605E-06   3.4028E-02
   8.5010E-03   1.1587E+02   3.4015E+02   4.2518E+04   1.3605E-06   3.4029E-02
   8.6010E-03   1.1587E+02   3.4015E+02   4.2518E+04   1.3605E-06   3.4029E-02
   8.7010E-03   1.1587E+02   3.4015E+02   4.2518E+04   1.3605E-06   3.4030E-02
   8.8010E-03   1.1587E+02   3.4015E+02   4.2518E+04   1.3606E-06   3.4030E-02
   8.9010E-03   1.1587E+02   3.4015E+02   4.2518E+04   1.3606E-06   3.4031E-02
   9.0010E-03   1.1587E+02   3.4015E+02   4.2518E+04   1.3606E-06   3.4031E-02
   9.1010E-03   1.1587E+02   3.4015E+02   4.2518E+04   1.3606E-06   3.4032E-02
   9.2010E-03   1.1587E+02   3.4015E+02   4.2518E+04   1.3606E-06   3.4032E-02
   9.3010E-03   1.1587E+02   3.4015E+02   4.2518E+04   1.3607E-06   3.4033E-02
   9.4010E-03   1.1587E+02   3.4015E+02   4.2518E+04   1.3607E-06   3.4033E-02
   9.5010E-03   1.1587E+02   3.4015E+02   4.2518E+04   1.3607E-06   3.4034E-02
   9.6010E-03   1.1587E+02   3.4015E+02   4.2518E+04   1.3607E-06   3.4034E-02
   9.7010E-03   1.1587E+02   3.4015E+02   4.2518E+04   1.3607E-06   3.4035E-02
   9.8010E-03   1.1587E+02   3.4015E+02   4.2518E+04   1.3608E-06   3.4035E-02
   9.9010E-03   1.1587E+02   3.4015E+02   4.2518E+04   1.3608E-06   3.4036E-02
   1.0001E-02   1.1587E+02   3.4015E+02   4.2518E+04   1.3608E-06   3.4036E-02
   1.1001E-02   1.1587E+02   3.4015E+02   4.2518E+04   1.3610E-06   3.4041E-02
   1.2001E-02   1.1587E+02   3.4015E+02   4.2518E+04   1.3612E-06   3.4046E-02
   1.3001E-02   1.1587E+02   3.4015E+02   4.2518E+04   1.3614E-06   3.4051E-02
   1.4001E-02   1.1587E+02   3.4015E+02   4.2518E+04   1.3616E-06   3.4056E-02
   1.5001E-02   1.1587E+02   3.4015E+02   4.2518E+04   1.3618E-06   3.4061E-02
   1.6001E-02   1.1587E+02   3.4015E+02   4.2518E+04   1.3620E-06   3.4066E-02
   1.7001E-02   1.1587E+02   3.4015E+02   4.2518E+04   1.3622E-06   3.4071E-02
   1.8001E-02   1.1587E+02   3.4015E+02   4.2518E+04   1.3624E-06   3.4076E-02
   1.9001E-02   1.1587E+02   3.4015E+02   4.2518E+04   1.3626E-06   3.4081E-02
   2.0001E-02   1.1587E+02   3.4015E+02   4.2518E+04   1.3628E-06   3.4087E-02
   2.1001E-02   1.1587E+02   3.4015E+02   4.2518E+04   1.3630E-06   3.4092E-02
   2.2001E-02   1.1587E+02   3.4015E+02   4.2518E+04   1.3632E-06   3.4097E-02
   2.3001E-02   1.1587E+02   3.4015E+02   4.2518E+04   1.3634E-06   3.4102E-02
   2.4001E-02   1.1587E+02   3.4015E+02   4.2518E+04   1.3636E-06   3.4107E-02
   2.5001E-02   1.1587E+02   3.4015E+02   4.2518E+04   1.3638E-06   3.4112E-02
   2.6001E-02   1.1587E+02   3.4015E+02   4.2518E+04   1.3640E-06   3.4117E-02
   2.7001E-02   1.1587E+02   3.4015E+02   4.2518E+04   1.3642E-06   3.4122E-02
   2.8001E-02   1.1587E+02   3.4015E+02   4.2518E+04   1.3644E-06   3.4127E-02
   2.9001E-02   1.1587E+02   3.4015E+02   4.2518E+04   1.3646E-06   3.4132E-02
   3.0001E-02   1.1587E+02   3.4015E+02   4.2518E+04   1.3648E-06   3.4137E-02
   3.1001E-02   1.1587E+02   3.4015E+02   4.2518E+04   1.3650E-06   3.4142E-02
   3.2001E-02   1.1587E+02   3.4015E+02   4.2518E+04   1.3652E-06   3.4147E-02
   3.3001E-02   1.1587E+02   3.4015E+02   4.2518E+04   1.3654E-06   3.4152E-02
   3.4001E-02   1.1587E+02   3.4015E+02   4.2518E+04   1.3656E-06   3.4157E-02
   3.5001E-02   1.1587E+02   3.4015E+02   4.2518E+04   1.3658E-06   3.4162E-02
   3.6001E-02   1.1587E+02   3.4015E+02   4.2518E+04   1.3660E-06   3.4167E-02
   3.7001E-02   1.1587E+02   3.4015E+02   4.2518E+04   1.3662E-06   3.4172E-02
   3.8001E-02   1.1587E+02   3.4015E+02   4.2518E+04   1.3664E-06   3.4177E-02
   3.9001E-02   1.1587E+02   3.4015E+02   4.2518E+04   1.3666E-06   3.4182E-02
   4.0001E-02   1.1587E+02   3.4015E+02   4.2518E+04   1.3668E-06   3.4187E-02
   4.1001E-02   1.1587E+02   3.4015E+02   4.2518E+04   1.3670E-06   3.4192E-02
   4.2001E-02   1.1587E+02   3.4015E+02   4.2518E+04   1.3672E-06   3.4197E-02
   4.3001E-02   1.1587E+02   3.4015E+02   4.2518E+04   1.3674E-06   3.4202E-02
   4.4001E-02   1.1587E+02   3.4015E+02   4.2518E+04   1.3676E-06   3.4207E-02
   4.5001E-02   1.1587E+02   3.4015E+02   4.2518E+04   1.3678E-06   3.4212E-02
   4.6001E-02   1.1587E+02   3.4015E+02   4.2518E+04   1.3680E-06   3.4217E-02
   4.7001E-02   1.1587E+02   3.4015E+02   4.2518E+04   1.3682E-06   3.4222E-02
   4.8001E-02   1.1587E+02   3.4015E+02   4.2518E+04   1.3684E-06   3.4227E-02
   4.9001E-02   1.1587E+02   3.4015E+02   4.2518E+04   1.3686E-06   3.4232E-02
   5.0001E-02   1.1587E+02   3.4015E+02   4.2518E+04   1.3688E-06   3.4237E-02
   5.1001E-02   1.1587E+02   3.4015E+02   4.2518E+04   1.3690E-06   3.4243E-02
   5.2001E-02   1.1587E+02   3.4015E+02   4.2518E+04   1.3692E-06   3.4248E-02
   5.3001E-02   1.1587E+02   3.4015E+02   4.2518E+04   1.3694E-06   3.4253E-02
   5.4001E-02   1.1587E+02   3.4015E+02   4.2518E+04   1.3696E-06   3.4258E-02
   5.5001E-02   1.1587E+02   3.4015E+02   4.2518E+04   1.3698E-06   3.4263E-02
   5.6001E-02   1.1587E+02   3.4015E+02   4.2518E+04   1.3700E-06   3.4268E-02
   5.7001E-02   1.1587E+02   3.4015E+02   4.2518E+04   1.3702E-06   3.4273E-02
   5.8001E-02   1.1587E+02   3.4015E+02   4.2518E+04   1.3704E-06   3.4278E-02
   5.9001E-02   1.1587E+02   3.4015E+02   4.2518E+04   1.3706E-06   3.4283E-02
   6.0001E-02   1.1587E+02   3.4015E+02   4.2518E+04   1.3709E-06   3.4288E-02
   6.1001E-02   1.1587E+02   3.4015E+02   4.2518E+04   1.3711E-06   3.4293E-02
   6.2001E-02   1.1587E+02   3.4015E+02   4.2518E+04   1.3713E-06   3.4298E-02
   6.3001E-02   1.1587E+02   3.4015E+02   4.2518E+04   1.3715E-06   3.4303E-02
   6.4001E-02   1.1587E+02   3.4015E+02   4.2518E+04   1.3717E-06   3.4308E-02
   6.5001E-02   1.1587E+02   3.4015E+02   4.2518E+04   1.3719E-06   3.4313E-02
   6.6001E-02   1.1587E+02   3.4015E+02   4.2518E+04   1.3721E-06   3.4318E-02
   6.7001E-02   1.1587E+02   3.4015E+02   4.2518E+04   1.3723E-06   3.4323E-02
   6.8001E-02   1.1587E+02   3.4015E+02   4.2518E+04   1.3725E-06   3.4328E-02
   6.9001E-02   1.1587E+02   3.4015E+02   4.2518E+04   1.3727E-06   3.4333E-02
   7.0001E-02   1.1587E+02   3.4015E+02   4.2518E+04   1.3729E-06   3.4338E-02
   7.1001E-02   1.1587E+02   3.4015E+02   4.2518E+04   1.3731E-06   3.4343E-02
   7.2001E-02   1.1587E+02   3.4015E+02   4.2518E+04   1.3733E-06   3.4348E-02
   7.3001E-02   1.1587E+02   3.4015E+02   4.2518E+04   1.3735E-06   3.4353E-02
   7.4001E-02   1.1587E+02   3.4015E+02   4.2518E+04   1.3737E-06   3.4358E-02
   7.5001E-02   1.1587E+02   3.4015E+02   4.2518E+04   1.3739E-06   3.4363E-02
   7.6001E-02   1.1587E+02   3.4015E+02   4.2518E+04   1.3741E-06   3.4368E-02
   7.7001E-02   1.1587E+02   3.4015E+02   4.2518E+04   1.3743E-06   3.4373E-02
   7.8001E-02   1.1587E+02   3.4015E+02   4.2518E+04   1.3745E-06   3.4379E-02
   7.9001E-02   1.1587E+02   3.4015E+02   4.2518E+04   1.3747E-06   3.4384E-02
   8.0001E-02   1.1587E+02   3.4015E+02   4.2518E+04   1.3749E-06   3.4389E-02
   8.1001E-02   1.1587E+02   3.4015E+02   4.2518E+04   1.3751E-06   3.4394E-02
   8.2001E-02   1.1587E+02   3.4015E+02   4.2518E+04   1.3753E-06   3.4399E-02
   8.3001E-02   1.1587E+02   3.4015E+02   4.2518E+04   1.3755E-06   3.4404E-02
   8.4001E-02   1.1587E+02   3.4015E+02   4.2518E+04   1.3757E-06   3.4409E-02
   8.5001E-02   1.1587E+02   3.4015E+02   4.2518E+04   1.3759E-06   3.4414E-02
   8.6001E-02   1.1587E+02   3.4015E+02   4.2518E+04   1.3761E-06   3.4419E-02
   8.7001E-02   1.1587E+02   3.4015E+02   4.2518E+04   1.3763E-06   3.4424E-02
   8.8001E-02   1.1587E+02   3.4015E+02   4.2518E+04   1.3765E-06   3.4429E-02
   8.9001E-02   1.1587E+02   3.4015E+02   4.2518E+04   1.3767E-06   3.4434E-02
   9.0001E-02   1.1587E+02   3.4015E+02   4.2518E+04   1.3769E-06   3.4439E-02
   9.1001E-02   1.1587E+02   3.4015E+02   4.2518E+04   1.3771E-06   3.4444E-02
   9.2001E-02   1.1587E+02   3.4015E+02   4.2518E+04   1.3773E-06   3.4449E-02
   9.3001E-02   1.1587E+02   3.4015E+02   4.2518E+04   1.3775E-06   3.4454E-02
   9.4001E-02   1.1587E+02   3.4015E+02   4.2518E+04   1.3777E-06   3.4459E-02
   9.5001E-02   1.1587E+02   3.4015E+02   4.2518E+04   1.3779E-06   3.4464E-02
   9.6001E-02   1.1587E+02   3.4015E+02   4.2518E+04   1.3781E-06   3.4469E-02
   9.7001E-02   1.1587E+02   3.4015E+02   4.2518E+04   1.3783E-06   3.4474E-02
   9.8001E-02   1.1587E+02   3.4015E+02   4.2518E+04   1.3785E-06   3.4479E-02
   9.9001E-02   1.1587E+02   3.4015E+02   4.2518E+04   1.3787E-06   3.4484E-02
   1.0000E-01   1.1587E+02   3.4015E+02   4.2518E+04   1.3789E-06   3.4489E-02
   1.1000E-01   1.1587E+02   3.4015E+02   4.2518E+04   1.3809E-06   3.4540E-02
   1.2000E-01   1.1587E+02   3.4015E+02   4.2518E+04   1.3829E-06   3.4590E-02
   1.3000E-01   1.1587E+02   3.4015E+02   4.2518E+04   1.3849E-06   3.4641E-02
   1.4000E-01   1.1587E+02   3.4015E+02   4.2518E+04   1.3870E-06   3.4691E-02
   1.5000E-01   1.1587E+02   3.4015E+02   4.2518E+04   1.3890E-06   3.4742E-02
   1.6000E-01   1.1587E+02   3.4015E+02   4.2518E+04   1.3910E-06   3.4793E-02
   1.7000E-01   1.1587E+02   3.4015E+02   4.2518E+04   1.3930E-06   3.4843E-02
   1.8000E-01   1.1587E+02   3.4015E+02   4.2518E+04   1.3950E-06   3.4894E-02
   1.9000E-01   1.1587E+02   3.4015E+02   4.2518E+04   1.3971E-06   3.4944E-02
   2.0000E-01   1.1587E+02   3.4015E+02   4.2518E+04   1.3991E-06   3.4995E-02
   2.1000E-01   1.1587E+02   3.4015E+02   4.2518E+04   1.4011E-06   3.5046E-02
   2.2000E-01   1.1587E+02   3.4015E+02   4.2518E+04   1.4031E-06   3.5097E-02
   2.3000E-01   1.1587E+02   3.4015E+02   4.2518E+04   1.4052E-06   3.5147E-02
   2.4000E-01   1.1587E+02   3.4015E+02   4.2518E+04   1.4072E-06   3.5198E-02
   2.5000E-01   1.1587E+02   3.4015E+02   4.2518E+04   1.4092E-06   3.5249E-02
   2.6000E-01   1.1587E+02   3.4015E+02   4.2518E+04   1.4112E-06   3.5300E-02
   2.7000E-01   1.1587E+02   3.4015E+02   4.2518E+04   1.4133E-06   3.5350E-02
   2.8000E-01   1.1587E+02   3.4015E+02   4.2518E+04   1.4153E-06   3.5401E-02
   2.9000E-01   1.1587E+02   3.4015E+02   4.2518E+04   1.4173E-06   3.5452E-02
   3.0000E-01   1.1587E+02   3.4015E+02   4.2518E+04   1.4194E-06   3.5503E-02
   3.1000E-01   1.1587E+02   3.4015E+02   4.2518E+04   1.4214E-06   3.5554E-02
   3.2000E-01   1.1587E+02   3.4015E+02   4.2518E+04   1.4234E-06   3.5605E-02
   3.3000E-01   1.1587E+02   3.4015E+02   4.2518E+04   1.4254E-06   3.5656E-02
   3.4000E-01   1.1587E+02   3.4015E+02   4.2518E+04   1.4275E-06   3.5706E-02
   3.5000E-01   1.1587E+02   3.4015E+02   4.2518E+04   1.4295E-06   3.5757E-02
   3.6000E-01   1.1587E+02   3.4015E+02   4.2518E+04   1.4315E-06   3.5808E-02
   3.7000E-01   1.1587E+02   3.4015E+02   4.2518E+04   1.4336E-06   3.5859E-02
   3.8000E-01   1.1587E+02   3.4015E+02   4.2518E+04   1.4356E-06   3.5910E-02
   3.9000E-01   1.1587E+02   3.4015E+02   4.2518E+04   1.4377E-06   3.5961E-02
   4.0000E-01   1.1587E+02   3.4015E+02   4.2518E+04   1.4397E-06   3.6013E-02
   4.1000E-01   1.1587E+02   3.4015E+02   4.2518E+04   1.4417E-06   3.6064E-02
   4.2000E-01   1.1587E+02   3.4015E+02   4.2518E+04   1.4438E-06   3.6115E-02
   4.3000E-01   1.1587E+02   3.4015E+02   4.2518E+04   1.4458E-06   3.6166E-02
   4.4000E-01   1.1587E+02   3.4015E+02   4.2518E+04   1.4478E-06   3.6217E-02
   4.5000E-01   1.1587E+02   3.4015E+02   4.2518E+04   1.4499E-06   3.6268E-02
   4.6000E-01   1.1587E+02   3.4015E+02   4.2518E+04   1.4519E-06   3.6319E-02
   4.7000E-01   1.1587E+02   3.4015E+02   4.2518E+04   1.4540E-06   3.6370E-02
   4.8000E-01   1.1587E+02   3.4015E+02   4.2518E+04   1.4560E-06   3.6422E-02
   4.9000E-01   1.1587E+02   3.4015E+02   4.2518E+04   1.4581E-06   3.6473E-02
   5.0000E-01   1.1587E+02   3.4015E+02   4.2518E+04   1.4601E-06   3.6524E-02
   5.1000E-01   1.1587E+02   3.4015E+02   4.2518E+04   1.4621E-06   3.6575E-02
   5.2000E-01   1.1587E+02   3.4015E+02   4.2518E+04   1.4642E-06   3.6626E-02
   5.3000E-01   1.1587E+02   3.4015E+02   4.2518E+04   1.4662E-06   3.6678E-02
   5.4000E-01   1.1587E+02   3.4015E+02   4.2518E+04   1.4683E-06   3.6729E-02
   5.5000E-01   1.1587E+02   3.4015E+02   4.2518E+04   1.4703E-06   3.6780E-02
   5.6000E-01   1.1587E+02   3.4015E+02   4.2518E+04   1.4724E-06   3.6832E-02
   5.7000E-01   1.1587E+02   3.4015E+02   4.2518E+04   1.4744E-06   3.6883E-02
   5.8000E-01   1.1587E+02   3.4015E+02   4.2518E+04   1.4765E-06   3.6934E-02
   5.9000E-01   1.1587E+02   3.4015E+02   4.2518E+04   1.4785E-06   3.6986E-02
   6.0000E-01   1.1587E+02   3.4015E+02   4.2518E+04   1.4806E-06   3.7037E-02
   6.1000E-01   1.1587E+02   3.4015E+02   4.2518E+04   1.4826E-06   3.7088E-02
   6.2000E-01   1.1587E+02   3.4015E+02   4.2518E+04   1.4847E-06   3.7140E-02
   6.3000E-01   1.1587E+02   3.4015E+02   4.2518E+04   1.4867E-06   3.7191E-02
   6.4000E-01   1.1587E+02   3.4015E+02   4.2518E+04   1.4888E-06   3.7243E-02
   6.5000E-01   1.1587E+02   3.4015E+02   4.2518E+04   1.4908E-06   3.7294E-02
   6.6000E-01   1.1587E+02   3.4015E+02   4.2518E+04   1.4929E-06   3.7345E-02
   6.7000E-01   1.1587E+02   3.4015E+02   4.2518E+04   1.4949E-06   3.7397E-02
   6.8000E-01   1.1587E+02   3.4015E+02   4.2518E+04   1.4970E-06   3.7448E-02
   6.9000E-01   1.1587E+02   3.4015E+02   4.2518E+04   1.4990E-06   3.7500E-02
   7.0000E-01   1.1587E+02   3.4015E+02   4.2518E+04   1.5011E-06   3.7551E-02
   7.1000E-01   1.1587E+02   3.4015E+02   4.2518E+04   1.5032E-06   3.7603E-02
   7.2000E-01   1.1587E+02   3.4015E+02   4.2518E+04   1.5052E-06   3.7654E-02
   7.3000E-01   1.1587E+02   3.4015E+02   4.2518E+04   1.5073E-06   3.7706E-02
   7.4000E-01   1.1587E+02   3.4015E+02   4.2518E+04   1.5093E-06   3.7758E-02
   7.5000E-01   1.1587E+02   3.4015E+02   4.2518E+04   1.5114E-06   3.7809E-02
   7.6000E-01   1.1587E+02   3.4015E+02   4.2518E+04   1.5134E-06   3.7861E-02
   7.7000E-01   1.1587E+02   3.4015E+02   4.2518E+04   1.5155E-06   3.7912E-02
   7.8000E-01   1.1587E+02   3.4015E+02   4.2518E+04   1.5176E-06   3.7964E-02
   7.9000E-01   1.1587E+02   3.4015E+02   4.2518E+04   1.5196E-06   3.8015E-02
   8.0000E-01   1.1587E+02   3.4015E+02   4.2518E+04   1.5217E-06   3.8067E-02
   8.1000E-01   1.1587E+02   3.4015E+02   4.2518E+04   1.5237E-06   3.8119E-02
   8.2000E-01   1.1587E+02   3.4015E+02   4.2518E+04   1.5258E-06   3.8170E-02
   8.3000E-01   1.1587E+02   3.4015E+02   4.2518E+04   1.5279E-06   3.8222E-02
   8.4000E-01   1.1587E+02   3.4015E+02   4.2518E+04   1.5299E-06   3.8274E-02
   8.5000E-01   1.1587E+02   3.4015E+02   4.2518E+04   1.5320E-06   3.8325E-02
   8.6000E-01   1.1587E+02   3.4015E+02   4.2518E+04   1.5340E-06   3.8377E-02
   8.7000E-01   1.1587E+02   3.4015E+02   4.2518E+04   1.5361E-06   3.8429E-02
   8.8000E-01   1.1587E+02   3.4015E+02   4.2518E+04   1.5382E-06   3.8480E-02
   8.9000E-01   1.1587E+02   3.4015E+02   4.2518E+04   1.5402E-06   3.8532E-02
   9.0000E-01   1.1587E+02   3.4015E+02   4.2518E+04   1.5423E-06   3.8584E-02
   9.1000E-01   1.1587E+02   3.4015E+02   4.2518E+04   1.5444E-06   3.8636E-02
   9.2000E-01   1.1587E+02   3.4015E+02   4.2518E+04   1.5464E-06   3.8687E-02
   9.3000E-01   1.1587E+02   3.4015E+02   4.2518E+04   1.5485E-06   3.8739E-02
   9.4000E-01   1.1587E+02   3.4015E+02   4.2518E+04   1.5505E-06   3.8791E-02
   9.5000E-01   1.1587E+02   3.4015E+02   4.2518E+04   1.5526E-06   3.8843E-02
   9.6000E-01   1.1587E+02   3.4015E+02   4.2518E+04   1.5547E-06   3.8894E-02
   9.7000E-01   1.1587E+02   3.4015E+02   4.2518E+04   1.5567E-06   3.8946E-02
   9.8000E-01   1.1587E+02   3.4015E+02   4.2518E+04   1.5588E-06   3.8998E-02
   9.9000E-01   1.1587E+02   3.4015E+02   4.2518E+04   1.5609E-06   3.9050E-02
   1.0000E+00   1.1587E+02   3.4015E+02   4.2518E+04   1.5629E-06   3.9102E-02
   1.1000E+00   1.1587E+02   3.4015E+02   4.2518E+04   1.5836E-06   3.9620E-02
   1.2000E+00   1.1587E+02   3.4015E+02   4.2518E+04   1.6043E-06   4.0140E-02
   1.3000E+00   1.1587E+02   3.4015E+02   4.2518E+04   1.6251E-06   4.0659E-02
   1.4000E+00   1.1587E+02   3.4015E+02   4.2496E+04   1.6454E-06   4.1170E-02
   1.5000E+00   1.1587E+02   3.4015E+02   4.2496E+04   1.6660E-06   4.1686E-02
   1.6000E+00   1.1587E+02   3.4015E+02   4.2496E+04   1.6866E-06   4.2201E-02
   1.7000E+00   1.1587E+02   3.4015E+02   4.2496E+04   1.7071E-06   4.2717E-02
   1.8000E+00   1.1587E+02   3.4015E+02   4.2496E+04   1.7276E-06   4.3232E-02
   1.9000E+00   1.1587E+02   3.4015E+02   4.2496E+04   1.7481E-06   4.3746E-02
   2.0000E+00   1.1587E+02   3.4015E+02   4.2496E+04   1.7686E-06   4.4260E-02
   2.1000E+00   1.1587E+02   3.4015E+02   4.2496E+04   1.7890E-06   4.4772E-02
   2.2000E+00   1.1587E+02   3.4015E+02   4.2496E+04   1.8094E-06   4.5284E-02
   2.3000E+00   1.1587E+02   3.4015E+02   4.2496E+04   1.8298E-06   4.5794E-02
   2.4000E+00   1.1587E+02   3.4015E+02   4.2496E+04   1.8501E-06   4.6303E-02
   2.5000E+00   1.1587E+02   3.4015E+02   4.2496E+04   1.8703E-06   4.6811E-02
   2.6000E+00   1.1587E+02   3.4015E+02   4.2496E+04   1.8904E-06   4.7317E-02
   2.7000E+00   1.1587E+02   3.4015E+02   4.2474E+04   1.9102E-06   4.7812E-02
   2.8000E+00   1.1587E+02   3.4015E+02   4.2474E+04   1.9300E-06   4.8309E-02
   2.9000E+00   1.1587E+02   3.4015E+02   4.2474E+04   1.9497E-06   4.8804E-02
   3.0000E+00   1.1587E+02   3.4015E+02   4.2474E+04   1.9693E-06   4.9297E-02
   3.1000E+00   1.1587E+02   3.4015E+02   4.2474E+04   1.9888E-06   4.9787E-02
   3.2000E+00   1.1587E+02   3.4015E+02   4.2474E+04   2.0082E-06   5.0274E-02
   3.3000E+00   1.1587E+02   3.4015E+02   4.2474E+04   2.0275E-06   5.0759E-02
   3.4000E+00   1.1587E+02   3.4015E+02   4.2474E+04   2.0467E-06   5.1241E-02
   3.5000E+00   1.1587E+02   3.4015E+02   4.2474E+04   2.0657E-06   5.1720E-02
   3.6000E+00   1.1587E+02   3.4015E+02   4.2474E+04   2.0847E-06   5.2196E-02
   3.7000E+00   1.1587E+02   3.4015E+02   4.2474E+04   2.1035E-06   5.2668E-02
   3.8000E+00   1.1587E+02   3.4015E+02   4.2474E+04   2.1221E-06   5.3137E-02
   3.9000E+00   1.1587E+02   3.4015E+02   4.2474E+04   2.1407E-06   5.3603E-02
   4.0000E+00   1.1587E+02   3.4015E+02   4.2474E+04   2.1590E-06   5.4065E-02
   4.1000E+00   1.1587E+02   3.4015E+02   4.2452E+04   2.1770E-06   5.4517E-02
   4.2000E+00   1.1587E+02   3.4015E+02   4.2452E+04   2.1949E-06   5.4966E-02
   4.3000E+00   1.1587E+02   3.4015E+02   4.2452E+04   2.2126E-06   5.5411E-02
   4.4000E+00   1.1587E+02   3.4015E+02   4.2452E+04   2.2301E-06   5.5853E-02
   4.5000E+00   1.1587E+02   3.4015E+02   4.2452E+04   2.2475E-06   5.6290E-02
   4.6000E+00   1.1587E+02   3.4015E+02   4.2452E+04   2.2647E-06   5.6723E-02
   4.7000E+00   1.1587E+02   3.4015E+02   4.2452E+04   2.2817E-06   5.7152E-02
   4.8000E+00   1.1587E+02   3.4015E+02   4.2452E+04   2.2986E-06   5.7576E-02
   4.9000E+00   1.1587E+02   3.4015E+02   4.2452E+04   2.3153E-06   5.7996E-02
   5.0000E+00   1.1587E+02   3.4015E+02   4.2452E+04   2.3318E-06   5.8412E-02
   5.1000E+00   1.1587E+02   3.4015E+02   4.2452E+04   2.3481E-06   5.8823E-02
   5.2000E+00   1.1587E+02   3.4015E+02   4.2452E+04   2.3643E-06   5.9230E-02
   5.3000E+00   1.1587E+02   3.4015E+02   4.2452E+04   2.3802E-06   5.9632E-02
   5.4000E+00   1.1587E+02   3.4015E+02   4.2452E+04   2.3960E-06   6.0029E-02
   5.5000E+00   1.1587E+02   3.4015E+02   4.2452E+04   2.4116E-06   6.0422E-02
   5.6000E+00   1.1587E+02   3.4015E+02   4.2452E+04   2.4269E-06   6.0810E-02
   5.7000E+00   1.1587E+02   3.4015E+02   4.2432E+04   2.4419E-06   6.1187E-02
   5.8000E+00   1.1587E+02   3.4015E+02   4.2432E+04   2.4567E-06   6.1560E-02
   5.9000E+00   1.1587E+02   3.4015E+02   4.2432E+04   2.4713E-06   6.1928E-02
   6.0000E+00   1.1587E+02   3.4015E+02   4.2432E+04   2.4857E-06   6.2292E-02
   6.1000E+00   1.1587E+02   3.4015E+02   4.2432E+04   2.4999E-06   6.2650E-02
   6.2000E+00   1.1587E+02   3.4015E+02   4.2432E+04   2.5139E-06   6.3004E-02
   6.3000E+00   1.1587E+02   3.4015E+02   4.2432E+04   2.5277E-06   6.3352E-02
   6.4000E+00   1.1587E+02   3.4015E+02   4.2432E+04   2.5413E-06   6.3696E-02
   6.5000E+00   1.1587E+02   3.4015E+02   4.2432E+04   2.5547E-06   6.4035E-02
   6.6000E+00   1.1587E+02   3.4015E+02   4.2432E+04   2.5679E-06   6.4368E-02
   6.7000E+00   1.1587E+02   3.4015E+02   4.2432E+04   2.5809E-06   6.4697E-02
   6.8000E+00   1.1587E+02   3.4015E+02   4.2432E+04   2.5937E-06   6.5021E-02
   6.9000E+00   1.1587E+02   3.4015E+02   4.2432E+04   2.6063E-06   6.5340E-02
   7.0000E+00   1.1587E+02   3.4015E+02   4.2432E+04   2.6187E-06   6.5654E-02
   7.1000E+00   1.1587E+02   3.4015E+02   4.2432E+04   2.6309E-06   6.5963E-02
   7.2000E+00   1.1587E+02   3.4015E+02   4.2432E+04   2.6429E-06   6.6267E-02
   7.3000E+00   1.1587E+02   3.4015E+02   4.2432E+04   2.6548E-06   6.6567E-02
   7.4000E+00   1.1587E+02   3.4015E+02   4.2416E+04   2.6663E-06   6.6859E-02
   7.5000E+00   1.1587E+02   3.4015E+02   4.2416E+04   2.6775E-06   6.7144E-02
   7.6000E+00   1.1587E+02   3.4015E+02   4.2416E+04   2.6886E-06   6.7424E-02
   7.7000E+00   1.1587E+02   3.4015E+02   4.2416E+04   2.6994E-06   6.7699E-02
   7.8000E+00   1.1587E+02   3.4015E+02   4.2416E+04   2.7101E-06   6.7970E-02
   7.9000E+00   1.1587E+02   3.4015E+02   4.2416E+04   2.7206E-06   6.8236E-02
   8.0000E+00   1.1587E+02   3.4015E+02   4.2416E+04   2.7309E-06   6.8497E-02
   8.1000E+00   1.1587E+02   3.4015E+02   4.2416E+04   2.7410E-06   6.8754E-02
   8.2000E+00   1.1587E+02   3.4015E+02   4.2416E+04   2.7509E-06   6.9006E-02
   8.3000E+00   1.1587E+02   3.4015E+02   4.2416E+04   2.7606E-06   6.9254E-02
   8.4000E+00   1.1587E+02   3.4015E+02   4.2416E+04   2.7702E-06   6.9497E-02
   8.5000E+00   1.1587E+02   3.4015E+02   4.2416E+04   2.7795E-06   6.9735E-02
   8.6000E+00   1.1587E+02   3.4015E+02   4.2416E+04   2.7887E-06   6.9969E-02
   8.7000E+00   1.1587E+02   3.4015E+02   4.2416E+04   2.7978E-06   7.0199E-02
   8.8000E+00   1.1587E+02   3.4015E+02   4.2416E+04   2.8066E-06   7.0424E-02
   8.9000E+00   1.1587E+02   3.4015E+02   4.2416E+04   2.8153E-06   7.0645E-02
   9.0000E+00   1.1587E+02   3.4015E+02   4.2416E+04   2.8238E-06   7.0862E-02
   9.1000E+00   1.1587E+02   3.4015E+02   4.2416E+04   2.8321E-06   7.1074E-02
   9.2000E+00   1.1587E+02   3.4015E+02   4.2416E+04   2.8402E-06   7.1282E-02
   9.3000E+00   1.1587E+02   3.4015E+02   4.2416E+04   2.8482E-06   7.1486E-02
   9.4000E+00   1.1587E+02   3.4015E+02   4.2416E+04   2.8561E-06   7.1687E-02
   9.5000E+00   1.1587E+02   3.4015E+02   4.2401E+04   2.8638E-06   7.1883E-02
   9.6000E+00   1.1587E+02   3.4015E+02   4.2401E+04   2.8711E-06   7.2072E-02
   9.7000E+00   1.1587E+02   3.4015E+02   4.2401E+04   2.8783E-06   7.2256E-02
   9.8000E+00   1.1587E+02   3.4015E+02   4.2401E+04   2.8853E-06   7.2436E-02
   9.9000E+00   1.1587E+02   3.4015E+02   4.2401E+04   2.8922E-06   7.2613E-02
   1.0000E+01   1.1587E+02   3.4015E+02   4.2401E+04   2.8990E-06   7.2786E-02
   1.0100E+01   1.1587E+02   3.4015E+02   4.2401E+04   2.9056E-06   7.2955E-02
   1.0200E+01   1.1587E+02   3.4015E+02   4.2401E+04   2.9120E-06   7.3121E-02
   1.0300E+01   1.1587E+02   3.4015E+02   4.2401E+04   2.9183E-06   7.3283E-02
   1.0400E+01   1.1587E+02   3.4015E+02   4.2401E+04   2.9245E-06   7.3442E-02
   1.0500E+01   1.1587E+02   3.4015E+02   4.2401E+04   2.9305E-06   7.3597E-02
   1.0600E+01   1.1587E+02   3.4015E+02   4.2401E+04   2.9364E-06   7.3749E-02
   1.0700E+01   1.1587E+02   3.4015E+02   4.2401E+04   2.9422E-06   7.3897E-02
   1.0800E+01   1.1587E+02   3.4015E+02   4.2401E+04   2.9478E-06   7.4042E-02
   1.0900E+01   1.1587E+02   3.4015E+02   4.2401E+04   2.9533E-06   7.4184E-02
   1.1000E+01   1.1587E+02   3.4015E+02   4.2401E+04   2.9587E-06   7.4323E-02
   1.1100E+01   1.1587E+02   3.4015E+02   4.2401E+04   2.9639E-06   7.4458E-02
   1.1200E+01   1.1587E+02   3.4015E+02   4.2401E+04   2.9690E-06   7.4590E-02
   1.1300E+01   1.1587E+02   3.4015E+02   4.2401E+04   2.9740E-06   7.4720E-02
   1.1400E+01   1.1587E+02   3.4015E+02   4.2401E+04   2.9789E-06   7.4846E-02
   1.1500E+01   1.1587E+02   3.4015E+02   4.2401E+04   2.9836E-06   7.4969E-02
   1.1600E+01   1.1587E+02   3.4015E+02   4.2401E+04   2.9882E-06   7.5090E-02
   1.1700E+01   1.1587E+02   3.4015E+02   4.2401E+04   2.9928E-06   7.5207E-02
   1.1800E+01   1.1587E+02   3.4015E+02   4.2401E+04   2.9972E-06   7.5322E-02
   1.1900E+01   1.1587E+02   3.4015E+02   4.2391E+04   3.0018E-06   7.5443E-02
   1.2000E+01   1.1587E+02   3.4015E+02   4.2391E+04   3.0059E-06   7.5550E-02
   1.2100E+01   1.1587E+02   3.4015E+02   4.2391E+04   3.0099E-06   7.5654E-02
   1.2200E+01   1.1587E+02   3.4015E+02   4.2391E+04   3.0138E-06   7.5756E-02
   1.2300E+01   1.1587E+02   3.4015E+02   4.2391E+04   3.0176E-06   7.5855E-02
   1.2400E+01   1.1587E+02   3.4015E+02   4.2391E+04   3.0213E-06   7.5952E-02
   1.2500E+01   1.1587E+02   3.4015E+02   4.2391E+04   3.0249E-06   7.6046E-02
   1.2600E+01   1.1587E+02   3.4015E+02   4.2391E+04   3.0283E-06   7.6138E-02
   1.2700E+01   1.1587E+02   3.4015E+02   4.2391E+04   3.0318E-06   7.6227E-02
   1.2800E+01   1.1587E+02   3.4015E+02   4.2391E+04   3.0351E-06   7.6315E-02
   1.2900E+01   1.1587E+02   3.4015E+02   4.2391E+04   3.0383E-06   7.6400E-02
   1.3000E+01   1.1587E+02   3.4015E+02   4.2391E+04   3.0414E-06   7.6482E-02
   1.3100E+01   1.1587E+02   3.4015E+02   4.2391E+04   3.0445E-06   7.6563E-02
   1.3200E+01   1.1587E+02   3.4015E+02   4.2391E+04   3.0474E-06   7.6641E-02
   1.3300E+01   1.1587E+02   3.4015E+02   4.2391E+04   3.0503E-06   7.6718E-02
   1.3400E+01   1.1587E+02   3.4015E+02   4.2391E+04   3.0531E-06   7.6792E-02
   1.3500E+01   1.1587E+02   3.4015E+02   4.2391E+04   3.0558E-06   7.6864E-02
   1.3600E+01   1.1587E+02   3.4015E+02   4.2391E+04   3.0584E-06   7.6935E-02
   1.3700E+01   1.1587E+02   3.4015E+02   4.2391E+04   3.0610E-06   7.7003E-02
   1.3800E+01   1.1587E+02   3.4015E+02   4.2391E+04   3.0635E-06   7.7069E-02
   1.3900E+01   1.1587E+02   3.4015E+02   4.2391E+04   3.0659E-06   7.7134E-02
   1.4000E+01   1.1587E+02   3.4015E+02   4.2391E+04   3.0682E-06   7.7197E-02
   1.4100E+01   1.1587E+02   3.4015E+02   4.2391E+04   3.0705E-06   7.7258E-02
   1.4200E+01   1.1587E+02   3.4015E+02   4.2391E+04   3.0727E-06   7.7317E-02
   1.4300E+01   1.1587E+02   3.4015E+02   4.2391E+04   3.0748E-06   7.7374E-02
   1.4400E+01   1.1587E+02   3.4015E+02   4.2391E+04   3.0768E-06   7.7430E-02
   1.4500E+01   1.1587E+02   3.4015E+02   4.2391E+04   3.0788E-06   7.7484E-02
   1.4600E+01   1.1587E+02   3.4015E+02   4.2391E+04   3.0808E-06   7.7537E-02
   1.4700E+01   1.1587E+02   3.4015E+02   4.2391E+04   3.0826E-06   7.7588E-02
   1.4800E+01   1.1587E+02   3.4015E+02   4.2391E+04   3.0844E-06   7.7637E-02
   1.4900E+01   1.1587E+02   3.4015E+02   4.2385E+04   3.0870E-06   7.7705E-02
   1.5000E+01   1.1587E+02   3.4015E+02   4.2385E+04   3.0886E-06   7.7751E-02
   1.5100E+01   1.1587E+02   3.4015E+02   4.2385E+04   3.0903E-06   7.7796E-02
   1.5200E+01   1.1587E+02   3.4015E+02   4.2385E+04   3.0918E-06   7.7839E-02
   1.5300E+01   1.1587E+02   3.4015E+02   4.2385E+04   3.0933E-06   7.7881E-02
   1.5400E+01   1.1587E+02   3.4015E+02   4.2385E+04   3.0948E-06   7.7922E-02
   1.5500E+01   1.1587E+02   3.4015E+02   4.2385E+04   3.0962E-06   7.7961E-02
   1.5600E+01   1.1587E+02   3.4015E+02   4.2385E+04   3.0975E-06   7.7999E-02
   1.5700E+01   1.1587E+02   3.4015E+02   4.2385E+04   3.0988E-06   7.8036E-02
   1.5800E+01   1.1587E+02   3.4015E+02   4.2385E+04   3.1001E-06   7.8071E-02
   1.5900E+01   1.1587E+02   3.4015E+02   4.2385E+04   3.1013E-06   7.8105E-02
   1.6000E+01   1.1587E+02   3.4015E+02   4.2385E+04   3.1025E-06   7.8139E-02
   1.6100E+01   1.1587E+02   3.4015E+02   4.2385E+04   3.1036E-06   7.8170E-02
   1.6200E+01   1.1587E+02   3.4015E+02   4.2385E+04   3.1046E-06   7.8201E-02
   1.6300E+01   1.1587E+02   3.4015E+02   4.2385E+04   3.1056E-06   7.8231E-02
   1.6400E+01   1.1587E+02   3.4015E+02   4.2385E+04   3.1066E-06   7.8259E-02
   1.6500E+01   1.1587E+02   3.4015E+02   4.2385E+04   3.1076E-06   7.8287E-02
   1.6600E+01   1.1587E+02   3.4015E+02   4.2385E+04   3.1084E-06   7.8313E-02
   1.6700E+01   1.1587E+02   3.4015E+02   4.2385E+04   3.1093E-06   7.8338E-02
   1.6800E+01   1.1587E+02   3.4015E+02   4.2385E+04   3.1101E-06   7.8363E-02
   1.6900E+01   1.1587E+02   3.4015E+02   4.2385E+04   3.1109E-06   7.8386E-02
   1.7000E+01   1.1587E+02   3.4015E+02   4.2385E+04   3.1116E-06   7.8408E-02
