       Time_s           01           02           03           04           05
   0.0000E+00   1.1587E+02   3.4015E+02   0.0000E+00   0.0000E+00   0.0000E+00
   1.0000E-06   1.1587E+02   3.4015E+02   4.2518E+04   1.3584E-06   3.3975E-02
   2.0000E-06   1.1587E+02   3.4015E+02   4.2518E+04   1.3584E-06   3.3975E-02
   3.0000E-06   1.1587E+02   3.4015E+02   4.2518E+04   1.3584E-06   3.3975E-02
   4.0000E-06   1.1587E+02   3.4015E+02   4.2518E+04   1.3584E-06   3.3975E-02
   5.0000E-06   1.1587E+02   3.4015E+02   4.2518E+04   1.3584E-06   3.3975E-02
   6.0000E-06   1.1587E+02   3.4015E+02   4.2518E+04   1.3584E-06   3.3975E-02
   7.0000E-06   1.1587E+02   3.4015E+02   4.2518E+04   1.3584E-06   3.3975E-02
   8.0000E-06   1.1587E+02   3.4015E+02   4.2518E+04   1.3584E-06   3.3975E-02
   9.0000E-06   1.1587E+02   3.4015E+02   4.2518E+04   1.3584E-06   3.3975E-02
   1.0000E-05   1.1587E+02   3.4015E+02   4.2518E+04   1.3584E-06   3.3975E-02
   1.1000E-05   1.1587E+02   3.4015E+02   4.2518E+04   1.3584E-06   3.3975E-02
   1.2000E-05   1.1587E+02   3.4015E+02   4.2518E+04   1.3584E-06   3.3975E-02
   1.3000E-05   1.1587E+02   3.4015E+02   4.2518E+04   1.3584E-06   3.3975E-02
   1.4000E-05   1.1587E+02   3.4015E+02   4.2518E+04   1.3584E-06   3.3975E-02
   1.5000E-05   1.1587E+02   3.4015E+02   4.2518E+04   1.3584E-06   3.3975E-02
   1.6000E-05   1.1587E+02   3.4015E+02   4.2518E+04   1.3584E-06   3.3975E-02
   1.7000E-05   1.1587E+02   3.4015E+02   4.2518E+04   1.3584E-06   3.3975E-02
   1.8000E-05   1.1587E+02   3.4015E+02   4.2518E+04   1.3584E-06   3.3975E-02
   1.9000E-05   1.1587E+02   3.4015E+02   4.2518E+04   1.3584E-06   3.3975E-02
   2.0000E-05   1.1587E+02   3.4015E+02   4.2518E+04   1.3584E-06   3.3975E-02
   2.1000E-05   1.1587E+02   3.4015E+02   4.2518E+04   1.3584E-06   3.3975E-02
   2.2000E-05   1.1587E+02   3.4015E+02   4.2518E+04   1.3584E-06   3.3975E-02
   2.3000E-05   1.1587E+02   3.4015E+02   4.2518E+04   1.3584E-06   3.3975E-02
   2.4000E-05   1.1587E+02   3.4015E+02   4.2518E+04   1.3584E-06   3.3975E-02
   2.5000E-05   1.1587E+02   3.4015E+02   4.2518E+04   1.3584E-06   3.3975E-02
   2.6000E-05   1.1587E+02   3.4015E+02   4.2518E+04   1.3584E-06   3.3975E-02
   2.7000E-05   1.1587E+02   3.4015E+02   4.2518E+04   1.3584E-06   3.3975E-02
   2.8000E-05   1.1587E+02   3.4015E+02   4.2518E+04   1.3584E-06   3.3975E-02
   2.9000E-05   1.1587E+02   3.4015E+02   4.2518E+04   1.3584E-06   3.3975E-02
   3.0000E-05   1.1587E+02   3.4015E+02   4.2518E+04   1.3584E-06   3.3975E-02
   3.1000E-05   1.1587E+02   3.4015E+02   4.2518E+04   1.3584E-06   3.3975E-02
   3.2000E-05   1.1587E+02   3.4015E+02   4.2518E+04   1.3584E-06   3.3975E-02
   3.3000E-05   1.1587E+02   3.4015E+02   4.2518E+04   1.3584E-06   3.3975E-02
   3.4000E-05   1.1587E+02   3.4015E+02   4.2518E+04   1.3584E-06   3.3975E-02
   3.5000E-05   1.1587E+02   3.4015E+02   4.2518E+04   1.3584E-06   3.3975E-02
   3.6000E-05   1.1587E+02   3.4015E+02   4.2518E+04   1.3584E-06   3.3975E-02
   3.7000E-05   1.1587E+02   3.4015E+02   4.2518E+04   1.3584E-06   3.3975E-02
   3.8000E-05   1.1587E+02   3.4015E+02   4.2518E+04   1.3584E-06   3.3975E-02
   3.9000E-05   1.1587E+02   3.4015E+02   4.2518E+04   1.3584E-06   3.3975E-02
   4.0000E-05   1.1587E+02   3.4015E+02   4.2518E+04   1.3584E-06   3.3975E-02
   4.1000E-05   1.1587E+02   3.4015E+02   4.2518E+04   1.3584E-06   3.3975E-02
   4.2000E-05   1.1587E+02   3.4015E+02   4.2518E+04   1.3584E-06   3.3975E-02
   4.3000E-05   1.1587E+02   3.4015E+02   4.2518E+04   1.3584E-06   3.3975E-02
   4.4000E-05   1.1587E+02   3.4015E+02   4.2518E+04   1.3584E-06   3.3975E-02
   4.5000E-05   1.1587E+02   3.4015E+02   4.2518E+04   1.3584E-06   3.3975E-02
   4.6000E-05   1.1587E+02   3.4015E+02   4.2518E+04   1.3584E-06   3.3975E-02
   4.7000E-05   1.1587E+02   3.4015E+02   4.2518E+04   1.3584E-06   3.3975E-02
   4.8000E-05   1.1587E+02   3.4015E+02   4.2518E+04   1.3584E-06   3.3975E-02
   4.9000E-05   1.1587E+02   3.4015E+02   4.2518E+04   1.3584E-06   3.3975E-02
   5.0000E-05   1.1587E+02   3.4015E+02   4.2518E+04   1.3584E-06   3.3975E-02
   5.1000E-05   1.1587E+02   3.4015E+02   4.2518E+04   1.3584E-06   3.3975E-02
   5.2000E-05   1.1587E+02   3.4015E+02   4.2518E+04   1.3584E-06   3.3975E-02
   5.3000E-05   1.1587E+02   3.4015E+02   4.2518E+04   1.3584E-06   3.3975E-02
   5.4000E-05   1.1587E+02   3.4015E+02   4.2518E+04   1.3584E-06   3.3975E-02
   5.5000E-05   1.1587E+02   3.4015E+02   4.2518E+04   1.3584E-06   3.3975E-02
   5.6000E-05   1.1587E+02   3.4015E+02   4.2518E+04   1.3584E-06   3.3975E-02
   5.7000E-05   1.1587E+02   3.4015E+02   4.2518E+04   1.3584E-06   3.3975E-02
   5.8000E-05   1.1587E+02   3.4015E+02   4.2518E+04   1.3584E-06   3.3975E-02
   5.9000E-05   1.1587E+02   3.4015E+02   4.2518E+04   1.3584E-06   3.3975E-02
   6.0000E-05   1.1587E+02   3.4015E+02   4.2518E+04   1.3584E-06   3.3975E-02
   6.1000E-05   1.1587E+02   3.4015E+02   4.2518E+04   1.3584E-06   3.3975E-02
   6.2000E-05   1.1587E+02   3.4015E+02   4.2518E+04   1.3584E-06   3.3975E-02
   6.3000E-05   1.1587E+02   3.4015E+02   4.2518E+04   1.3584E-06   3.3975E-02
   6.4000E-05   1.1587E+02   3.4015E+02   4.2518E+04   1.3584E-06   3.3975E-02
   6.5000E-05   1.1587E+02   3.4015E+02   4.2518E+04   1.3584E-06   3.3975E-02
   6.6000E-05   1.1587E+02   3.4015E+02   4.2518E+04   1.3584E-06   3.3975E-02
   6.7000E-05   1.1587E+02   3.4015E+02   4.2518E+04   1.3584E-06   3.3976E-02
   6.8000E-05   1.1587E+02   3.4015E+02   4.2518E+04   1.3584E-06   3.3976E-02
   6.9000E-05   1.1587E+02   3.4015E+02   4.2518E+04   1.3584E-06   3.3976E-02
   7.0000E-05   1.1587E+02   3.4015E+02   4.2518E+04   1.3584E-06   3.3976E-02
   7.1000E-05   1.1587E+02   3.4015E+02   4.2518E+04   1.3584E-06   3.3976E-02
   7.2000E-05   1.1587E+02   3.4015E+02   4.2518E+04   1.3584E-06   3.3976E-02
   7.3000E-05   1.1587E+02   3.4015E+02   4.2518E+04   1.3584E-06   3.3976E-02
   7.4000E-05   1.1587E+02   3.4015E+02   4.2518E+04   1.3584E-06   3.3976E-02
   7.5000E-05   1.1587E+02   3.4015E+02   4.2518E+04   1.3584E-06   3.3976E-02
   7.6000E-05   1.1587E+02   3.4015E+02   4.2518E+04   1.3584E-06   3.3976E-02
   7.7000E-05   1.1587E+02   3.4015E+02   4.2518E+04   1.3584E-06   3.3976E-02
   7.8000E-05   1.1587E+02   3.4015E+02   4.2518E+04   1.3584E-06   3.3976E-02
   7.9000E-05   1.1587E+02   3.4015E+02   4.2518E+04   1.3584E-06   3.3976E-02
   8.0000E-05   1.1587E+02   3.4015E+02   4.2518E+04   1.3584E-06   3.3976E-02
   8.1000E-05   1.1587E+02   3.4015E+02   4.2518E+04   1.3584E-06   3.3976E-02
   8.2000E-05   1.1587E+02   3.4015E+02   4.2518E+04   1.3584E-06   3.3976E-02
   8.3000E-05   1.1587E+02   3.4015E+02   4.2518E+04   1.3584E-06   3.3976E-02
   8.4000E-05   1.1587E+02   3.4015E+02   4.2518E+04   1.3584E-06   3.3976E-02
   8.5000E-05   1.1587E+02   3.4015E+02   4.2518E+04   1.3584E-06   3.3976E-02
   8.6000E-05   1.1587E+02   3.4015E+02   4.2518E+04   1.3584E-06   3.3976E-02
   8.7000E-05   1.1587E+02   3.4015E+02   4.2518E+04   1.3584E-06   3.3976E-02
   8.8000E-05   1.1587E+02   3.4015E+02   4.2518E+04   1.3584E-06   3.3976E-02
   8.9000E-05   1.1587E+02   3.4015E+02   4.2518E+04   1.3584E-06   3.3976E-02
   9.0000E-05   1.1587E+02   3.4015E+02   4.2518E+04   1.3584E-06   3.3976E-02
   9.1000E-05   1.1587E+02   3.4015E+02   4.2518E+04   1.3584E-06   3.3976E-02
   9.2000E-05   1.1587E+02   3.4015E+02   4.2518E+04   1.3584E-06   3.3976E-02
   9.3000E-05   1.1587E+02   3.4015E+02   4.2518E+04   1.3584E-06   3.3976E-02
   9.4000E-05   1.1587E+02   3.4015E+02   4.2518E+04   1.3584E-06   3.3976E-02
   9.5000E-05   1.1587E+02   3.4015E+02   4.2518E+04   1.3584E-06   3.3976E-02
   9.6000E-05   1.1587E+02   3.4015E+02   4.2518E+04   1.3584E-06   3.3976E-02
   9.7000E-05   1.1587E+02   3.4015E+02   4.2518E+04   1.3584E-06   3.3976E-02
   9.8000E-05   1.1587E+02   3.4015E+02   4.2518E+04   1.3584E-06   3.3976E-02
   9.9000E-05   1.1587E+02   3.4015E+02   4.2518E+04   1.3584E-06   3.3976E-02
   1.0000E-04   1.1587E+02   3.4015E+02   4.2518E+04   1.3584E-06   3.3976E-02
   1.0100E-04   1.1587E+02   3.4015E+02   4.2518E+04   1.3584E-06   3.3976E-02
   1.1100E-04   1.1587E+02   3.4015E+02   4.2518E+04   1.3584E-06   3.3976E-02
   1.2100E-04   1.1587E+02   3.4015E+02   4.2518E+04   1.3584E-06   3.3976E-02
   1.3100E-04   1.1587E+02   3.4015E+02   4.2518E+04   1.3584E-06   3.3976E-02
   1.4100E-04   1.1587E+02   3.4015E+02   4.2518E+04   1.3584E-06   3.3976E-02
   1.5100E-04   1.1587E+02   3.4015E+02   4.2518E+04   1.3584E-06   3.3976E-02
   1.6100E-04   1.1587E+02   3.4015E+02   4.2518E+04   1.3584E-06   3.3976E-02
   1.7100E-04   1.1587E+02   3.4015E+02   4.2518E+04   1.3584E-06   3.3976E-02
   1.8100E-04   1.1587E+02   3.4015E+02   4.2518E+04   1.3584E-06   3.3976E-02
   1.9100E-04   1.1587E+02   3.4015E+02   4.2518E+04   1.3584E-06   3.3976E-02
   2.0100E-04   1.1587E+02   3.4015E+02   4.2518E+04   1.3584E-06   3.3977E-02
   2.1100E-04   1.1587E+02   3.4015E+02   4.2518E+04   1.3584E-06   3.3977E-02
   2.2100E-04   1.1587E+02   3.4015E+02   4.2518E+04   1.3584E-06   3.3977E-02
   2.3100E-04   1.1587E+02   3.4015E+02   4.2518E+04   1.3584E-06   3.3977E-02
   2.4100E-04   1.1587E+02   3.4015E+02   4.2518E+04   1.3584E-06   3.3977E-02
   2.5100E-04   1.1587E+02   3.4015E+02   4.2518E+04   1.3584E-06   3.3977E-02
   2.6100E-04   1.1587E+02   3.4015E+02   4.2518E+04   1.3585E-06   3.3977E-02
   2.7100E-04   1.1587E+02   3.4015E+02   4.2518E+04   1.3585E-06   3.3977E-02
   2.8100E-04   1.1587E+02   3.4015E+02   4.2518E+04   1.3585E-06   3.3977E-02
   2.9100E-04   1.1587E+02   3.4015E+02   4.2518E+04   1.3585E-06   3.3977E-02
   3.0100E-04   1.1587E+02   3.4015E+02   4.2518E+04   1.3585E-06   3.3977E-02
   3.1100E-04   1.1587E+02   3.4015E+02   4.2518E+04   1.3585E-06   3.3977E-02
   3.2100E-04   1.1587E+02   3.4015E+02   4.2518E+04   1.3585E-06   3.3978E-02
   3.3100E-04   1.1587E+02   3.4015E+02   4.2518E+04   1.3585E-06   3.3978E-02
   3.4100E-04   1.1587E+02   3.4015E+02   4.2518E+04   1.3585E-06   3.3978E-02
   3.5100E-04   1.1587E+02   3.4015E+02   4.2518E+04   1.3585E-06   3.3978E-02
   3.6100E-04   1.1587E+02   3.4015E+02   4.2518E+04   1.3585E-06   3.3978E-02
   3.7100E-04   1.1587E+02   3.4015E+02   4.2518E+04   1.3585E-06   3.3978E-02
   3.8100E-04   1.1587E+02   3.4015E+02   4.2518E+04   1.3585E-06   3.3978E-02
   3.9100E-04   1.1587E+02   3.4015E+02   4.2518E+04   1.3585E-06   3.3978E-02
   4.0100E-04   1.1587E+02   3.4015E+02   4.2518E+04   1.3585E-06   3.3978E-02
   4.1100E-04   1.1587E+02   3.4015E+02   4.2518E+04   1.3585E-06   3.3978E-02
   4.2100E-04   1.1587E+02   3.4015E+02   4.2518E+04   1.3585E-06   3.3978E-02
   4.3100E-04   1.1587E+02   3.4015E+02   4.2518E+04   1.3585E-06   3.3978E-02
   4.4100E-04   1.1587E+02   3.4015E+02   4.2518E+04   1.3585E-06   3.3978E-02
   4.5100E-04   1.1587E+02   3.4015E+02   4.2518E+04   1.3585E-06   3.3979E-02
   4.6100E-04   1.1587E+02   3.4015E+02   4.2518E+04   1.3585E-06   3.3979E-02
   4.7100E-04   1.1587E+02   3.4015E+02   4.2518E+04   1.3585E-06   3.3979E-02
   4.8100E-04   1.1587E+02   3.4015E+02   4.2518E+04   1.3585E-06   3.3979E-02
   4.9100E-04   1.1587E+02   3.4015E+02   4.2518E+04   1.3585E-06   3.3979E-02
   5.0100E-04   1.1587E+02   3.4015E+02   4.2518E+04   1.3585E-06   3.3979E-02
   5.1100E-04   1.1587E+02   3.4015E+02   4.2518E+04   1.3585E-06   3.3979E-02
   5.2100E-04   1.1587E+02   3.4015E+02   4.2518E+04   1.3585E-06   3.3979E-02
   5.3100E-04   1.1587E+02   3.4015E+02   4.2518E+04   1.3585E-06   3.3979E-02
   5.4100E-04   1.1587E+02   3.4015E+02   4.2518E+04   1.3585E-06   3.3979E-02
   5.5100E-04   1.1587E+02   3.4015E+02   4.2518E+04   1.3585E-06   3.3979E-02
   5.6100E-04   1.1587E+02   3.4015E+02   4.2518E+04   1.3585E-06   3.3979E-02
   5.7100E-04   1.1587E+02   3.4015E+02   4.2518E+04   1.3585E-06   3.3980E-02
   5.8100E-04   1.1587E+02   3.4015E+02   4.2518E+04   1.3586E-06   3.3980E-02
   5.9100E-04   1.1587E+02   3.4015E+02   4.2518E+04   1.3586E-06   3.3980E-02
   6.0100E-04   1.1587E+02   3.4015E+02   4.2518E+04   1.3586E-06   3.3980E-02
   6.1100E-04   1.1587E+02   3.4015E+02   4.2518E+04   1.3586E-06   3.3980E-02
   6.2100E-04   1.1587E+02   3.4015E+02   4.2518E+04   1.3586E-06   3.3980E-02
   6.3100E-04   1.1587E+02   3.4015E+02   4.2518E+04   1.3586E-06   3.3980E-02
   6.4100E-04   1.1587E+02   3.4015E+02   4.2518E+04   1.3586E-06   3.3980E-02
   6.5100E-04   1.1587E+02   3.4015E+02   4.2518E+04   1.3586E-06   3.3980E-02
   6.6100E-04   1.1587E+02   3.4015E+02   4.2518E+04   1.3586E-06   3.3980E-02
   6.7100E-04   1.1587E+02   3.4015E+02   4.2518E+04   1.3586E-06   3.3980E-02
   6.8100E-04   1.1587E+02   3.4015E+02   4.2518E+04   1.3586E-06   3.3980E-02
   6.9100E-04   1.1587E+02   3.4015E+02   4.2518E+04   1.3586E-06   3.3980E-02
   7.0100E-04   1.1587E+02   3.4015E+02   4.2518E+04   1.3586E-06   3.3981E-02
   7.1100E-04   1.1587E+02   3.4015E+02   4.2518E+04   1.3586E-06   3.3981E-02
   7.2100E-04   1.1587E+02   3.4015E+02   4.2518E+04   1.3586E-06   3.3981E-02
   7.3100E-04   1.1587E+02   3.4015E+02   4.2518E+04   1.3586E-06   3.3981E-02
   7.4100E-04   1.1587E+02   3.4015E+02   4.2518E+04   1.3586E-06   3.3981E-02
   7.5100E-04   1.1587E+02   3.4015E+02   4.2518E+04   1.3586E-06   3.3981E-02
   7.6100E-04   1.1587E+02   3.4015E+02   4.2518E+04   1.3586E-06   3.3981E-02
   7.7100E-04   1.1587E+02   3.4015E+02   4.2518E+04   1.3586E-06   3.3981E-02
   7.8100E-04   1.1587E+02   3.4015E+02   4.2518E+04   1.3586E-06   3.3981E-02
   7.9100E-04   1.1587E+02   3.4015E+02   4.2518E+04   1.3586E-06   3.3981E-02
   8.0100E-04   1.1587E+02   3.4015E+02   4.2518E+04   1.3586E-06   3.3981E-02
   8.1100E-04   1.1587E+02   3.4015E+02   4.2518E+04   1.3586E-06   3.3981E-02
   8.2100E-04   1.1587E+02   3.4015E+02   4.2518E+04   1.3586E-06   3.3982E-02
   8.3100E-04   1.1587E+02   3.4015E+02   4.2518E+04   1.3586E-06   3.3982E-02
   8.4100E-04   1.1587E+02   3.4015E+02   4.2518E+04   1.3586E-06   3.3982E-02
   8.5100E-04   1.1587E+02   3.4015E+02   4.2518E+04   1.3586E-06   3.3982E-02
   8.6100E-04   1.1587E+02   3.4015E+02   4.2518E+04   1.3586E-06   3.3982E-02
   8.7100E-04   1.1587E+02   3.4015E+02   4.2518E+04   1.3586E-06   3.3982E-02
   8.8100E-04   1.1587E+02   3.4015E+02   4.2518E+04   1.3586E-06   3.3982E-02
   8.9100E-04   1.1587E+02   3.4015E+02   4.2518E+04   1.3587E-06   3.3982E-02
   9.0100E-04   1.1587E+02   3.4015E+02   4.2518E+04   1.3587E-06   3.3982E-02
   9.1100E-04   1.1587E+02   3.4015E+02   4.2518E+04   1.3587E-06   3.3982E-02
   9.2100E-04   1.1587E+02   3.4015E+02   4.2518E+04   1.3587E-06   3.3982E-02
   9.3100E-04   1.1587E+02   3.4015E+02   4.2518E+04   1.3587E-06   3.3982E-02
   9.4100E-04   1.1587E+02   3.4015E+02   4.2518E+04   1.3587E-06   3.3982E-02
   9.5100E-04   1.1587E+02   3.4015E+02   4.2518E+04   1.3587E-06   3.3983E-02
   9.6100E-04   1.1587E+02   3.4015E+02   4.2518E+04   1.3587E-06   3.3983E-02
   9.7100E-04   1.1587E+02   3.4015E+02   4.2518E+04   1.3587E-06   3.3983E-02
   9.8100E-04   1.1587E+02   3.4015E+02   4.2518E+04   1.3587E-06   3.3983E-02
   9.9100E-04   1.1587E+02   3.4015E+02   4.2518E+04   1.3587E-06   3.3983E-02
   1.0010E-03   1.1587E+02   3.4015E+02   4.2518E+04   1.3587E-06   3.3983E-02
   1.1010E-03   1.1587E+02   3.4015E+02   4.2518E+04   1.3587E-06   3.3984E-02
   1.2010E-03   1.1587E+02   3.4015E+02   4.2518E+04   1.3588E-06   3.3985E-02
   1.3010E-03   1.1587E+02   3.4015E+02   4.2518E+04   1.3588E-06   3.3985E-02
   1.4010E-03   1.1587E+02   3.4015E+02   4.2518E+04   1.3588E-06   3.3986E-02
   1.5010E-03   1.1587E+02   3.4015E+02   4.2518E+04   1.3588E-06   3.3987E-02
   1.6010E-03   1.1587E+02   3.4015E+02   4.2518E+04   1.3589E-06   3.3988E-02
   1.7010E-03   1.1587E+02   3.4015E+02   4.2518E+04   1.3589E-06   3.3989E-02
   1.8010E-03   1.1587E+02   3.4015E+02   4.2518E+04   1.3589E-06   3.3989E-02
   1.9010E-03   1.1587E+02   3.4015E+02   4.2518E+04   1.3590E-06   3.3990E-02
   2.0010E-03   1.1587E+02   3.4015E+02   4.2518E+04   1.3590E-06   3.3991E-02
   2.1010E-03   1.1587E+02   3.4015E+02   4.2518E+04   1.3590E-06   3.3992E-02
   2.2010E-03   1.1587E+02   3.4015E+02   4.2518E+04   1.3591E-06   3.3993E-02
   2.3010E-03   1.1587E+02   3.4015E+02   4.2518E+04   1.3591E-06   3.3993E-02
   2.4010E-03   1.1587E+02   3.4015E+02   4.2518E+04   1.3591E-06   3.3994E-02
   2.5010E-03   1.1587E+02   3.4015E+02   4.2518E+04   1.3592E-06   3.3995E-02
   2.6010E-03   1.1587E+02   3.4015E+02   4.2518E+04   1.3592E-06   3.3996E-02
   2.7010E-03   1.1587E+02   3.4015E+02   4.2518E+04   1.3592E-06   3.3997E-02
   2.8010E-03   1.1587E+02   3.4015E+02   4.2518E+04   1.3593E-06   3.3997E-02
   2.9010E-03   1.1587E+02   3.4015E+02   4.2518E+04   1.3593E-06   3.3998E-02
   3.0010E-03   1.1587E+02   3.4015E+02   4.2518E+04   1.3593E-06   3.3999E-02
   3.1010E-03   1.1587E+02   3.4015E+02   4.2518E+04   1.3594E-06   3.4000E-02
   3.2010E-03   1.1587E+02   3.4015E+02   4.2518E+04   1.3594E-06   3.4001E-02
   3.3010E-03   1.1587E+02   3.4015E+02   4.2518E+04   1.3594E-06   3.4001E-02
   3.4010E-03   1.1587E+02   3.4015E+02   4.2518E+04   1.3595E-06   3.4002E-02
   3.5010E-03   1.1587E+02   3.4015E+02   4.2518E+04   1.3595E-06   3.4003E-02
   3.6010E-03   1.1587E+02   3.4015E+02   4.2518E+04   1.3595E-06   3.4004E-02
   3.7010E-03   1.1587E+02   3.4015E+02   4.2518E+04   1.3595E-06   3.4005E-02
   3.8010E-03   1.1587E+02   3.4015E+02   4.2518E+04   1.3596E-06   3.4005E-02
   3.9010E-03   1.1587E+02   3.4015E+02   4.2518E+04   1.3596E-06   3.4006E-02
   4.0010E-03   1.1587E+02   3.4015E+02   4.2518E+04   1.3596E-06   3.4007E-02
   4.1010E-03   1.1587E+02   3.4015E+02   4.2518E+04   1.3597E-06   3.4008E-02
   4.2010E-03   1.1587E+02   3.4015E+02   4.2518E+04   1.3597E-06   3.4008E-02
   4.3010E-03   1.1587E+02   3.4015E+02   4.2518E+04   1.3597E-06   3.4009E-02
   4.4010E-03   1.1587E+02   3.4015E+02   4.2518E+04   1.3598E-06   3.4010E-02
   4.5010E-03   1.1587E+02   3.4015E+02   4.2518E+04   1.3598E-06   3.4011E-02
   4.6010E-03   1.1587E+02   3.4015E+02   4.2518E+04   1.3598E-06   3.4012E-02
   4.7010E-03   1.1587E+02   3.4015E+02   4.2518E+04   1.3599E-06   3.4012E-02
   4.8010E-03   1.1587E+02   3.4015E+02   4.2518E+04   1.3599E-06   3.4013E-02
   4.9010E-03   1.1587E+02   3.4015E+02   4.2518E+04   1.3599E-06   3.4014E-02
   5.0010E-03   1.1587E+02   3.4015E+02   4.2518E+04   1.3600E-06   3.4015E-02
   5.1010E-03   1.1587E+02   3.4015E+02   4.2518E+04   1.3600E-06   3.4016E-02
   5.2010E-03   1.1587E+02   3.4015E+02   4.2518E+04   1.3600E-06   3.4016E-02
   5.3010E-03   1.1587E+02   3.4015E+02   4.2518E+04   1.3600E-06   3.4017E-02
   5.4010E-03   1.1587E+02   3.4015E+02   4.2518E+04   1.3601E-06   3.4018E-02
   5.5010E-03   1.1587E+02   3.4015E+02   4.2518E+04   1.3601E-06   3.4019E-02
   5.6010E-03   1.1587E+02   3.4015E+02   4.2518E+04   1.3601E-06   3.4019E-02
   5.7010E-03   1.1587E+02   3.4015E+02   4.2518E+04   1.3602E-06   3.4020E-02
   5.8010E-03   1.1587E+02   3.4015E+02   4.2518E+04   1.3602E-06   3.4021E-02
   5.9010E-03   1.1587E+02   3.4015E+02   4.2518E+04   1.3602E-06   3.4022E-02
   6.0010E-03   1.1587E+02   3.4015E+02   4.2518E+04   1.3603E-06   3.4023E-02
   6.1010E-03   1.1587E+02   3.4015E+02   4.2518E+04   1.3603E-06   3.4023E-02
   6.2010E-03   1.1587E+02   3.4015E+02   4.2518E+04   1.3603E-06   3.4024E-02
   6.3010E-03   1.1587E+02   3.4015E+02   4.2518E+04   1.3604E-06   3.4025E-02
   6.4010E-03   1.1587E+02   3.4015E+02   4.2518E+04   1.3604E-06   3.4026E-02
   6.5010E-03   1.1587E+02   3.4015E+02   4.2518E+04   1.3604E-06   3.4026E-02
   6.6010E-03   1.1587E+02   3.4015E+02   4.2518E+04   1.3604E-06   3.4027E-02
   6.7010E-03   1.1587E+02   3.4015E+02   4.2518E+04   1.3605E-06   3.4028E-02
   6.8010E-03   1.1587E+02   3.4015E+02   4.2518E+04   1.3605E-06   3.4029E-02
   6.9010E-03   1.1587E+02   3.4015E+02   4.2518E+04   1.3605E-06   3.4029E-02
   7.0010E-03   1.1587E+02   3.4015E+02   4.2518E+04   1.3606E-06   3.4030E-02
   7.1010E-03   1.1587E+02   3.4015E+02   4.2518E+04   1.3606E-06   3.4031E-02
   7.2010E-03   1.1587E+02   3.4015E+02   4.2518E+04   1.3606E-06   3.4032E-02
   7.3010E-03   1.1587E+02   3.4015E+02   4.2518E+04   1.3607E-06   3.4032E-02
   7.4010E-03   1.1587E+02   3.4015E+02   4.2518E+04   1.3607E-06   3.4033E-02
   7.5010E-03   1.1587E+02   3.4015E+02   4.2518E+04   1.3607E-06   3.4034E-02
   7.6010E-03   1.1587E+02   3.4015E+02   4.2518E+04   1.3607E-06   3.4035E-02
   7.7010E-03   1.1587E+02   3.4015E+02   4.2518E+04   1.3608E-06   3.4035E-02
   7.8010E-03   1.1587E+02   3.4015E+02   4.2518E+04   1.3608E-06   3.4036E-02
   7.9010E-03   1.1587E+02   3.4015E+02   4.2518E+04   1.3608E-06   3.4037E-02
   8.0010E-03   1.1587E+02   3.4015E+02   4.2518E+04   1.3609E-06   3.4037E-02
   8.1010E-03   1.1587E+02   3.4015E+02   4.2518E+04   1.3609E-06   3.4038E-02
   8.2010E-03   1.1587E+02   3.4015E+02   4.2518E+04   1.3609E-06   3.4039E-02
   8.3010E-03   1.1587E+02   3.4015E+02   4.2518E+04   1.3609E-06   3.4040E-02
   8.4010E-03   1.1587E+02   3.4015E+02   4.2518E+04   1.3610E-06   3.4040E-02
   8.5010E-03   1.1587E+02   3.4015E+02   4.2518E+04   1.3610E-06   3.4041E-02
   8.6010E-03   1.1587E+02   3.4015E+02   4.2518E+04   1.3610E-06   3.4042E-02
   8.7010E-03   1.1587E+02   3.4015E+02   4.2518E+04   1.3611E-06   3.4042E-02
   8.8010E-03   1.1587E+02   3.4015E+02   4.2518E+04   1.3611E-06   3.4043E-02
   8.9010E-03   1.1587E+02   3.4015E+02   4.2518E+04   1.3611E-06   3.4044E-02
   9.0010E-03   1.1587E+02   3.4015E+02   4.2518E+04   1.3611E-06   3.4044E-02
   9.1010E-03   1.1587E+02   3.4015E+02   4.2518E+04   1.3612E-06   3.4045E-02
   9.2010E-03   1.1587E+02   3.4015E+02   4.2518E+04   1.3612E-06   3.4046E-02
   9.3010E-03   1.1587E+02   3.4015E+02   4.2518E+04   1.3612E-06   3.4047E-02
   9.4010E-03   1.1587E+02   3.4015E+02   4.2518E+04   1.3613E-06   3.4047E-02
   9.5010E-03   1.1587E+02   3.4015E+02   4.2518E+04   1.3613E-06   3.4048E-02
   9.6010E-03   1.1587E+02   3.4015E+02   4.2518E+04   1.3613E-06   3.4049E-02
   9.7010E-03   1.1587E+02   3.4015E+02   4.2518E+04   1.3613E-06   3.4049E-02
   9.8010E-03   1.1587E+02   3.4015E+02   4.2518E+04   1.3614E-06   3.4050E-02
   9.9010E-03   1.1587E+02   3.4015E+02   4.2518E+04   1.3614E-06   3.4051E-02
   1.0001E-02   1.1587E+02   3.4015E+02   4.2518E+04   1.3614E-06   3.4051E-02
   1.1001E-02   1.1587E+02   3.4015E+02   4.2518E+04   1.3617E-06   3.4058E-02
   1.2001E-02   1.1587E+02   3.4015E+02   4.2518E+04   1.3620E-06   3.4065E-02
   1.3001E-02   1.1587E+02   3.4015E+02   4.2518E+04   1.3622E-06   3.4071E-02
   1.4001E-02   1.1587E+02   3.4015E+02   4.2518E+04   1.3625E-06   3.4078E-02
   1.5001E-02   1.1587E+02   3.4015E+02   4.2518E+04   1.3627E-06   3.4085E-02
   1.6001E-02   1.1587E+02   3.4015E+02   4.2518E+04   1.3630E-06   3.4091E-02
   1.7001E-02   1.1587E+02   3.4015E+02   4.2518E+04   1.3633E-06   3.4098E-02
   1.8001E-02   1.1587E+02   3.4015E+02   4.2518E+04   1.3635E-06   3.4105E-02
   1.9001E-02   1.1587E+02   3.4015E+02   4.2518E+04   1.3638E-06   3.4111E-02
   2.0001E-02   1.1587E+02   3.4015E+02   4.2518E+04   1.3641E-06   3.4118E-02
   2.1001E-02   1.1587E+02   3.4015E+02   4.2518E+04   1.3643E-06   3.4124E-02
   2.2001E-02   1.1587E+02   3.4015E+02   4.2518E+04   1.3646E-06   3.4131E-02
   2.3001E-02   1.1587E+02   3.4015E+02   4.2518E+04   1.3649E-06   3.4138E-02
   2.4001E-02   1.1587E+02   3.4015E+02   4.2518E+04   1.3651E-06   3.4144E-02
   2.5001E-02   1.1587E+02   3.4015E+02   4.2518E+04   1.3654E-06   3.4151E-02
   2.6001E-02   1.1587E+02   3.4015E+02   4.2518E+04   1.3657E-06   3.4158E-02
   2.7001E-02   1.1587E+02   3.4015E+02   4.2518E+04   1.3659E-06   3.4164E-02
   2.8001E-02   1.1587E+02   3.4015E+02   4.2518E+04   1.3662E-06   3.4171E-02
   2.9001E-02   1.1587E+02   3.4015E+02   4.2518E+04   1.3665E-06   3.4178E-02
   3.0001E-02   1.1587E+02   3.4015E+02   4.2518E+04   1.3667E-06   3.4184E-02
   3.1001E-02   1.1587E+02   3.4015E+02   4.2518E+04   1.3670E-06   3.4191E-02
   3.2001E-02   1.1587E+02   3.4015E+02   4.2518E+04   1.3672E-06   3.4198E-02
   3.3001E-02   1.1587E+02   3.4015E+02   4.2518E+04   1.3675E-06   3.4204E-02
   3.4001E-02   1.1587E+02   3.4015E+02   4.2518E+04   1.3678E-06   3.4211E-02
   3.5001E-02   1.1587E+02   3.4015E+02   4.2518E+04   1.3680E-06   3.4217E-02
   3.6001E-02   1.1587E+02   3.4015E+02   4.2518E+04   1.3683E-06   3.4224E-02
   3.7001E-02   1.1587E+02   3.4015E+02   4.2518E+04   1.3686E-06   3.4231E-02
   3.8001E-02   1.1587E+02   3.4015E+02   4.2518E+04   1.3688E-06   3.4237E-02
   3.9001E-02   1.1587E+02   3.4015E+02   4.2518E+04   1.3691E-06   3.4244E-02
   4.0001E-02   1.1587E+02   3.4015E+02   4.2518E+04   1.3694E-06   3.4251E-02
   4.1001E-02   1.1587E+02   3.4015E+02   4.2518E+04   1.3696E-06   3.4257E-02
   4.2001E-02   1.1587E+02   3.4015E+02   4.2518E+04   1.3699E-06   3.4264E-02
   4.3001E-02   1.1587E+02   3.4015E+02   4.2518E+04   1.3702E-06   3.4271E-02
   4.4001E-02   1.1587E+02   3.4015E+02   4.2518E+04   1.3704E-06   3.4277E-02
   4.5001E-02   1.1587E+02   3.4015E+02   4.2518E+04   1.3707E-06   3.4284E-02
   4.6001E-02   1.1587E+02   3.4015E+02   4.2518E+04   1.3710E-06   3.4291E-02
   4.7001E-02   1.1587E+02   3.4015E+02   4.2518E+04   1.3712E-06   3.4297E-02
   4.8001E-02   1.1587E+02   3.4015E+02   4.2518E+04   1.3715E-06   3.4304E-02
   4.9001E-02   1.1587E+02   3.4015E+02   4.2518E+04   1.3718E-06   3.4311E-02
   5.0001E-02   1.1587E+02   3.4015E+02   4.2518E+04   1.3720E-06   3.4317E-02
   5.1001E-02   1.1587E+02   3.4015E+02   4.2518E+04   1.3723E-06   3.4324E-02
   5.2001E-02   1.1587E+02   3.4015E+02   4.2518E+04   1.3726E-06   3.4331E-02
   5.3001E-02   1.1587E+02   3.4015E+02   4.2518E+04   1.3728E-06   3.4337E-02
   5.4001E-02   1.1587E+02   3.4015E+02   4.2518E+04   1.3731E-06   3.4344E-02
   5.5001E-02   1.1587E+02   3.4015E+02   4.2518E+04   1.3734E-06   3.4351E-02
   5.6001E-02   1.1587E+02   3.4015E+02   4.2518E+04   1.3736E-06   3.4357E-02
   5.7001E-02   1.1587E+02   3.4015E+02   4.2518E+04   1.3739E-06   3.4364E-02
   5.8001E-02   1.1587E+02   3.4015E+02   4.2518E+04   1.3742E-06   3.4371E-02
   5.9001E-02   1.1587E+02   3.4015E+02   4.2518E+04   1.3744E-06   3.4377E-02
   6.0001E-02   1.1587E+02   3.4015E+02   4.2518E+04   1.3747E-06   3.4384E-02
   6.1001E-02   1.1587E+02   3.4015E+02   4.2518E+04   1.3750E-06   3.4391E-02
   6.2001E-02   1.1587E+02   3.4015E+02   4.2518E+04   1.3752E-06   3.4397E-02
   6.3001E-02   1.1587E+02   3.4015E+02   4.2518E+04   1.3755E-06   3.4404E-02
   6.4001E-02   1.1587E+02   3.4015E+02   4.2518E+04   1.3758E-06   3.4411E-02
   6.5001E-02   1.1587E+02   3.4015E+02   4.2518E+04   1.3760E-06   3.4418E-02
   6.6001E-02   1.1587E+02   3.4015E+02   4.2518E+04   1.3763E-06   3.4424E-02
   6.7001E-02   1.1587E+02   3.4015E+02   4.2518E+04   1.3766E-06   3.4431E-02
   6.8001E-02   1.1587E+02   3.4015E+02   4.2518E+04   1.3768E-06   3.4438E-02
   6.9001E-02   1.1587E+02   3.4015E+02   4.2518E+04   1.3771E-06   3.4444E-02
   7.0001E-02   1.1587E+02   3.4015E+02   4.2518E+04   1.3774E-06   3.4451E-02
   7.1001E-02   1.1587E+02   3.4015E+02   4.2518E+04   1.3776E-06   3.4458E-02
   7.2001E-02   1.1587E+02   3.4015E+02   4.2518E+04   1.3779E-06   3.4464E-02
   7.3001E-02   1.1587E+02   3.4015E+02   4.2518E+04   1.3782E-06   3.4471E-02
   7.4001E-02   1.1587E+02   3.4015E+02   4.2518E+04   1.3784E-06   3.4478E-02
   7.5001E-02   1.1587E+02   3.4015E+02   4.2518E+04   1.3787E-06   3.4484E-02
   7.6001E-02   1.1587E+02   3.4015E+02   4.2518E+04   1.3790E-06   3.4491E-02
   7.7001E-02   1.1587E+02   3.4015E+02   4.2518E+04   1.3792E-06   3.4498E-02
   7.8001E-02   1.1587E+02   3.4015E+02   4.2518E+04   1.3795E-06   3.4504E-02
   7.9001E-02   1.1587E+02   3.4015E+02   4.2518E+04   1.3798E-06   3.4511E-02
   8.0001E-02   1.1587E+02   3.4015E+02   4.2518E+04   1.3800E-06   3.4518E-02
   8.1001E-02   1.1587E+02   3.4015E+02   4.2518E+04   1.3803E-06   3.4525E-02
   8.2001E-02   1.1587E+02   3.4015E+02   4.2518E+04   1.3806E-06   3.4531E-02
   8.3001E-02   1.1587E+02   3.4015E+02   4.2518E+04   1.3808E-06   3.4538E-02
   8.4001E-02   1.1587E+02   3.4015E+02   4.2518E+04   1.3811E-06   3.4545E-02
   8.5001E-02   1.1587E+02   3.4015E+02   4.2518E+04   1.3814E-06   3.4551E-02
   8.6001E-02   1.1587E+02   3.4015E+02   4.2518E+04   1.3816E-06   3.4558E-02
   8.7001E-02   1.1587E+02   3.4015E+02   4.2518E+04   1.3819E-06   3.4565E-02
   8.8001E-02   1.1587E+02   3.4015E+02   4.2518E+04   1.3822E-06   3.4571E-02
   8.9001E-02   1.1587E+02   3.4015E+02   4.2518E+04   1.3824E-06   3.4578E-02
   9.0001E-02   1.1587E+02   3.4015E+02   4.2518E+04   1.3827E-06   3.4585E-02
   9.1001E-02   1.1587E+02   3.4015E+02   4.2518E+04   1.3830E-06   3.4592E-02
   9.2001E-02   1.1587E+02   3.4015E+02   4.2518E+04   1.3832E-06   3.4598E-02
   9.3001E-02   1.1587E+02   3.4015E+02   4.2518E+04   1.3835E-06   3.4605E-02
   9.4001E-02   1.1587E+02   3.4015E+02   4.2518E+04   1.3838E-06   3.4612E-02
   9.5001E-02   1.1587E+02   3.4015E+02   4.2528E+04   1.3853E-06   3.4649E-02
   9.6001E-02   1.1587E+02   3.4015E+02   4.2528E+04   1.3855E-06   3.4656E-02
   9.7001E-02   1.1587E+02   3.4015E+02   4.2528E+04   1.3858E-06   3.4662E-02
   9.8001E-02   1.1587E+02   3.4015E+02   4.2528E+04   1.3861E-06   3.4669E-02
   9.9001E-02   1.1587E+02   3.4015E+02   4.2528E+04   1.3863E-06   3.4676E-02
   1.0000E-01   1.1587E+02   3.4015E+02   4.2528E+04   1.3866E-06   3.4683E-02
   1.1000E-01   1.1587E+02   3.4015E+02   4.2528E+04   1.3893E-06   3.4750E-02
   1.2000E-01   1.1587E+02   3.4015E+02   4.2528E+04   1.3920E-06   3.4818E-02
   1.3000E-01   1.1587E+02   3.4015E+02   4.2528E+04   1.3947E-06   3.4885E-02
   1.4000E-01   1.1587E+02   3.4015E+02   4.2528E+04   1.3974E-06   3.4953E-02
   1.5000E-01   1.1587E+02   3.4015E+02   4.2528E+04   1.4001E-06   3.5021E-02
   1.6000E-01   1.1587E+02   3.4015E+02   4.2528E+04   1.4028E-06   3.5089E-02
   1.7000E-01   1.1587E+02   3.4015E+02   4.2528E+04   1.4055E-06   3.5157E-02
   1.8000E-01   1.1587E+02   3.4015E+02   4.2528E+04   1.4083E-06   3.5225E-02
   1.9000E-01   1.1587E+02   3.4015E+02   4.2539E+04   1.4122E-06   3.5325E-02
   2.0000E-01   1.1587E+02   3.4015E+02   4.2539E+04   1.4150E-06   3.5394E-02
   2.1000E-01   1.1587E+02   3.4015E+02   4.2539E+04   1.4177E-06   3.5462E-02
   2.2000E-01   1.1587E+02   3.4015E+02   4.2539E+04   1.4205E-06   3.5531E-02
   2.3000E-01   1.1587E+02   3.4015E+02   4.2539E+04   1.4232E-06   3.5600E-02
   2.4000E-01   1.1587E+02   3.4015E+02   4.2539E+04   1.4260E-06   3.5669E-02
   2.5000E-01   1.1587E+02   3.4015E+02   4.2539E+04   1.4287E-06   3.5739E-02
   2.6000E-01   1.1587E+02   3.4015E+02   4.2539E+04   1.4315E-06   3.5808E-02
   2.7000E-01   1.1587E+02   3.4015E+02   4.2539E+04   1.4343E-06   3.5877E-02
   2.8000E-01   1.1587E+02   3.4015E+02   4.2539E+04   1.4370E-06   3.5947E-02
   2.9000E-01   1.1587E+02   3.4015E+02   4.2550E+04   1.4412E-06   3.6050E-02
   3.0000E-01   1.1587E+02   3.4015E+02   4.2550E+04   1.4439E-06   3.6120E-02
   3.1000E-01   1.1587E+02   3.4015E+02   4.2550E+04   1.4467E-06   3.6190E-02
   3.2000E-01   1.1587E+02   3.4015E+02   4.2550E+04   1.4495E-06   3.6260E-02
   3.3000E-01   1.1587E+02   3.4015E+02   4.2550E+04   1.4523E-06   3.6330E-02
   3.4000E-01   1.1587E+02   3.4015E+02   4.2550E+04   1.4552E-06   3.6401E-02
   3.5000E-01   1.1587E+02   3.4015E+02   4.2550E+04   1.4580E-06   3.6471E-02
   3.6000E-01   1.1587E+02   3.4015E+02   4.2550E+04   1.4608E-06   3.6542E-02
   3.7000E-01   1.1587E+02   3.4015E+02   4.2550E+04   1.4636E-06   3.6612E-02
   3.8000E-01   1.1587E+02   3.4015E+02   4.2561E+04   1.4677E-06   3.6716E-02
   3.9000E-01   1.1587E+02   3.4015E+02   4.2561E+04   1.4706E-06   3.6787E-02
   4.0000E-01   1.1587E+02   3.4015E+02   4.2561E+04   1.4734E-06   3.6859E-02
   4.1000E-01   1.1587E+02   3.4015E+02   4.2561E+04   1.4763E-06   3.6930E-02
   4.2000E-01   1.1587E+02   3.4015E+02   4.2561E+04   1.4791E-06   3.7001E-02
   4.3000E-01   1.1587E+02   3.4015E+02   4.2561E+04   1.4820E-06   3.7073E-02
   4.4000E-01   1.1587E+02   3.4015E+02   4.2561E+04   1.4848E-06   3.7145E-02
   4.5000E-01   1.1587E+02   3.4015E+02   4.2561E+04   1.4877E-06   3.7216E-02
   4.6000E-01   1.1587E+02   3.4015E+02   4.2561E+04   1.4906E-06   3.7288E-02
   4.7000E-01   1.1587E+02   3.4015E+02   4.2572E+04   1.4948E-06   3.7394E-02
   4.8000E-01   1.1587E+02   3.4015E+02   4.2572E+04   1.4977E-06   3.7467E-02
   4.9000E-01   1.1587E+02   3.4015E+02   4.2572E+04   1.5006E-06   3.7539E-02
   5.0000E-01   1.1587E+02   3.4015E+02   4.2572E+04   1.5035E-06   3.7612E-02
   5.1000E-01   1.1587E+02   3.4015E+02   4.2572E+04   1.5064E-06   3.7684E-02
   5.2000E-01   1.1587E+02   3.4015E+02   4.2572E+04   1.5093E-06   3.7757E-02
   5.3000E-01   1.1587E+02   3.4015E+02   4.2572E+04   1.5122E-06   3.7830E-02
   5.4000E-01   1.1587E+02   3.4015E+02   4.2572E+04   1.5151E-06   3.7903E-02
   5.5000E-01   1.1587E+02   3.4015E+02   4.2572E+04   1.5180E-06   3.7976E-02
   5.6000E-01   1.1587E+02   3.4015E+02   4.2582E+04   1.5223E-06   3.8084E-02
   5.7000E-01   1.1587E+02   3.4015E+02   4.2582E+04   1.5253E-06   3.8158E-02
   5.8000E-01   1.1587E+02   3.4015E+02   4.2582E+04   1.5282E-06   3.8231E-02
   5.9000E-01   1.1587E+02   3.4015E+02   4.2582E+04   1.5311E-06   3.8305E-02
   6.0000E-01   1.1587E+02   3.4015E+02   4.2582E+04   1.5341E-06   3.8379E-02
   6.1000E-01   1.1587E+02   3.4015E+02   4.2582E+04   1.5370E-06   3.8453E-02
   6.2000E-01   1.1587E+02   3.4015E+02   4.2582E+04   1.5400E-06   3.8527E-02
   6.3000E-01   1.1587E+02   3.4015E+02   4.2582E+04   1.5430E-06   3.8602E-02
   6.4000E-01   1.1587E+02   3.4015E+02   4.2593E+04   1.5474E-06   3.8712E-02
   6.5000E-01   1.1587E+02   3.4015E+02   4.2593E+04   1.5504E-06   3.8787E-02
   6.6000E-01   1.1587E+02   3.4015E+02   4.2593E+04   1.5533E-06   3.8862E-02
   6.7000E-01   1.1587E+02   3.4015E+02   4.2593E+04   1.5563E-06   3.8937E-02
   6.8000E-01   1.1587E+02   3.4015E+02   4.2593E+04   1.5593E-06   3.9012E-02
   6.9000E-01   1.1587E+02   3.4015E+02   4.2593E+04   1.5623E-06   3.9087E-02
   7.0000E-01   1.1587E+02   3.4015E+02   4.2593E+04   1.5653E-06   3.9162E-02
   7.1000E-01   1.1587E+02   3.4015E+02   4.2593E+04   1.5683E-06   3.9238E-02
   7.2000E-01   1.1587E+02   3.4015E+02   4.2593E+04   1.5714E-06   3.9314E-02
   7.3000E-01   1.1587E+02   3.4015E+02   4.2593E+04   1.5744E-06   3.9389E-02
   7.4000E-01   1.1587E+02   3.4015E+02   4.2605E+04   1.5790E-06   3.9504E-02
   7.5000E-01   1.1587E+02   3.4015E+02   4.2605E+04   1.5820E-06   3.9580E-02
   7.6000E-01   1.1587E+02   3.4015E+02   4.2605E+04   1.5850E-06   3.9656E-02
   7.7000E-01   1.1587E+02   3.4015E+02   4.2605E+04   1.5881E-06   3.9733E-02
   7.8000E-01   1.1587E+02   3.4015E+02   4.2605E+04   1.5911E-06   3.9809E-02
   7.9000E-01   1.1587E+02   3.4015E+02   4.2605E+04   1.5942E-06   3.9886E-02
   8.0000E-01   1.1587E+02   3.4015E+02   4.2605E+04   1.5973E-06   3.9963E-02
   8.1000E-01   1.1587E+02   3.4015E+02   4.2605E+04   1.6003E-06   4.0040E-02
   8.2000E-01   1.1587E+02   3.4015E+02   4.2616E+04   1.6049E-06   4.0154E-02
   8.3000E-01   1.1587E+02   3.4015E+02   4.2616E+04   1.6080E-06   4.0231E-02
   8.4000E-01   1.1587E+02   3.4015E+02   4.2616E+04   1.6110E-06   4.0308E-02
   8.5000E-01   1.1587E+02   3.4015E+02   4.2616E+04   1.6141E-06   4.0386E-02
   8.6000E-01   1.1587E+02   3.4015E+02   4.2616E+04   1.6172E-06   4.0464E-02
   8.7000E-01   1.1587E+02   3.4015E+02   4.2616E+04   1.6203E-06   4.0541E-02
   8.8000E-01   1.1587E+02   3.4015E+02   4.2616E+04   1.6234E-06   4.0619E-02
   8.9000E-01   1.1587E+02   3.4015E+02   4.2616E+04   1.6266E-06   4.0697E-02
   9.0000E-01   1.1587E+02   3.4015E+02   4.2616E+04   1.6297E-06   4.0776E-02
   9.1000E-01   1.1587E+02   3.4015E+02   4.2627E+04   1.6343E-06   4.0892E-02
   9.2000E-01   1.1587E+02   3.4015E+02   4.2627E+04   1.6375E-06   4.0970E-02
   9.3000E-01   1.1587E+02   3.4015E+02   4.2627E+04   1.6406E-06   4.1049E-02
   9.4000E-01   1.1587E+02   3.4015E+02   4.2627E+04   1.6437E-06   4.1128E-02
   9.5000E-01   1.1587E+02   3.4015E+02   4.2627E+04   1.6469E-06   4.1207E-02
   9.6000E-01   1.1587E+02   3.4015E+02   4.2627E+04   1.6500E-06   4.1286E-02
   9.7000E-01   1.1587E+02   3.4015E+02   4.2627E+04   1.6532E-06   4.1366E-02
   9.8000E-01   1.1587E+02   3.4015E+02   4.2627E+04   1.6564E-06   4.1445E-02
   9.9000E-01   1.1587E+02   3.4015E+02   4.2627E+04   1.6595E-06   4.1524E-02
   1.0000E+00   1.1587E+02   3.4015E+02   4.2638E+04   1.6643E-06   4.1643E-02
   1.1000E+00   1.1587E+02   3.4015E+02   4.2648E+04   1.6979E-06   4.2486E-02
   1.2000E+00   1.1587E+02   3.4015E+02   4.2659E+04   1.7321E-06   4.3345E-02
   1.3000E+00   1.1587E+02   3.4015E+02   4.2672E+04   1.7674E-06   4.4229E-02
   1.4000E+00   1.1587E+02   3.4015E+02   4.2684E+04   1.8032E-06   4.5126E-02
   1.5000E+00   1.1587E+02   3.4015E+02   4.2705E+04   1.8411E-06   4.6079E-02
   1.6000E+00   1.1587E+02   3.4015E+02   4.2716E+04   1.8781E-06   4.7005E-02
   1.7000E+00   1.1587E+02   3.4015E+02   4.2730E+04   1.9163E-06   4.7965E-02
   1.8000E+00   1.1587E+02   3.4015E+02   4.2742E+04   1.9549E-06   4.8932E-02
   1.9000E+00   1.1587E+02   3.4015E+02   4.2757E+04   1.9946E-06   4.9928E-02
   2.0000E+00   1.1587E+02   3.4015E+02   4.2772E+04   2.0352E-06   5.0947E-02
   2.1000E+00   1.1587E+02   3.4015E+02   4.2797E+04   2.0783E-06   5.2027E-02
   2.2000E+00   1.1587E+02   3.4015E+02   4.2810E+04   2.1201E-06   5.3078E-02
   2.3000E+00   1.1587E+02   3.4015E+02   4.2825E+04   2.1630E-06   5.4153E-02
   2.4000E+00   1.1587E+02   3.4015E+02   4.2836E+04   2.2058E-06   5.5229E-02
   2.5000E+00   1.1587E+02   3.4015E+02   4.2846E+04   2.2493E-06   5.6320E-02
   2.6000E+00   1.1587E+02   3.4015E+02   4.2873E+04   2.2968E-06   5.7512E-02
   2.7000E+00   1.1587E+02   3.4015E+02   4.2885E+04   2.3423E-06   5.8654E-02
   2.8000E+00   1.1587E+02   3.4015E+02   4.2905E+04   2.3905E-06   5.9863E-02
   2.9000E+00   1.1587E+02   3.4015E+02   4.2917E+04   2.4377E-06   6.1047E-02
   3.0000E+00   1.1587E+02   3.4015E+02   4.2929E+04   2.4855E-06   6.2248E-02
   3.1000E+00   1.1587E+02   3.4015E+02   4.2955E+04   2.5374E-06   6.3552E-02
   3.2000E+00   1.1587E+02   3.4015E+02   4.2971E+04   2.5882E-06   6.4826E-02
   3.3000E+00   1.1587E+02   3.4015E+02   4.2985E+04   2.6392E-06   6.6107E-02
   3.4000E+00   1.1587E+02   3.4015E+02   4.3005E+04   2.6928E-06   6.7451E-02
   3.5000E+00   1.1587E+02   3.4015E+02   4.3027E+04   2.7476E-06   6.8827E-02
   3.6000E+00   1.1587E+02   3.4015E+02   4.3039E+04   2.8011E-06   7.0171E-02
   3.7000E+00   1.1587E+02   3.4015E+02   4.3068E+04   2.8598E-06   7.1644E-02
   3.8000E+00   1.1587E+02   3.4015E+02   4.3078E+04   2.9144E-06   7.3016E-02
   3.9000E+00   1.1587E+02   3.4015E+02   4.3108E+04   2.9757E-06   7.4555E-02
   4.0000E+00   1.1587E+02   3.4015E+02   4.3119E+04   3.0327E-06   7.5986E-02
   4.1000E+00   1.1587E+02   3.4015E+02   4.3144E+04   3.0943E-06   7.7534E-02
   4.2000E+00   1.1587E+02   3.4015E+02   4.3162E+04   3.1553E-06   7.9065E-02
   4.3000E+00   1.1587E+02   3.4015E+02   4.3185E+04   3.2187E-06   8.0658E-02
   4.4000E+00   1.1587E+02   3.4015E+02   4.3206E+04   3.2830E-06   8.2271E-02
   4.5000E+00   1.1587E+02   3.4015E+02   4.3218E+04   3.3452E-06   8.3833E-02
   4.6000E+00   1.1587E+02   3.4015E+02   4.3240E+04   3.4118E-06   8.5507E-02
   4.7000E+00   1.1587E+02   3.4015E+02   4.3266E+04   3.4807E-06   8.7238E-02
   4.8000E+00   1.1587E+02   3.4015E+02   4.3293E+04   3.5513E-06   8.9010E-02
   4.9000E+00   1.1587E+02   3.4015E+02   4.3306E+04   3.6182E-06   9.0692E-02
   5.0000E+00   1.1587E+02   3.4015E+02   4.3336E+04   3.6920E-06   9.2545E-02
   5.1000E+00   1.1587E+02   3.4015E+02   4.3349E+04   3.7615E-06   9.4290E-02
   5.2000E+00   1.1587E+02   3.4015E+02   4.3372E+04   3.8353E-06   9.6144E-02
   5.3000E+00   1.1587E+02   3.4015E+02   4.3393E+04   3.9098E-06   9.8015E-02
   5.4000E+00   1.1587E+02   3.4015E+02   4.3421E+04   3.9883E-06   9.9987E-02
   5.5000E+00   1.1587E+02   3.4015E+02   4.3449E+04   4.0680E-06   1.0199E-01
   5.6000E+00   1.1587E+02   3.4015E+02   4.3473E+04   4.1477E-06   1.0399E-01
   5.7000E+00   1.1587E+02   3.4015E+02   4.3501E+04   4.2299E-06   1.0606E-01
   5.8000E+00   1.1587E+02   3.4015E+02   4.3520E+04   4.3103E-06   1.0808E-01
   5.9000E+00   1.1587E+02   3.4015E+02   4.3543E+04   4.3933E-06   1.1016E-01
   6.0000E+00   1.1587E+02   3.4015E+02   4.3563E+04   4.4767E-06   1.1226E-01
   6.1000E+00   1.1587E+02   3.4015E+02   4.3591E+04   4.5646E-06   1.1446E-01
   6.2000E+00   1.1587E+02   3.4015E+02   4.3612E+04   4.6510E-06   1.1663E-01
   6.3000E+00   1.1587E+02   3.4015E+02   4.3639E+04   4.7413E-06   1.1890E-01
   6.4000E+00   1.1587E+02   3.4015E+02   4.3671E+04   4.8363E-06   1.2129E-01
   6.5000E+00   1.1587E+02   3.4015E+02   4.3696E+04   4.9287E-06   1.2361E-01
   6.6000E+00   1.1587E+02   3.4015E+02   4.3726E+04   5.0256E-06   1.2604E-01
   6.7000E+00   1.1587E+02   3.4015E+02   4.3750E+04   5.1203E-06   1.2842E-01
   6.8000E+00   1.1587E+02   3.4015E+02   4.3774E+04   5.2170E-06   1.3085E-01
   6.9000E+00   1.1587E+02   3.4015E+02   4.3804E+04   5.3188E-06   1.3340E-01
   7.0000E+00   1.1587E+02   3.4015E+02   4.3835E+04   5.4221E-06   1.3600E-01
   7.1000E+00   1.1587E+02   3.4015E+02   4.3864E+04   5.5268E-06   1.3863E-01
   7.2000E+00   1.1587E+02   3.4015E+02   4.3887E+04   5.6288E-06   1.4119E-01
   7.3000E+00   1.1587E+02   3.4015E+02   4.3920E+04   5.7394E-06   1.4396E-01
   7.4000E+00   1.1587E+02   3.4015E+02   4.3942E+04   5.8439E-06   1.4659E-01
   7.5000E+00   1.1587E+02   3.4015E+02   4.3971E+04   5.9554E-06   1.4939E-01
   7.6000E+00   1.1587E+02   3.4015E+02   4.4001E+04   6.0690E-06   1.5223E-01
   7.7000E+00   1.1587E+02   3.4015E+02   4.4033E+04   6.1853E-06   1.5515E-01
   7.8000E+00   1.1587E+02   3.4015E+02   4.4063E+04   6.3028E-06   1.5810E-01
   7.9000E+00   1.1587E+02   3.4015E+02   4.4095E+04   6.4229E-06   1.6111E-01
   8.0000E+00   1.1587E+02   3.4015E+02   4.4126E+04   6.5453E-06   1.6418E-01
   8.1000E+00   1.1587E+02   3.4015E+02   4.4151E+04   6.6639E-06   1.6715E-01
   8.2000E+00   1.1587E+02   3.4015E+02   4.4178E+04   6.7870E-06   1.7024E-01
   8.3000E+00   1.1587E+02   3.4015E+02   4.4221E+04   6.9234E-06   1.7366E-01
   8.4000E+00   1.1587E+02   3.4015E+02   4.4245E+04   7.0473E-06   1.7676E-01
   8.5000E+00   1.1587E+02   3.4015E+02   4.4273E+04   7.1767E-06   1.8000E-01
   8.6000E+00   1.1587E+02   3.4015E+02   4.4308E+04   7.3136E-06   1.8343E-01
   8.7000E+00   1.1587E+02   3.4015E+02   4.4339E+04   7.4492E-06   1.8683E-01
   8.8000E+00   1.1587E+02   3.4015E+02   4.4376E+04   7.5926E-06   1.9042E-01
   8.9000E+00   1.1587E+02   3.4015E+02   4.4401E+04   7.7272E-06   1.9379E-01
   9.0000E+00   1.1587E+02   3.4015E+02   4.4440E+04   7.8762E-06   1.9751E-01
   9.1000E+00   1.1587E+02   3.4015E+02   4.4471E+04   8.0201E-06   2.0111E-01
   9.2000E+00   1.1587E+02   3.4015E+02   4.4501E+04   8.1658E-06   2.0475E-01
   9.3000E+00   1.1587E+02   3.4015E+02   4.4536E+04   8.3186E-06   2.0857E-01
   9.4000E+00   1.1587E+02   3.4015E+02   4.4574E+04   8.4770E-06   2.1253E-01
   9.5000E+00   1.1587E+02   3.4015E+02   4.4602E+04   8.6274E-06   2.1628E-01
   9.6000E+00   1.1587E+02   3.4015E+02   4.4637E+04   8.7872E-06   2.2027E-01
   9.7000E+00   1.1587E+02   3.4015E+02   4.4669E+04   8.9465E-06   2.2424E-01
   9.8000E+00   1.1587E+02   3.4015E+02   4.4708E+04   9.1156E-06   2.2846E-01
   9.9000E+00   1.1587E+02   3.4015E+02   4.4738E+04   9.2773E-06   2.3249E-01
   1.0000E+01   1.1587E+02   3.4015E+02   4.4777E+04   9.4486E-06   2.3681E-01
   1.0100E+01   1.1587E+02   3.4015E+02   4.4808E+04   9.6152E-06   2.4102E-01
   1.0200E+01   1.1587E+02   3.4015E+02   4.4850E+04   9.7953E-06   2.4557E-01
   1.0300E+01   1.1587E+02   3.4015E+02   4.4882E+04   9.9682E-06   2.4993E-01
   1.0400E+01   1.1587E+02   3.4015E+02   4.4925E+04   1.0155E-05   2.5466E-01
   1.0500E+01   1.1587E+02   3.4015E+02   4.4960E+04   1.0336E-05   2.5923E-01
   1.0600E+01   1.1587E+02   3.4015E+02   4.4996E+04   1.0521E-05   2.6390E-01
   1.0700E+01   1.1587E+02   3.4015E+02   4.5029E+04   1.0705E-05   2.6857E-01
   1.0800E+01   1.1587E+02   3.4015E+02   4.5073E+04   1.0905E-05   2.7363E-01
   1.0900E+01   1.1587E+02   3.4015E+02   4.5107E+04   1.1096E-05   2.7847E-01
   1.1000E+01   1.1587E+02   3.4015E+02   4.5142E+04   1.1292E-05   2.8342E-01
   1.1100E+01   1.1587E+02   3.4015E+02   4.5181E+04   1.1494E-05   2.8855E-01
   1.1200E+01   1.1587E+02   3.4015E+02   4.5222E+04   1.1703E-05   2.9384E-01
   1.1300E+01   1.1587E+02   3.4015E+02   4.5261E+04   1.1914E-05   2.9917E-01
   1.1400E+01   1.1587E+02   3.4015E+02   4.5301E+04   1.2128E-05   3.0459E-01
   1.1500E+01   1.1587E+02   3.4015E+02   4.5337E+04   1.2341E-05   3.0999E-01
   1.1600E+01   1.1587E+02   3.4015E+02   4.5373E+04   1.2554E-05   3.1540E-01
   1.1700E+01   1.1587E+02   3.4015E+02   4.5418E+04   1.2787E-05   3.2129E-01
   1.1800E+01   1.1587E+02   3.4015E+02   4.5453E+04   1.3007E-05   3.2688E-01
   1.1900E+01   1.1587E+02   3.4015E+02   4.5492E+04   1.3237E-05   3.3273E-01
   1.2000E+01   1.1587E+02   3.4015E+02   4.5532E+04   1.3472E-05   3.3869E-01
   1.2100E+01   1.1587E+02   3.4015E+02   4.5571E+04   1.3709E-05   3.4471E-01
   1.2200E+01   1.1587E+02   3.4015E+02   4.5612E+04   1.3952E-05   3.5088E-01
   1.2300E+01   1.1587E+02   3.4015E+02   4.5652E+04   1.4198E-05   3.5712E-01
   1.2400E+01   1.1587E+02   3.4015E+02   4.5690E+04   1.4443E-05   3.6334E-01
   1.2500E+01   1.1587E+02   3.4015E+02   4.5728E+04   1.4693E-05   3.6969E-01
   1.2600E+01   1.1587E+02   3.4015E+02   4.5771E+04   1.4956E-05   3.7638E-01
   1.2700E+01   1.1587E+02   3.4015E+02   4.5812E+04   1.5219E-05   3.8305E-01
   1.2800E+01   1.1587E+02   3.4015E+02   4.5849E+04   1.5478E-05   3.8965E-01
   1.2900E+01   1.1587E+02   3.4015E+02   4.5887E+04   1.5742E-05   3.9635E-01
   1.3000E+01   1.1587E+02   3.4015E+02   4.5929E+04   1.6020E-05   4.0342E-01
   1.3100E+01   1.1587E+02   3.4015E+02   4.5971E+04   1.6301E-05   4.1057E-01
   1.3200E+01   1.1587E+02   3.4015E+02   4.6007E+04   1.6575E-05   4.1753E-01
   1.3300E+01   1.1587E+02   3.4015E+02   4.6051E+04   1.6868E-05   4.2499E-01
   1.3400E+01   1.1587E+02   3.4015E+02   4.6089E+04   1.7154E-05   4.3228E-01
   1.3500E+01   1.1587E+02   3.4015E+02   4.6126E+04   1.7441E-05   4.3958E-01
   1.3600E+01   1.1587E+02   3.4015E+02   4.6170E+04   1.7747E-05   4.4737E-01
   1.3700E+01   1.1587E+02   3.4015E+02   4.6205E+04   1.8039E-05   4.5480E-01
   1.3800E+01   1.1587E+02   3.4015E+02   4.6249E+04   1.8354E-05   4.6282E-01
   1.3900E+01   1.1587E+02   3.4015E+02   4.6291E+04   1.8672E-05   4.7093E-01
   1.4000E+01   1.1587E+02   3.4015E+02   4.6325E+04   1.8971E-05   4.7856E-01
   1.4100E+01   1.1587E+02   3.4015E+02   4.6369E+04   1.9301E-05   4.8696E-01
   1.4200E+01   1.1587E+02   3.4015E+02   4.6405E+04   1.9615E-05   4.9496E-01
   1.4300E+01   1.1587E+02   3.4015E+02   4.6449E+04   1.9955E-05   5.0363E-01
   1.4400E+01   1.1587E+02   3.4015E+02   4.6485E+04   2.0280E-05   5.1191E-01
   1.4500E+01   1.1587E+02   3.4015E+02   4.6526E+04   2.0619E-05   5.2056E-01
   1.4600E+01   1.1587E+02   3.4015E+02   4.6562E+04   2.0950E-05   5.2903E-01
   1.4700E+01   1.1587E+02   3.4015E+02   4.6604E+04   2.1304E-05   5.3804E-01
   1.4800E+01   1.1587E+02   3.4015E+02   4.6646E+04   2.1661E-05   5.4716E-01
   1.4900E+01   1.1587E+02   3.4015E+02   4.6680E+04   2.2000E-05   5.5581E-01
   1.5000E+01   1.1587E+02   3.4015E+02   4.6721E+04   2.2365E-05   5.6514E-01
   1.5100E+01   1.1587E+02   3.4015E+02   4.6761E+04   2.2730E-05   5.7447E-01
   1.5200E+01   1.1587E+02   3.4015E+02   4.6796E+04   2.3084E-05   5.8352E-01
   1.5300E+01   1.1587E+02   3.4015E+02   4.6836E+04   2.3459E-05   5.9311E-01
   1.5400E+01   1.1587E+02   3.4015E+02   4.6876E+04   2.3838E-05   6.0279E-01
   1.5500E+01   1.1587E+02   3.4015E+02   4.6915E+04   2.4218E-05   6.1253E-01
   1.5600E+01   1.1587E+02   3.4015E+02   4.6948E+04   2.4584E-05   6.2189E-01
   1.5700E+01   1.1587E+02   3.4015E+02   4.6987E+04   2.4973E-05   6.3184E-01
   1.5800E+01   1.1587E+02   3.4015E+02   4.7026E+04   2.5365E-05   6.4187E-01
   1.5900E+01   1.1587E+02   3.4015E+02   4.7065E+04   2.5763E-05   6.5205E-01
   1.6000E+01   1.1587E+02   3.4015E+02   4.7103E+04   2.6162E-05   6.6228E-01
   1.6100E+01   1.1587E+02   3.4015E+02   4.7135E+04   2.6540E-05   6.7198E-01
   1.6200E+01   1.1587E+02   3.4015E+02   4.7173E+04   2.6947E-05   6.8240E-01
   1.6300E+01   1.1587E+02   3.4015E+02   4.7211E+04   2.7358E-05   6.9294E-01
   1.6400E+01   1.1587E+02   3.4015E+02   4.7248E+04   2.7769E-05   7.0350E-01
   1.6500E+01   1.1587E+02   3.4015E+02   4.7280E+04   2.8164E-05   7.1365E-01
   1.6600E+01   1.1587E+02   3.4015E+02   4.7321E+04   2.8598E-05   7.2477E-01
   1.6700E+01   1.1587E+02   3.4015E+02   4.7356E+04   2.9011E-05   7.3537E-01
   1.6800E+01   1.1587E+02   3.4015E+02   4.7386E+04   2.9409E-05   7.4560E-01
   1.6900E+01   1.1587E+02   3.4015E+02   4.7421E+04   2.9834E-05   7.5653E-01
   1.7000E+01   1.1587E+02   3.4015E+02   4.7458E+04   3.0265E-05   7.6760E-01
