         Time_s                                                                                                                         1                                                                                                                         2                                                                                                                         3                                                                                                                         4                                                                                                                         5
   0.000000E+00   1.0000E+06   2.1586E+19   0.0000E+00   0.0000E+00   1.0000E+06
   1.000000E-06   1.0000E+06   2.1586E+19   1.5066E+09   6.4094E+09   1.0000E+06
   2.000000E-06   1.0000E+06   2.1586E+19   1.0859E+11   1.1246E+11   1.0000E+06
   3.000000E-06   1.0000E+06   2.1586E+19   2.1568E+11   2.1851E+11   1.0000E+06
   4.000000E-06   1.0000E+06   2.1586E+19   3.2277E+11   3.2456E+11   1.0000E+06
   5.000000E-06   1.0000E+06   2.1586E+19   4.2986E+11   4.3062E+11   1.0000E+06
   6.000000E-06   1.0000E+06   2.1586E+19   5.3694E+11   5.3667E+11   1.0000E+06
   7.000000E-06   1.0000E+06   2.1586E+19   6.4403E+11   6.4272E+11   1.0000E+06
   8.000000E-06   1.0000E+06   2.1586E+19   7.5112E+11   7.4877E+11   1.0000E+06
   9.000000E-06   1.0000E+06   2.1586E+19   8.5821E+11   8.5482E+11   1.0000E+06
   1.000000E-05   1.0000E+06   2.1586E+19   9.6529E+11   9.6087E+11   1.0000E+06
   1.100000E-05   1.0000E+06   2.1586E+19   1.0724E+12   1.0669E+12   1.0000E+06
   1.200000E-05   1.0000E+06   2.1586E+19   1.1795E+12   1.1730E+12   1.0000E+06
   1.300000E-05   1.0000E+06   2.1586E+19   1.2866E+12   1.2790E+12   1.0000E+06
   1.400000E-05   1.0000E+06   2.1586E+19   1.3936E+12   1.3851E+12   1.0000E+06
   1.500000E-05   1.0000E+06   2.1586E+19   1.5007E+12   1.4911E+12   1.0000E+06
   1.600000E-05   1.0000E+06   2.1586E+19   1.6078E+12   1.5972E+12   1.0000E+06
   1.700000E-05   1.0000E+06   2.1586E+19   1.7149E+12   1.7032E+12   1.0000E+06
   1.800000E-05   1.0000E+06   2.1586E+19   1.8220E+12   1.8093E+12   1.0000E+06
   1.900000E-05   1.0000E+06   2.1586E+19   1.9291E+12   1.9153E+12   1.0000E+06
   2.000000E-05   1.0000E+06   2.1586E+19   2.0362E+12   2.0214E+12   1.0000E+06
   2.100000E-05   1.0000E+06   2.1586E+19   2.1433E+12   2.1274E+12   1.0000E+06
   2.200000E-05   1.0000E+06   2.1586E+19   2.2503E+12   2.2335E+12   1.0000E+06
   2.300000E-05   1.0000E+06   2.1586E+19   2.3574E+12   2.3395E+12   1.0000E+06
   2.400000E-05   1.0000E+06   2.1586E+19   2.4645E+12   2.4456E+12   1.0000E+06
   2.500000E-05   1.0000E+06   2.1586E+19   2.5716E+12   2.5516E+12   1.0000E+06
   2.600000E-05   1.0000E+06   2.1586E+19   2.6787E+12   2.6577E+12   1.0000E+06
   2.700000E-05   1.0000E+06   2.1586E+19   2.7858E+12   2.7637E+12   1.0000E+06
   2.800000E-05   1.0000E+06   2.1586E+19   2.8929E+12   2.8698E+12   1.0000E+06
   2.900000E-05   1.0000E+06   2.1586E+19   3.0000E+12   2.9759E+12   1.0000E+06
   3.000000E-05   1.0000E+06   2.1586E+19   3.1070E+12   3.0819E+12   1.0000E+06
   3.100000E-05   1.0000E+06   2.1586E+19   3.2141E+12   3.1880E+12   1.0000E+06
   3.200000E-05   1.0000E+06   2.1586E+19   3.3212E+12   3.2940E+12   1.0000E+06
   3.300000E-05   1.0000E+06   2.1586E+19   3.4283E+12   3.4001E+12   1.0000E+06
   3.400000E-05   1.0000E+06   2.1586E+19   3.5354E+12   3.5061E+12   1.0000E+06
   3.500000E-05   1.0000E+06   2.1586E+19   3.6425E+12   3.6122E+12   1.0000E+06
   3.600000E-05   1.0000E+06   2.1586E+19   3.7496E+12   3.7182E+12   1.0000E+06
   3.700000E-05   1.0000E+06   2.1586E+19   3.8567E+12   3.8243E+12   1.0000E+06
   3.800000E-05   1.0000E+06   2.1586E+19   3.9637E+12   3.9303E+12   1.0000E+06
   3.900000E-05   1.0000E+06   2.1586E+19   4.0708E+12   4.0364E+12   1.0000E+06
   4.000000E-05   1.0000E+06   2.1586E+19   4.1779E+12   4.1424E+12   1.0000E+06
   4.100000E-05   1.0000E+06   2.1586E+19   4.2850E+12   4.2485E+12   1.0000E+06
   4.200000E-05   1.0000E+06   2.1586E+19   4.3921E+12   4.3545E+12   1.0000E+06
   4.300000E-05   1.0000E+06   2.1586E+19   4.4992E+12   4.4606E+12   1.0000E+06
   4.400000E-05   1.0000E+06   2.1586E+19   4.6063E+12   4.5666E+12   1.0000E+06
   4.500000E-05   1.0000E+06   2.1586E+19   4.7134E+12   4.6727E+12   1.0000E+06
   4.600000E-05   1.0000E+06   2.1586E+19   4.8204E+12   4.7787E+12   1.0000E+06
   4.700000E-05   1.0000E+06   2.1586E+19   4.9275E+12   4.8848E+12   1.0000E+06
   4.800000E-05   1.0000E+06   2.1586E+19   5.0346E+12   4.9908E+12   1.0000E+06
   4.900000E-05   1.0000E+06   2.1586E+19   5.1417E+12   5.0969E+12   1.0000E+06
   5.000000E-05   1.0000E+06   2.1586E+19   5.2488E+12   5.2029E+12   1.0000E+06
   5.100000E-05   1.0000E+06   2.1586E+19   5.3559E+12   5.3090E+12   1.0000E+06
   5.200000E-05   1.0000E+06   2.1586E+19   5.4630E+12   5.4150E+12   1.0000E+06
   5.300000E-05   1.0000E+06   2.1586E+19   5.5700E+12   5.5211E+12   1.0000E+06
   5.400000E-05   1.0000E+06   2.1586E+19   5.6771E+12   5.6271E+12   1.0000E+06
   5.500000E-05   1.0000E+06   2.1586E+19   5.7842E+12   5.7332E+12   1.0000E+06
   5.600000E-05   1.0000E+06   2.1586E+19   5.8913E+12   5.8392E+12   1.0000E+06
   5.700000E-05   1.0000E+06   2.1586E+19   5.9984E+12   5.9453E+12   1.0000E+06
   5.800000E-05   1.0000E+06   2.1586E+19   6.1055E+12   6.0513E+12   1.0000E+06
   5.900000E-05   1.0000E+06   2.1586E+19   6.2126E+12   6.1574E+12   1.0000E+06
   6.000000E-05   1.0000E+06   2.1586E+19   6.3197E+12   6.2634E+12   1.0000E+06
   6.100000E-05   1.0000E+06   2.1586E+19   6.4267E+12   6.3695E+12   1.0000E+06
   6.200000E-05   1.0000E+06   2.1586E+19   6.5338E+12   6.4755E+12   1.0000E+06
   6.300000E-05   1.0000E+06   2.1586E+19   6.6409E+12   6.5816E+12   1.0000E+06
   6.400000E-05   1.0000E+06   2.1586E+19   6.7480E+12   6.6877E+12   1.0000E+06
   6.500000E-05   1.0000E+06   2.1586E+19   6.8551E+12   6.7937E+12   1.0000E+06
   6.600000E-05   1.0000E+06   2.1586E+19   6.9622E+12   6.8998E+12   1.0000E+06
   6.700000E-05   1.0000E+06   2.1586E+19   7.0693E+12   7.0058E+12   1.0000E+06
   6.800000E-05   1.0000E+06   2.1586E+19   7.1764E+12   7.1119E+12   1.0000E+06
   6.900000E-05   1.0000E+06   2.1586E+19   7.2834E+12   7.2179E+12   1.0000E+06
   7.000000E-05   1.0000E+06   2.1586E+19   7.3905E+12   7.3240E+12   1.0000E+06
   7.100000E-05   1.0000E+06   2.1586E+19   7.4976E+12   7.4300E+12   1.0000E+06
   7.200000E-05   1.0000E+06   2.1586E+19   7.6047E+12   7.5361E+12   1.0000E+06
   7.300000E-05   1.0000E+06   2.1586E+19   7.7118E+12   7.6421E+12   1.0000E+06
   7.400000E-05   1.0000E+06   2.1586E+19   7.8189E+12   7.7482E+12   1.0000E+06
   7.500000E-05   1.0000E+06   2.1586E+19   7.9260E+12   7.8542E+12   1.0000E+06
   7.600000E-05   1.0000E+06   2.1586E+19   8.0331E+12   7.9603E+12   1.0000E+06
   7.700000E-05   1.0000E+06   2.1586E+19   8.1401E+12   8.0663E+12   1.0000E+06
   7.800000E-05   1.0000E+06   2.1586E+19   8.2472E+12   8.1724E+12   1.0000E+06
   7.900000E-05   1.0000E+06   2.1586E+19   8.3543E+12   8.2784E+12   1.0000E+06
   8.000000E-05   1.0000E+06   2.1586E+19   8.4614E+12   8.3845E+12   1.0000E+06
   8.100000E-05   1.0000E+06   2.1586E+19   8.5685E+12   8.4905E+12   1.0000E+06
   8.200000E-05   1.0000E+06   2.1586E+19   8.6756E+12   8.5966E+12   1.0000E+06
   8.300000E-05   1.0000E+06   2.1586E+19   8.7827E+12   8.7026E+12   1.0000E+06
   8.400000E-05   1.0000E+06   2.1586E+19   8.8898E+12   8.8087E+12   1.0000E+06
   8.500000E-05   1.0000E+06   2.1586E+19   8.9968E+12   8.9147E+12   1.0000E+06
   8.600000E-05   1.0000E+06   2.1586E+19   9.1039E+12   9.0208E+12   1.0000E+06
   8.700000E-05   1.0000E+06   2.1586E+19   9.2110E+12   9.1268E+12   1.0000E+06
   8.800000E-05   1.0000E+06   2.1586E+19   9.3181E+12   9.2329E+12   1.0000E+06
   8.900000E-05   1.0000E+06   2.1586E+19   9.4252E+12   9.3389E+12   1.0000E+06
   9.000000E-05   1.0000E+06   2.1586E+19   9.5323E+12   9.4450E+12   1.0000E+06
   9.100000E-05   1.0000E+06   2.1586E+19   9.6394E+12   9.5510E+12   1.0000E+06
   9.200000E-05   1.0000E+06   2.1586E+19   9.7465E+12   9.6571E+12   1.0000E+06
   9.300000E-05   1.0000E+06   2.1586E+19   9.8535E+12   9.7631E+12   1.0000E+06
   9.400000E-05   1.0000E+06   2.1586E+19   9.9606E+12   9.8692E+12   1.0000E+06
   9.500000E-05   1.0000E+06   2.1586E+19   1.0068E+13   9.9752E+12   1.0000E+06
   9.600000E-05   1.0000E+06   2.1586E+19   1.0175E+13   1.0081E+13   1.0000E+06
   9.700000E-05   1.0000E+06   2.1586E+19   1.0282E+13   1.0187E+13   1.0000E+06
   9.800000E-05   1.0000E+06   2.1586E+19   1.0389E+13   1.0293E+13   1.0000E+06
   9.900000E-05   1.0000E+06   2.1586E+19   1.0496E+13   1.0399E+13   1.0000E+06
   1.000000E-04   1.0000E+06   2.1586E+19   1.0603E+13   1.0506E+13   1.0000E+06
   1.010000E-04   1.0000E+06   2.1586E+19   1.0710E+13   1.0612E+13   1.0000E+06
   1.110000E-04   1.0000E+06   2.1586E+19   1.1781E+13   1.1672E+13   1.0000E+06
   1.210000E-04   1.0000E+06   2.1586E+19   1.2852E+13   1.2733E+13   1.0000E+06
   1.310000E-04   1.0000E+06   2.1586E+19   1.3923E+13   1.3793E+13   1.0000E+06
   1.410000E-04   1.0000E+06   2.1586E+19   1.4994E+13   1.4854E+13   1.0000E+06
   1.510000E-04   1.0000E+06   2.1586E+19   1.6065E+13   1.5914E+13   1.0000E+06
   1.610000E-04   1.0000E+06   2.1586E+19   1.7135E+13   1.6975E+13   1.0000E+06
   1.710000E-04   1.0000E+06   2.1586E+19   1.8206E+13   1.8035E+13   1.0000E+06
   1.810000E-04   1.0000E+06   2.1586E+19   1.9277E+13   1.9096E+13   1.0000E+06
   1.910000E-04   1.0000E+06   2.1586E+19   2.0348E+13   2.0156E+13   1.0000E+06
   2.010000E-04   1.0000E+06   2.1586E+19   2.1419E+13   2.1217E+13   1.0000E+06
   2.110000E-04   1.0000E+06   2.1586E+19   2.2490E+13   2.2277E+13   1.0000E+06
   2.210000E-04   1.0000E+06   2.1586E+19   2.3561E+13   2.3338E+13   1.0000E+06
   2.310000E-04   1.0000E+06   2.1586E+19   2.4632E+13   2.4398E+13   1.0000E+06
   2.410000E-04   1.0000E+06   2.1586E+19   2.5702E+13   2.5459E+13   1.0000E+06
   2.510000E-04   1.0000E+06   2.1586E+19   2.6773E+13   2.6519E+13   1.0000E+06
   2.610000E-04   1.0000E+06   2.1586E+19   2.7844E+13   2.7580E+13   1.0000E+06
   2.710000E-04   1.0000E+06   2.1586E+19   2.8915E+13   2.8640E+13   1.0000E+06
   2.810000E-04   1.0000E+06   2.1586E+19   2.9986E+13   2.9701E+13   1.0000E+06
   2.910000E-04   1.0000E+06   2.1586E+19   3.1057E+13   3.0761E+13   1.0000E+06
   3.010000E-04   1.0000E+06   2.1586E+19   3.2128E+13   3.1822E+13   1.0000E+06
   3.110000E-04   1.0000E+06   2.1586E+19   3.3199E+13   3.2882E+13   1.0000E+06
   3.210000E-04   1.0000E+06   2.1586E+19   3.4269E+13   3.3943E+13   1.0000E+06
   3.310000E-04   1.0000E+06   2.1586E+19   3.5340E+13   3.5003E+13   1.0000E+06
   3.410000E-04   1.0000E+06   2.1586E+19   3.6411E+13   3.6064E+13   1.0000E+06
   3.510000E-04   1.0000E+06   2.1586E+19   3.7482E+13   3.7124E+13   1.0000E+06
   3.610000E-04   1.0000E+06   2.1586E+19   3.8553E+13   3.8185E+13   1.0000E+06
   3.710000E-04   1.0000E+06   2.1586E+19   3.9624E+13   3.9245E+13   1.0000E+06
   3.810000E-04   1.0000E+06   2.1586E+19   4.0695E+13   4.0306E+13   1.0000E+06
   3.910000E-04   1.0000E+06   2.1586E+19   4.1765E+13   4.1366E+13   1.0000E+06
   4.010000E-04   1.0000E+06   2.1586E+19   4.2836E+13   4.2427E+13   1.0000E+06
   4.110000E-04   1.0000E+06   2.1586E+19   4.3907E+13   4.3487E+13   1.0000E+06
   4.210000E-04   1.0000E+06   2.1586E+19   4.4978E+13   4.4548E+13   1.0000E+06
   4.310000E-04   1.0000E+06   2.1586E+19   4.6049E+13   4.5608E+13   1.0000E+06
   4.410000E-04   1.0000E+06   2.1586E+19   4.7120E+13   4.6669E+13   1.0000E+06
   4.510000E-04   1.0000E+06   2.1586E+19   4.8191E+13   4.7729E+13   1.0000E+06
   4.610000E-04   1.0000E+06   2.1586E+19   4.9262E+13   4.8790E+13   1.0000E+06
   4.710000E-04   1.0000E+06   2.1586E+19   5.0332E+13   4.9850E+13   1.0000E+06
   4.810000E-04   1.0000E+06   2.1586E+19   5.1403E+13   5.0911E+13   1.0000E+06
   4.910000E-04   1.0000E+06   2.1586E+19   5.2474E+13   5.1971E+13   1.0000E+06
   5.010000E-04   1.0000E+06   2.1586E+19   5.3545E+13   5.3032E+13   1.0000E+06
   5.110000E-04   1.0000E+06   2.1586E+19   5.4616E+13   5.4092E+13   1.0000E+06
   5.210000E-04   1.0000E+06   2.1586E+19   5.5687E+13   5.5153E+13   1.0000E+06
   5.310000E-04   1.0000E+06   2.1586E+19   5.6758E+13   5.6213E+13   1.0000E+06
   5.410000E-04   1.0000E+06   2.1586E+19   5.7828E+13   5.7274E+13   1.0000E+06
   5.510000E-04   1.0000E+06   2.1586E+19   5.8899E+13   5.8334E+13   1.0000E+06
   5.610000E-04   1.0000E+06   2.1586E+19   5.9970E+13   5.9395E+13   1.0000E+06
   5.710000E-04   1.0000E+06   2.1586E+19   6.1041E+13   6.0456E+13   1.0000E+06
   5.810000E-04   1.0000E+06   2.1586E+19   6.2112E+13   6.1516E+13   1.0000E+06
   5.910000E-04   1.0000E+06   2.1586E+19   6.3183E+13   6.2577E+13   1.0000E+06
   6.010000E-04   1.0000E+06   2.1586E+19   6.4254E+13   6.3637E+13   1.0000E+06
   6.110000E-04   1.0000E+06   2.1586E+19   6.5325E+13   6.4698E+13   1.0000E+06
   6.210000E-04   1.0000E+06   2.1586E+19   6.6395E+13   6.5758E+13   1.0000E+06
   6.310000E-04   1.0000E+06   2.1586E+19   6.7466E+13   6.6819E+13   1.0000E+06
   6.410000E-04   1.0000E+06   2.1586E+19   6.8537E+13   6.7879E+13   1.0000E+06
   6.510000E-04   1.0000E+06   2.1586E+19   6.9608E+13   6.8940E+13   1.0000E+06
   6.610000E-04   1.0000E+06   2.1586E+19   7.0679E+13   7.0000E+13   1.0000E+06
   6.710000E-04   1.0000E+06   2.1586E+19   7.1750E+13   7.1061E+13   1.0000E+06
   6.810000E-04   1.0000E+06   2.1586E+19   7.2821E+13   7.2121E+13   1.0000E+06
   6.910000E-04   1.0000E+06   2.1586E+19   7.3891E+13   7.3182E+13   1.0000E+06
   7.010000E-04   1.0000E+06   2.1586E+19   7.4962E+13   7.4242E+13   1.0000E+06
   7.110000E-04   1.0000E+06   2.1586E+19   7.6033E+13   7.5303E+13   1.0000E+06
   7.210000E-04   1.0000E+06   2.1586E+19   7.7104E+13   7.6363E+13   1.0000E+06
   7.310000E-04   1.0000E+06   2.1586E+19   7.8175E+13   7.7424E+13   1.0000E+06
   7.410000E-04   1.0000E+06   2.1586E+19   7.9246E+13   7.8484E+13   1.0000E+06
   7.510000E-04   1.0000E+06   2.1586E+19   8.0317E+13   7.9545E+13   1.0000E+06
   7.610000E-04   1.0000E+06   2.1586E+19   8.1387E+13   8.0605E+13   1.0000E+06
   7.710000E-04   1.0000E+06   2.1586E+19   8.2458E+13   8.1666E+13   1.0000E+06
   7.810000E-04   1.0000E+06   2.1586E+19   8.3529E+13   8.2726E+13   1.0000E+06
   7.910000E-04   1.0000E+06   2.1586E+19   8.4600E+13   8.3787E+13   1.0000E+06
   8.010000E-04   1.0000E+06   2.1586E+19   8.5671E+13   8.4847E+13   1.0000E+06
   8.110000E-04   1.0000E+06   2.1586E+19   8.6742E+13   8.5908E+13   1.0000E+06
   8.210000E-04   1.0000E+06   2.1586E+19   8.7813E+13   8.6968E+13   1.0000E+06
   8.310000E-04   1.0000E+06   2.1586E+19   8.8883E+13   8.8029E+13   1.0000E+06
   8.410000E-04   1.0000E+06   2.1586E+19   8.9954E+13   8.9089E+13   1.0000E+06
   8.510000E-04   1.0000E+06   2.1586E+19   9.1025E+13   9.0150E+13   1.0000E+06
   8.610000E-04   1.0000E+06   2.1586E+19   9.2096E+13   9.1210E+13   1.0000E+06
   8.710000E-04   1.0000E+06   2.1586E+19   9.3167E+13   9.2271E+13   1.0000E+06
   8.810000E-04   1.0000E+06   2.1586E+19   9.4238E+13   9.3331E+13   1.0000E+06
   8.910000E-04   1.0000E+06   2.1586E+19   9.5309E+13   9.4392E+13   1.0000E+06
   9.010000E-04   1.0000E+06   2.1586E+19   9.6379E+13   9.5452E+13   1.0000E+06
   9.110000E-04   1.0000E+06   2.1586E+19   9.7450E+13   9.6513E+13   1.0000E+06
   9.210000E-04   1.0000E+06   2.1586E+19   9.8521E+13   9.7573E+13   1.0000E+06
   9.310000E-04   1.0000E+06   2.1586E+19   9.9592E+13   9.8634E+13   1.0000E+06
   9.410000E-04   1.0000E+06   2.1586E+19   1.0066E+14   9.9694E+13   1.0000E+06
   9.510000E-04   1.0000E+06   2.1586E+19   1.0173E+14   1.0075E+14   1.0000E+06
   9.610000E-04   1.0000E+06   2.1586E+19   1.0280E+14   1.0182E+14   1.0000E+06
   9.710000E-04   1.0000E+06   2.1586E+19   1.0388E+14   1.0288E+14   1.0000E+06
   9.810000E-04   1.0000E+06   2.1586E+19   1.0495E+14   1.0394E+14   1.0000E+06
   9.910000E-04   1.0000E+06   2.1586E+19   1.0602E+14   1.0500E+14   1.0000E+06
   1.001000E-03   1.0000E+06   2.1586E+19   1.0709E+14   1.0606E+14   1.0000E+06
   1.101000E-03   1.0000E+06   2.1586E+19   1.1780E+14   1.1666E+14   1.0000E+06
   1.201000E-03   1.0000E+06   2.1585E+19   1.2851E+14   1.2727E+14   1.0000E+06
   1.301000E-03   1.0000E+06   2.1585E+19   1.3921E+14   1.3787E+14   1.0000E+06
   1.401000E-03   1.0000E+06   2.1585E+19   1.4992E+14   1.4848E+14   1.0000E+06
   1.501000E-03   1.0000E+06   2.1585E+19   1.6063E+14   1.5908E+14   1.0000E+06
   1.601000E-03   1.0000E+06   2.1585E+19   1.7134E+14   1.6969E+14   1.0000E+06
   1.701000E-03   1.0000E+06   2.1585E+19   1.8205E+14   1.8029E+14   1.0000E+06
   1.801000E-03   1.0000E+06   2.1585E+19   1.9276E+14   1.9090E+14   1.0000E+06
   1.901000E-03   1.0000E+06   2.1585E+19   2.0346E+14   2.0150E+14   1.0000E+06
   2.001000E-03   1.0000E+06   2.1585E+19   2.1417E+14   2.1211E+14   1.0000E+06
   2.101000E-03   1.0000E+06   2.1585E+19   2.2488E+14   2.2271E+14   1.0000E+06
   2.201000E-03   1.0000E+06   2.1585E+19   2.3559E+14   2.3332E+14   1.0000E+06
   2.301000E-03   1.0000E+06   2.1585E+19   2.4630E+14   2.4392E+14   1.0000E+06
   2.401000E-03   1.0000E+06   2.1585E+19   2.5701E+14   2.5453E+14   1.0000E+06
   2.501000E-03   1.0000E+06   2.1585E+19   2.6771E+14   2.6513E+14   1.0000E+06
   2.601000E-03   1.0000E+06   2.1585E+19   2.7842E+14   2.7573E+14   1.0000E+06
   2.701000E-03   1.0000E+06   2.1585E+19   2.8913E+14   2.8634E+14   1.0000E+06
   2.801000E-03   1.0000E+06   2.1585E+19   2.9984E+14   2.9694E+14   1.0000E+06
   2.901000E-03   1.0000E+06   2.1585E+19   3.1055E+14   3.0755E+14   1.0000E+06
   3.001000E-03   1.0000E+06   2.1585E+19   3.2126E+14   3.1815E+14   1.0000E+06
   3.101000E-03   1.0000E+06   2.1585E+19   3.3196E+14   3.2876E+14   1.0000E+06
   3.201000E-03   1.0000E+06   2.1585E+19   3.4267E+14   3.3936E+14   1.0000E+06
   3.301000E-03   1.0000E+06   2.1585E+19   3.5338E+14   3.4997E+14   1.0000E+06
   3.401000E-03   1.0000E+06   2.1585E+19   3.6409E+14   3.6057E+14   1.0000E+06
   3.501000E-03   1.0000E+06   2.1585E+19   3.7480E+14   3.7118E+14   1.0000E+06
   3.601000E-03   1.0000E+06   2.1585E+19   3.8551E+14   3.8178E+14   1.0000E+06
   3.701000E-03   1.0000E+06   2.1585E+19   3.9621E+14   3.9239E+14   1.0000E+06
   3.801000E-03   1.0000E+06   2.1585E+19   4.0692E+14   4.0299E+14   1.0000E+06
   3.901000E-03   1.0000E+06   2.1585E+19   4.1763E+14   4.1360E+14   1.0000E+06
   4.001000E-03   1.0000E+06   2.1585E+19   4.2834E+14   4.2420E+14   1.0000E+06
   4.101000E-03   1.0000E+06   2.1585E+19   4.3905E+14   4.3480E+14   1.0000E+06
   4.201000E-03   1.0000E+06   2.1585E+19   4.4975E+14   4.4541E+14   1.0000E+06
   4.301000E-03   1.0000E+06   2.1585E+19   4.6046E+14   4.5601E+14   1.0000E+06
   4.401000E-03   1.0000E+06   2.1585E+19   4.7117E+14   4.6662E+14   1.0000E+06
   4.501000E-03   1.0000E+06   2.1585E+19   4.8188E+14   4.7722E+14   1.0000E+06
   4.601000E-03   1.0000E+06   2.1585E+19   4.9259E+14   4.8783E+14   1.0000E+06
   4.701000E-03   1.0000E+06   2.1585E+19   5.0329E+14   4.9843E+14   1.0000E+06
   4.801000E-03   1.0000E+06   2.1585E+19   5.1400E+14   5.0904E+14   1.0000E+06
   4.901000E-03   1.0000E+06   2.1585E+19   5.2471E+14   5.1964E+14   1.0000E+06
   5.001000E-03   1.0000E+06   2.1585E+19   5.3542E+14   5.3024E+14   1.0000E+06
   5.101000E-03   1.0000E+06   2.1585E+19   5.4613E+14   5.4085E+14   1.0000E+06
   5.201000E-03   1.0000E+06   2.1585E+19   5.5683E+14   5.5145E+14   1.0000E+06
   5.301000E-03   1.0000E+06   2.1585E+19   5.6754E+14   5.6206E+14   1.0000E+06
   5.401000E-03   1.0000E+06   2.1585E+19   5.7825E+14   5.7266E+14   1.0000E+06
   5.501000E-03   1.0000E+06   2.1585E+19   5.8896E+14   5.8327E+14   1.0000E+06
   5.601000E-03   1.0000E+06   2.1585E+19   5.9967E+14   5.9387E+14   1.0000E+06
   5.701000E-03   1.0000E+06   2.1585E+19   6.1037E+14   6.0447E+14   1.0000E+06
   5.801000E-03   1.0000E+06   2.1585E+19   6.2108E+14   6.1508E+14   1.0000E+06
   5.901000E-03   1.0000E+06   2.1584E+19   6.3179E+14   6.2568E+14   1.0000E+06
   6.001000E-03   1.0000E+06   2.1584E+19   6.4250E+14   6.3629E+14   1.0000E+06
   6.101000E-03   1.0000E+06   2.1584E+19   6.5320E+14   6.4689E+14   1.0000E+06
   6.201000E-03   1.0000E+06   2.1584E+19   6.6391E+14   6.5750E+14   1.0000E+06
   6.301000E-03   1.0000E+06   2.1584E+19   6.7462E+14   6.6810E+14   1.0000E+06
   6.401000E-03   1.0000E+06   2.1584E+19   6.8533E+14   6.7870E+14   1.0000E+06
   6.501000E-03   1.0000E+06   2.1584E+19   6.9603E+14   6.8931E+14   1.0000E+06
   6.601000E-03   1.0000E+06   2.1584E+19   7.0674E+14   6.9991E+14   1.0000E+06
   6.701000E-03   1.0000E+06   2.1584E+19   7.1745E+14   7.1052E+14   1.0000E+06
   6.801000E-03   1.0000E+06   2.1584E+19   7.2816E+14   7.2112E+14   1.0000E+06
   6.901000E-03   1.0000E+06   2.1584E+19   7.3887E+14   7.3172E+14   1.0000E+06
   7.001000E-03   1.0000E+06   2.1584E+19   7.4957E+14   7.4233E+14   1.0000E+06
   7.101000E-03   1.0000E+06   2.1584E+19   7.6028E+14   7.5293E+14   1.0000E+06
   7.201000E-03   1.0000E+06   2.1584E+19   7.7099E+14   7.6354E+14   1.0000E+06
   7.301000E-03   1.0000E+06   2.1584E+19   7.8170E+14   7.7414E+14   1.0000E+06
   7.401000E-03   1.0000E+06   2.1584E+19   7.9240E+14   7.8474E+14   1.0000E+06
   7.501000E-03   1.0000E+06   2.1584E+19   8.0311E+14   7.9535E+14   1.0000E+06
   7.601000E-03   1.0000E+06   2.1584E+19   8.1382E+14   8.0595E+14   1.0000E+06
   7.701000E-03   1.0000E+06   2.1584E+19   8.2453E+14   8.1656E+14   1.0000E+06
   7.801000E-03   1.0000E+06   2.1584E+19   8.3523E+14   8.2716E+14   1.0000E+06
   7.901000E-03   1.0000E+06   2.1584E+19   8.4594E+14   8.3776E+14   1.0000E+06
   8.001000E-03   1.0000E+06   2.1584E+19   8.5665E+14   8.4837E+14   1.0000E+06
   8.101000E-03   1.0000E+06   2.1584E+19   8.6736E+14   8.5897E+14   1.0000E+06
   8.201000E-03   1.0000E+06   2.1584E+19   8.7806E+14   8.6958E+14   1.0000E+06
   8.301000E-03   1.0000E+06   2.1584E+19   8.8877E+14   8.8018E+14   1.0000E+06
   8.401000E-03   1.0000E+06   2.1584E+19   8.9948E+14   8.9078E+14   1.0000E+06
   8.501000E-03   1.0000E+06   2.1584E+19   9.1019E+14   9.0139E+14   1.0000E+06
   8.601000E-03   1.0000E+06   2.1584E+19   9.2089E+14   9.1199E+14   1.0000E+06
   8.701000E-03   1.0000E+06   2.1584E+19   9.3160E+14   9.2259E+14   1.0000E+06
   8.801000E-03   1.0000E+06   2.1584E+19   9.4231E+14   9.3320E+14   1.0000E+06
   8.901000E-03   1.0000E+06   2.1584E+19   9.5301E+14   9.4380E+14   1.0000E+06
   9.001000E-03   1.0000E+06   2.1584E+19   9.6372E+14   9.5441E+14   1.0000E+06
   9.101000E-03   1.0000E+06   2.1584E+19   9.7443E+14   9.6501E+14   1.0000E+06
   9.201000E-03   1.0000E+06   2.1584E+19   9.8514E+14   9.7561E+14   1.0000E+06
   9.301000E-03   1.0000E+06   2.1584E+19   9.9584E+14   9.8622E+14   1.0000E+06
   9.401000E-03   1.0000E+06   2.1584E+19   1.0066E+15   9.9682E+14   1.0000E+06
   9.501000E-03   1.0000E+06   2.1584E+19   1.0173E+15   1.0074E+15   1.0000E+06
   9.601000E-03   1.0000E+06   2.1584E+19   1.0280E+15   1.0180E+15   1.0000E+06
   9.701000E-03   1.0000E+06   2.1584E+19   1.0387E+15   1.0286E+15   1.0000E+06
   9.801000E-03   1.0000E+06   2.1584E+19   1.0494E+15   1.0392E+15   1.0000E+06
   9.901000E-03   1.0000E+06   2.1584E+19   1.0601E+15   1.0498E+15   1.0000E+06
   1.000100E-02   1.0000E+06   2.1584E+19   1.0708E+15   1.0604E+15   1.0000E+06
   1.100100E-02   1.0000E+06   2.1583E+19   1.1779E+15   1.1665E+15   1.0000E+06
   1.200100E-02   1.0000E+06   2.1583E+19   1.2849E+15   1.2725E+15   1.0000E+06
   1.300100E-02   1.0000E+06   2.1583E+19   1.3920E+15   1.3785E+15   1.0000E+06
   1.400100E-02   1.0000E+06   2.1583E+19   1.4991E+15   1.4846E+15   1.0000E+06
   1.500100E-02   1.0000E+06   2.1583E+19   1.6061E+15   1.5906E+15   1.0000E+06
   1.600100E-02   1.0000E+06   2.1582E+19   1.7132E+15   1.6966E+15   1.0000E+06
   1.700100E-02   1.0000E+06   2.1582E+19   1.8203E+15   1.8027E+15   1.0000E+06
   1.800100E-02   1.0000E+06   2.1582E+19   1.9273E+15   1.9087E+15   1.0000E+06
   1.900100E-02   1.0000E+06   2.1582E+19   2.0344E+15   2.0147E+15   1.0000E+06
   2.000100E-02   1.0000E+06   2.1581E+19   2.1414E+15   2.1207E+15   1.0000E+06
   2.100100E-02   1.0000E+06   2.1581E+19   2.2485E+15   2.2267E+15   1.0000E+06
   2.200100E-02   1.0000E+06   2.1581E+19   2.3555E+15   2.3328E+15   1.0000E+06
   2.300100E-02   1.0000E+06   2.1581E+19   2.4626E+15   2.4388E+15   1.0000E+06
   2.400100E-02   1.0000E+06   2.1581E+19   2.5696E+15   2.5448E+15   1.0000E+06
   2.500100E-02   1.0000E+06   2.1580E+19   2.6767E+15   2.6508E+15   1.0000E+06
   2.600100E-02   1.0000E+06   2.1580E+19   2.7837E+15   2.7568E+15   1.0000E+06
   2.700100E-02   1.0000E+06   2.1580E+19   2.8908E+15   2.8628E+15   1.0000E+06
   2.800100E-02   1.0000E+06   2.1580E+19   2.9978E+15   2.9688E+15   1.0000E+06
   2.900100E-02   1.0000E+06   2.1580E+19   3.1049E+15   3.0749E+15   1.0000E+06
   3.000100E-02   1.0000E+06   2.1579E+19   3.2119E+15   3.1809E+15   1.0000E+06
   3.100100E-02   1.0000E+06   2.1579E+19   3.3190E+15   3.2869E+15   1.0000E+06
   3.200100E-02   1.0000E+06   2.1579E+19   3.4260E+15   3.3929E+15   1.0000E+06
   3.300100E-02   1.0000E+06   2.1579E+19   3.5331E+15   3.4989E+15   1.0000E+06
   3.400100E-02   1.0000E+06   2.1579E+19   3.6401E+15   3.6049E+15   1.0000E+06
   3.500100E-02   1.0000E+06   2.1578E+19   3.7471E+15   3.7110E+15   1.0000E+06
   3.600100E-02   1.0000E+06   2.1578E+19   3.8542E+15   3.8170E+15   1.0000E+06
   3.700100E-02   1.0000E+06   2.1578E+19   3.9612E+15   3.9230E+15   1.0000E+06
   3.800100E-02   1.0000E+06   2.1578E+19   4.0683E+15   4.0290E+15   1.0000E+06
   3.900100E-02   1.0000E+06   2.1577E+19   4.1753E+15   4.1350E+15   1.0000E+06
   4.000100E-02   1.0000E+06   2.1577E+19   4.2823E+15   4.2410E+15   1.0000E+06
   4.100100E-02   1.0000E+06   2.1577E+19   4.3894E+15   4.3470E+15   1.0000E+06
   4.200100E-02   1.0000E+06   2.1577E+19   4.4964E+15   4.4530E+15   1.0000E+06
   4.300100E-02   1.0000E+06   2.1577E+19   4.6034E+15   4.5590E+15   1.0000E+06
   4.400100E-02   1.0000E+06   2.1576E+19   4.7104E+15   4.6650E+15   1.0000E+06
   4.500100E-02   1.0000E+06   2.1576E+19   4.8175E+15   4.7710E+15   1.0000E+06
   4.600100E-02   1.0000E+06   2.1576E+19   4.9245E+15   4.8770E+15   1.0000E+06
   4.700100E-02   1.0000E+06   2.1576E+19   5.0315E+15   4.9830E+15   1.0000E+06
   4.800100E-02   1.0000E+06   2.1576E+19   5.1385E+15   5.0890E+15   1.0000E+06
   4.900100E-02   1.0000E+06   2.1575E+19   5.2456E+15   5.1950E+15   1.0000E+06
   5.000100E-02   1.0000E+06   2.1575E+19   5.3526E+15   5.3010E+15   1.0000E+06
   5.100100E-02   1.0000E+06   2.1575E+19   5.4596E+15   5.4070E+15   1.0000E+06
   5.200100E-02   1.0000E+06   2.1575E+19   5.5666E+15   5.5129E+15   1.0000E+06
   5.300100E-02   1.0000E+06   2.1574E+19   5.6736E+15   5.6189E+15   1.0000E+06
   5.400100E-02   1.0000E+06   2.1574E+19   5.7806E+15   5.7249E+15   1.0000E+06
   5.500100E-02   1.0000E+06   2.1574E+19   5.8876E+15   5.8309E+15   1.0000E+06
   5.600100E-02   1.0000E+06   2.1574E+19   5.9947E+15   5.9369E+15   1.0000E+06
   5.700100E-02   1.0000E+06   2.1574E+19   6.1017E+15   6.0429E+15   1.0000E+06
   5.800100E-02   1.0000E+06   2.1573E+19   6.2087E+15   6.1488E+15   1.0000E+06
   5.900100E-02   1.0000E+06   2.1573E+19   6.3157E+15   6.2548E+15   1.0000E+06
   6.000100E-02   1.0000E+06   2.1573E+19   6.4227E+15   6.3608E+15   1.0000E+06
   6.100100E-02   1.0000E+06   2.1573E+19   6.5297E+15   6.4668E+15   1.0000E+06
   6.200100E-02   1.0000E+06   2.1573E+19   6.6367E+15   6.5727E+15   1.0000E+06
   6.300100E-02   1.0000E+06   2.1572E+19   6.7437E+15   6.6787E+15   1.0000E+06
   6.400100E-02   1.0000E+06   2.1572E+19   6.8507E+15   6.7847E+15   1.0000E+06
   6.500100E-02   1.0000E+06   2.1572E+19   6.9577E+15   6.8906E+15   1.0000E+06
   6.600100E-02   1.0000E+06   2.1572E+19   7.0647E+15   6.9966E+15   1.0000E+06
   6.700100E-02   1.0000E+06   2.1571E+19   7.1716E+15   7.1026E+15   1.0000E+06
   6.800100E-02   1.0000E+06   2.1571E+19   7.2786E+15   7.2085E+15   1.0000E+06
   6.900100E-02   1.0000E+06   2.1571E+19   7.3856E+15   7.3145E+15   1.0000E+06
   7.000100E-02   1.0000E+06   2.1571E+19   7.4926E+15   7.4204E+15   1.0000E+06
   7.100100E-02   1.0000E+06   2.1571E+19   7.5996E+15   7.5264E+15   1.0000E+06
   7.200100E-02   1.0000E+06   2.1570E+19   7.7066E+15   7.6324E+15   1.0000E+06
   7.300100E-02   1.0000E+06   2.1570E+19   7.8135E+15   7.7383E+15   1.0000E+06
   7.400100E-02   1.0000E+06   2.1570E+19   7.9205E+15   7.8443E+15   1.0000E+06
   7.500100E-02   1.0000E+06   2.1570E+19   8.0275E+15   7.9502E+15   1.0000E+06
   7.600100E-02   1.0000E+06   2.1570E+19   8.1345E+15   8.0562E+15   1.0000E+06
   7.700100E-02   1.0000E+06   2.1569E+19   8.2415E+15   8.1621E+15   1.0000E+06
   7.800100E-02   1.0000E+06   2.1569E+19   8.3484E+15   8.2681E+15   1.0000E+06
   7.900100E-02   1.0000E+06   2.1569E+19   8.4554E+15   8.3740E+15   1.0000E+06
   8.000100E-02   1.0000E+06   2.1569E+19   8.5624E+15   8.4800E+15   1.0000E+06
   8.100100E-02   1.0000E+06   2.1568E+19   8.6693E+15   8.5859E+15   1.0000E+06
   8.200100E-02   1.0000E+06   2.1568E+19   8.7763E+15   8.6918E+15   1.0000E+06
   8.300100E-02   1.0000E+06   2.1568E+19   8.8833E+15   8.7978E+15   1.0000E+06
   8.400100E-02   1.0000E+06   2.1568E+19   8.9902E+15   8.9037E+15   1.0000E+06
   8.500100E-02   1.0000E+06   2.1568E+19   9.0972E+15   9.0096E+15   1.0000E+06
   8.600100E-02   1.0000E+06   2.1567E+19   9.2042E+15   9.1156E+15   1.0000E+06
   8.700100E-02   1.0000E+06   2.1567E+19   9.3111E+15   9.2215E+15   1.0000E+06
   8.800100E-02   1.0000E+06   2.1567E+19   9.4181E+15   9.3274E+15   1.0000E+06
   8.900100E-02   1.0000E+06   2.1567E+19   9.5250E+15   9.4334E+15   1.0000E+06
   9.000100E-02   1.0000E+06   2.1567E+19   9.6320E+15   9.5393E+15   1.0000E+06
   9.100100E-02   1.0000E+06   2.1566E+19   9.7389E+15   9.6452E+15   1.0000E+06
   9.200100E-02   1.0000E+06   2.1566E+19   9.8459E+15   9.7511E+15   1.0000E+06
   9.300100E-02   1.0000E+06   2.1566E+19   9.9528E+15   9.8571E+15   1.0000E+06
   9.400100E-02   1.0000E+06   2.1566E+19   1.0060E+16   9.9630E+15   1.0000E+06
   9.500100E-02   1.0000E+06   2.1566E+19   1.0167E+16   1.0069E+16   1.0000E+06
   9.600100E-02   1.0000E+06   2.1565E+19   1.0274E+16   1.0175E+16   1.0000E+06
   9.700100E-02   1.0000E+06   2.1565E+19   1.0381E+16   1.0281E+16   1.0000E+06
   9.800100E-02   1.0000E+06   2.1565E+19   1.0488E+16   1.0387E+16   1.0000E+06
   9.900100E-02   1.0000E+06   2.1565E+19   1.0594E+16   1.0493E+16   1.0000E+06
   1.000010E-01   1.0000E+06   2.1564E+19   1.0701E+16   1.0598E+16   1.0000E+06
   1.100010E-01   1.0000E+06   2.1562E+19   1.1771E+16   1.1658E+16   1.0000E+06
   1.200010E-01   1.0000E+06   2.1560E+19   1.2840E+16   1.2716E+16   1.0000E+06
   1.300010E-01   1.0000E+06   2.1558E+19   1.3909E+16   1.3775E+16   1.0000E+06
   1.400010E-01   1.0000E+06   2.1556E+19   1.4978E+16   1.4834E+16   1.0000E+06
   1.500010E-01   1.0000E+06   2.1554E+19   1.6046E+16   1.5892E+16   1.0000E+06
   1.600010E-01   1.0000E+06   2.1552E+19   1.7115E+16   1.6950E+16   1.0000E+06
   1.700010E-01   1.0000E+06   2.1550E+19   1.8183E+16   1.8009E+16   1.0000E+06
   1.800010E-01   1.0000E+06   2.1547E+19   1.9251E+16   1.9067E+16   1.0000E+06
   1.900010E-01   1.0000E+06   2.1545E+19   2.0319E+16   2.0125E+16   1.0000E+06
   2.000010E-01   1.0000E+06   2.1543E+19   2.1387E+16   2.1182E+16   1.0000E+06
   2.100010E-01   1.0000E+06   2.1541E+19   2.2455E+16   2.2240E+16   1.0000E+06
   2.200010E-01   1.0000E+06   2.1539E+19   2.3523E+16   2.3298E+16   1.0000E+06
   2.300010E-01   1.0000E+06   2.1537E+19   2.4590E+16   2.4355E+16   1.0000E+06
   2.400010E-01   1.0000E+06   2.1535E+19   2.5658E+16   2.5412E+16   1.0000E+06
   2.500010E-01   1.0000E+06   2.1533E+19   2.6725E+16   2.6469E+16   1.0000E+06
   2.600010E-01   1.0000E+06   2.1530E+19   2.7792E+16   2.7526E+16   1.0000E+06
   2.700010E-01   1.0000E+06   2.1528E+19   2.8858E+16   2.8583E+16   1.0000E+06
   2.800010E-01   1.0000E+06   2.1526E+19   2.9925E+16   2.9639E+16   1.0000E+06
   2.900010E-01   1.0000E+06   2.1524E+19   3.0992E+16   3.0696E+16   1.0000E+06
   3.000010E-01   1.0000E+06   2.1522E+19   3.2058E+16   3.1752E+16   1.0000E+06
   3.100010E-01   1.0000E+06   2.1520E+19   3.3124E+16   3.2808E+16   1.0000E+06
   3.200010E-01   1.0000E+06   2.1518E+19   3.4190E+16   3.3864E+16   1.0000E+06
   3.300010E-01   1.0000E+06   2.1516E+19   3.5256E+16   3.4920E+16   1.0000E+06
   3.400010E-01   1.0000E+06   2.1513E+19   3.6322E+16   3.5976E+16   1.0000E+06
   3.500010E-01   1.0000E+06   2.1511E+19   3.7387E+16   3.7031E+16   1.0000E+06
   3.600010E-01   1.0000E+06   2.1509E+19   3.8453E+16   3.8087E+16   1.0000E+06
   3.700010E-01   1.0000E+06   2.1507E+19   3.9518E+16   3.9142E+16   1.0000E+06
   3.800010E-01   1.0000E+06   2.1505E+19   4.0583E+16   4.0197E+16   1.0000E+06
   3.900010E-01   1.0000E+06   2.1503E+19   4.1648E+16   4.1252E+16   1.0000E+06
   4.000010E-01   1.0000E+06   2.1501E+19   4.2713E+16   4.2307E+16   1.0000E+06
   4.100010E-01   1.0000E+06   2.1499E+19   4.3778E+16   4.3362E+16   1.0000E+06
   4.200010E-01   1.0000E+06   2.1496E+19   4.4842E+16   4.4416E+16   1.0000E+06
   4.300010E-01   1.0000E+06   2.1494E+19   4.5907E+16   4.5470E+16   1.0000E+06
   4.400010E-01   1.0000E+06   2.1492E+19   4.6971E+16   4.6525E+16   1.0000E+06
   4.500010E-01   1.0000E+06   2.1490E+19   4.8035E+16   4.7579E+16   1.0000E+06
   4.600010E-01   1.0000E+06   2.1488E+19   4.9099E+16   4.8633E+16   1.0000E+06
   4.700010E-01   1.0000E+06   2.1486E+19   5.0163E+16   4.9687E+16   1.0000E+06
   4.800010E-01   1.0000E+06   2.1484E+19   5.1226E+16   5.0740E+16   1.0000E+06
   4.900010E-01   1.0000E+06   2.1482E+19   5.2290E+16   5.1794E+16   1.0000E+06
   5.000010E-01   1.0000E+06   2.1480E+19   5.3353E+16   5.2847E+16   1.0000E+06
   5.100010E-01   1.0000E+06   2.1477E+19   5.4416E+16   5.3901E+16   1.0000E+06
   5.200010E-01   1.0000E+06   2.1475E+19   5.5479E+16   5.4954E+16   1.0000E+06
   5.300010E-01   1.0000E+06   2.1473E+19   5.6542E+16   5.6007E+16   1.0000E+06
   5.400010E-01   1.0000E+06   2.1471E+19   5.7605E+16   5.7060E+16   1.0000E+06
   5.500010E-01   1.0000E+06   2.1469E+19   5.8667E+16   5.8112E+16   1.0000E+06
   5.600010E-01   1.0000E+06   2.1467E+19   5.9730E+16   5.9165E+16   1.0000E+06
   5.700010E-01   1.0000E+06   2.1465E+19   6.0792E+16   6.0217E+16   1.0000E+06
   5.800010E-01   1.0000E+06   2.1463E+19   6.1854E+16   6.1270E+16   1.0000E+06
   5.900010E-01   1.0000E+06   2.1461E+19   6.2916E+16   6.2322E+16   1.0000E+06
   6.000010E-01   1.0000E+06   2.1458E+19   6.3978E+16   6.3374E+16   1.0000E+06
   6.100010E-01   1.0000E+06   2.1456E+19   6.5039E+16   6.4426E+16   1.0000E+06
   6.200010E-01   1.0000E+06   2.1454E+19   6.6101E+16   6.5477E+16   1.0000E+06
   6.300010E-01   1.0000E+06   2.1452E+19   6.7162E+16   6.6529E+16   1.0000E+06
   6.400010E-01   1.0000E+06   2.1450E+19   6.8223E+16   6.7580E+16   1.0000E+06
   6.500010E-01   1.0000E+06   2.1448E+19   6.9284E+16   6.8632E+16   1.0000E+06
   6.600010E-01   1.0000E+06   2.1446E+19   7.0345E+16   6.9683E+16   1.0000E+06
   6.700010E-01   1.0000E+06   2.1444E+19   7.1406E+16   7.0734E+16   1.0000E+06
   6.800010E-01   1.0000E+06   2.1441E+19   7.2466E+16   7.1785E+16   1.0000E+06
   6.900010E-01   1.0000E+06   2.1439E+19   7.3527E+16   7.2835E+16   1.0000E+06
   7.000010E-01   1.0000E+06   2.1437E+19   7.4587E+16   7.3886E+16   1.0000E+06
   7.100010E-01   1.0000E+06   2.1435E+19   7.5647E+16   7.4936E+16   1.0000E+06
   7.200010E-01   1.0000E+06   2.1433E+19   7.6707E+16   7.5987E+16   1.0000E+06
   7.300010E-01   1.0000E+06   2.1431E+19   7.7767E+16   7.7037E+16   1.0000E+06
   7.400010E-01   1.0000E+06   2.1429E+19   7.8827E+16   7.8087E+16   1.0000E+06
   7.500010E-01   1.0000E+06   2.1427E+19   7.9886E+16   7.9137E+16   1.0000E+06
   7.600010E-01   1.0000E+06   2.1425E+19   8.0945E+16   8.0186E+16   1.0000E+06
   7.700010E-01   1.0000E+06   2.1423E+19   8.2005E+16   8.1236E+16   1.0000E+06
   7.800010E-01   1.0000E+06   2.1420E+19   8.3064E+16   8.2285E+16   1.0000E+06
   7.900010E-01   1.0000E+06   2.1418E+19   8.4123E+16   8.3335E+16   1.0000E+06
   8.000010E-01   1.0000E+06   2.1416E+19   8.5181E+16   8.4384E+16   1.0000E+06
   8.100010E-01   1.0000E+06   2.1414E+19   8.6240E+16   8.5433E+16   1.0000E+06
   8.200010E-01   1.0000E+06   2.1412E+19   8.7298E+16   8.6482E+16   1.0000E+06
   8.300010E-01   1.0000E+06   2.1410E+19   8.8357E+16   8.7531E+16   1.0000E+06
   8.400010E-01   1.0000E+06   2.1408E+19   8.9415E+16   8.8579E+16   1.0000E+06
   8.500010E-01   1.0000E+06   2.1406E+19   9.0473E+16   8.9628E+16   1.0000E+06
   8.600010E-01   1.0000E+06   2.1404E+19   9.1531E+16   9.0676E+16   1.0000E+06
   8.700010E-01   1.0000E+06   2.1401E+19   9.2588E+16   9.1724E+16   1.0000E+06
   8.800010E-01   1.0000E+06   2.1399E+19   9.3646E+16   9.2772E+16   1.0000E+06
   8.900010E-01   1.0000E+06   2.1397E+19   9.4703E+16   9.3820E+16   1.0000E+06
   9.000010E-01   1.0000E+06   2.1395E+19   9.5761E+16   9.4868E+16   1.0000E+06
   9.100010E-01   1.0000E+06   2.1393E+19   9.6818E+16   9.5915E+16   1.0000E+06
   9.200010E-01   1.0000E+06   2.1391E+19   9.7875E+16   9.6963E+16   1.0000E+06
   9.300010E-01   1.0000E+06   2.1389E+19   9.8931E+16   9.8010E+16   1.0000E+06
   9.400010E-01   1.0000E+06   2.1387E+19   9.9988E+16   9.9057E+16   1.0000E+06
   9.500010E-01   1.0000E+06   2.1385E+19   1.0104E+17   1.0010E+17   1.0000E+06
   9.600010E-01   1.0000E+06   2.1382E+19   1.0210E+17   1.0115E+17   1.0000E+06
   9.700010E-01   1.0000E+06   2.1380E+19   1.0316E+17   1.0220E+17   1.0000E+06
   9.800010E-01   1.0000E+06   2.1378E+19   1.0421E+17   1.0324E+17   1.0000E+06
   9.900010E-01   1.0000E+06   2.1376E+19   1.0527E+17   1.0429E+17   1.0000E+06
   1.100001E+00   1.0000E+06   2.1353E+19   1.1687E+17   1.1579E+17   1.0000E+06
   1.200001E+00   1.0000E+06   2.1332E+19   1.2741E+17   1.2623E+17   1.0000E+06
   1.300001E+00   1.0000E+06   2.1311E+19   1.3793E+17   1.3666E+17   1.0000E+06
   1.400001E+00   1.0000E+06   2.1290E+19   1.4843E+17   1.4707E+17   1.0000E+06
   1.500001E+00   1.0000E+06   2.1269E+19   1.5892E+17   1.5747E+17   1.0000E+06
   1.600001E+00   1.0000E+06   2.1248E+19   1.6939E+17   1.6786E+17   1.0000E+06
   1.700001E+00   1.0000E+06   2.1228E+19   1.7985E+17   1.7823E+17   1.0000E+06
   1.800001E+00   1.0000E+06   2.1207E+19   1.9029E+17   1.8859E+17   1.0000E+06
   1.900001E+00   1.0000E+06   2.1186E+19   2.0072E+17   1.9893E+17   1.0000E+06
   2.000001E+00   1.0000E+06   2.1165E+19   2.1114E+17   2.0926E+17   1.0000E+06
   2.100001E+00   1.0000E+06   2.1145E+19   2.2153E+17   2.1957E+17   1.0000E+06
   2.200001E+00   1.0000E+06   2.1124E+19   2.3192E+17   2.2987E+17   1.0000E+06
   2.300001E+00   1.0000E+06   2.1103E+19   2.4229E+17   2.4016E+17   1.0000E+06
   2.400001E+00   1.0000E+06   2.1083E+19   2.5264E+17   2.5043E+17   1.0000E+06
   2.500001E+00   1.0000E+06   2.1062E+19   2.6298E+17   2.6069E+17   1.0000E+06
   2.600001E+00   1.0000E+06   2.1042E+19   2.7330E+17   2.7093E+17   1.0000E+06
   2.700001E+00   1.0000E+06   2.1021E+19   2.8361E+17   2.8117E+17   1.0000E+06
   2.800001E+00   1.0000E+06   2.1000E+19   2.9391E+17   2.9138E+17   1.0000E+06
   2.900001E+00   1.0000E+06   2.0980E+19   3.0419E+17   3.0159E+17   1.0000E+06
   3.000001E+00   1.0000E+06   2.0960E+19   3.1445E+17   3.1178E+17   1.0000E+06
   3.100001E+00   1.0000E+06   2.0939E+19   3.2470E+17   3.2195E+17   1.0000E+06
   3.200001E+00   1.0000E+06   2.0919E+19   3.3494E+17   3.3211E+17   1.0000E+06
   3.300001E+00   1.0000E+06   2.0898E+19   3.4516E+17   3.4226E+17   1.0000E+06
   3.400001E+00   1.0000E+06   2.0878E+19   3.5537E+17   3.5240E+17   1.0000E+06
   3.500001E+00   1.0000E+06   2.0858E+19   3.6556E+17   3.6252E+17   1.0000E+06
   3.600001E+00   1.0000E+06   2.0837E+19   3.7574E+17   3.7262E+17   1.0000E+06
   3.700001E+00   1.0000E+06   2.0817E+19   3.8590E+17   3.8272E+17   1.0000E+06
   3.800001E+00   1.0000E+06   2.0797E+19   3.9605E+17   3.9280E+17   1.0000E+06
   3.900001E+00   1.0000E+06   2.0777E+19   4.0618E+17   4.0286E+17   1.0000E+06
   4.000001E+00   1.0000E+06   2.0757E+19   4.1630E+17   4.1291E+17   1.0000E+06
   4.100001E+00   1.0000E+06   2.0736E+19   4.2640E+17   4.2295E+17   1.0000E+06
   4.200001E+00   1.0000E+06   2.0716E+19   4.3649E+17   4.3298E+17   1.0000E+06
   4.300001E+00   1.0000E+06   2.0696E+19   4.4657E+17   4.4299E+17   1.0000E+06
   4.400001E+00   1.0000E+06   2.0676E+19   4.5663E+17   4.5298E+17   1.0000E+06
   4.500001E+00   1.0000E+06   2.0656E+19   4.6667E+17   4.6297E+17   1.0000E+06
   4.600001E+00   1.0000E+06   2.0636E+19   4.7670E+17   4.7294E+17   1.0000E+06
   4.700001E+00   1.0000E+06   2.0616E+19   4.8672E+17   4.8289E+17   1.0000E+06
   4.800001E+00   1.0000E+06   2.0596E+19   4.9672E+17   4.9284E+17   1.0000E+06
   4.900001E+00   1.0000E+06   2.0576E+19   5.0671E+17   5.0276E+17   1.0000E+06
   5.000001E+00   1.0000E+06   2.0556E+19   5.1668E+17   5.1268E+17   1.0000E+06
   5.100001E+00   1.0000E+06   2.0537E+19   5.2664E+17   5.2258E+17   1.0000E+06
   5.200001E+00   1.0000E+06   2.0517E+19   5.3659E+17   5.3247E+17   1.0000E+06
   5.300001E+00   1.0000E+06   2.0497E+19   5.4652E+17   5.4234E+17   1.0000E+06
   5.400001E+00   1.0000E+06   2.0477E+19   5.5643E+17   5.5220E+17   1.0000E+06
   5.500001E+00   1.0000E+06   2.0457E+19   5.6633E+17   5.6205E+17   1.0000E+06
   5.600001E+00   1.0000E+06   2.0438E+19   5.7622E+17   5.7188E+17   1.0000E+06
   5.700001E+00   1.0000E+06   2.0418E+19   5.8609E+17   5.8170E+17   1.0000E+06
   5.800001E+00   1.0000E+06   2.0398E+19   5.9595E+17   5.9151E+17   1.0000E+06
   5.900001E+00   1.0000E+06   2.0379E+19   6.0580E+17   6.0130E+17   1.0000E+06
   6.000001E+00   1.0000E+06   2.0359E+19   6.1563E+17   6.1108E+17   1.0000E+06
   6.100001E+00   1.0000E+06   2.0339E+19   6.2544E+17   6.2085E+17   1.0000E+06
   6.200001E+00   1.0000E+06   2.0320E+19   6.3524E+17   6.3060E+17   1.0000E+06
   6.300001E+00   1.0000E+06   2.0300E+19   6.4503E+17   6.4034E+17   1.0000E+06
   6.400001E+00   1.0000E+06   2.0281E+19   6.5480E+17   6.5007E+17   1.0000E+06
   6.500001E+00   1.0000E+06   2.0261E+19   6.6456E+17   6.5978E+17   1.0000E+06
   6.600001E+00   1.0000E+06   2.0242E+19   6.7430E+17   6.6948E+17   1.0000E+06
   6.700001E+00   1.0000E+06   2.0223E+19   6.8403E+17   6.7916E+17   1.0000E+06
   6.800001E+00   1.0000E+06   2.0203E+19   6.9375E+17   6.8884E+17   1.0000E+06
   6.900001E+00   1.0000E+06   2.0184E+19   7.0345E+17   6.9850E+17   1.0000E+06
   7.000001E+00   1.0000E+06   2.0164E+19   7.1314E+17   7.0814E+17   1.0000E+06
   7.100001E+00   1.0000E+06   2.0145E+19   7.2281E+17   7.1777E+17   1.0000E+06
   7.200001E+00   1.0000E+06   2.0126E+19   7.3247E+17   7.2739E+17   1.0000E+06
   7.300001E+00   1.0000E+06   2.0107E+19   7.4212E+17   7.3700E+17   1.0000E+06
   7.400001E+00   1.0000E+06   2.0087E+19   7.5175E+17   7.4659E+17   1.0000E+06
   7.500001E+00   1.0000E+06   2.0068E+19   7.6137E+17   7.5617E+17   1.0000E+06
   7.600001E+00   1.0000E+06   2.0049E+19   7.7097E+17   7.6573E+17   1.0000E+06
   7.700001E+00   1.0000E+06   2.0030E+19   7.8056E+17   7.7529E+17   1.0000E+06
   7.800001E+00   1.0000E+06   2.0011E+19   7.9014E+17   7.8483E+17   1.0000E+06
   7.900001E+00   1.0000E+06   1.9992E+19   7.9970E+17   7.9435E+17   1.0000E+06
   8.000001E+00   1.0000E+06   1.9973E+19   8.0925E+17   8.0387E+17   1.0000E+06
   8.100001E+00   1.0000E+06   1.9954E+19   8.1878E+17   8.1337E+17   1.0000E+06
   8.200001E+00   1.0000E+06   1.9935E+19   8.2830E+17   8.2285E+17   1.0000E+06
   8.300001E+00   1.0000E+06   1.9916E+19   8.3781E+17   8.3233E+17   1.0000E+06
   8.400001E+00   1.0000E+06   1.9897E+19   8.4730E+17   8.4179E+17   1.0000E+06
   8.500001E+00   1.0000E+06   1.9878E+19   8.5678E+17   8.5123E+17   1.0000E+06
   8.600001E+00   1.0000E+06   1.9859E+19   8.6624E+17   8.6067E+17   1.0000E+06
   8.700001E+00   1.0000E+06   1.9840E+19   8.7569E+17   8.7009E+17   1.0000E+06
   8.800001E+00   1.0000E+06   1.9821E+19   8.8513E+17   8.7950E+17   1.0000E+06
   8.900001E+00   1.0000E+06   1.9802E+19   8.9455E+17   8.8889E+17   1.0000E+06
   9.000001E+00   1.0000E+06   1.9784E+19   9.0396E+17   8.9827E+17   1.0000E+06
   9.100001E+00   1.0000E+06   1.9765E+19   9.1335E+17   9.0764E+17   1.0000E+06
   9.200001E+00   1.0000E+06   1.9746E+19   9.2274E+17   9.1700E+17   1.0000E+06
   9.300001E+00   1.0000E+06   1.9727E+19   9.3210E+17   9.2634E+17   1.0000E+06
   9.400001E+00   1.0000E+06   1.9709E+19   9.4146E+17   9.3567E+17   1.0000E+06
   9.600001E+00   1.0000E+06   1.9671E+19   9.6012E+17   9.5429E+17   1.0000E+06
   9.800001E+00   1.0000E+06   1.9634E+19   9.7874E+17   9.7286E+17   1.0000E+06
   1.000000E+01   1.0000E+06   1.9597E+19   9.9729E+17   9.9137E+17   1.0000E+06
   1.020000E+01   1.0000E+06   1.9560E+19   1.0158E+18   1.0098E+18   1.0000E+06
   1.040000E+01   1.0000E+06   1.9523E+19   1.0342E+18   1.0283E+18   1.0000E+06
   1.060000E+01   1.0000E+06   1.9486E+19   1.0526E+18   1.0466E+18   1.0000E+06
   1.080000E+01   1.0000E+06   1.9450E+19   1.0710E+18   1.0649E+18   1.0000E+06
   1.100000E+01   1.0000E+06   1.9413E+19   1.0893E+18   1.0832E+18   1.0000E+06
   1.120000E+01   1.0000E+06   1.9377E+19   1.1075E+18   1.1014E+18   1.0000E+06
   1.140000E+01   1.0000E+06   1.9341E+19   1.1257E+18   1.1195E+18   1.0000E+06
   1.160000E+01   1.0000E+06   1.9304E+19   1.1438E+18   1.1376E+18   1.0000E+06
   1.180000E+01   1.0000E+06   1.9268E+19   1.1619E+18   1.1557E+18   1.0000E+06
   1.200000E+01   1.0000E+06   1.9232E+19   1.1799E+18   1.1737E+18   1.0000E+06
   1.220000E+01   1.0000E+06   1.9196E+19   1.1979E+18   1.1917E+18   1.0000E+06
   1.240000E+01   1.0000E+06   1.9160E+19   1.2158E+18   1.2096E+18   1.0000E+06
   1.260000E+01   1.0000E+06   1.9125E+19   1.2336E+18   1.2274E+18   1.0000E+06
   1.280000E+01   1.0000E+06   1.9089E+19   1.2514E+18   1.2452E+18   1.0000E+06
   1.300000E+01   1.0000E+06   1.9054E+19   1.2692E+18   1.2630E+18   1.0000E+06
   1.320000E+01   1.0000E+06   1.9018E+19   1.2869E+18   1.2807E+18   1.0000E+06
   1.340000E+01   1.0000E+06   1.8983E+19   1.3045E+18   1.2983E+18   1.0000E+06
   1.360000E+01   1.0000E+06   1.8948E+19   1.3221E+18   1.3159E+18   1.0000E+06
   1.380000E+01   1.0000E+06   1.8913E+19   1.3397E+18   1.3335E+18   1.0000E+06
   1.400000E+01   1.0000E+06   1.8878E+19   1.3572E+18   1.3510E+18   1.0000E+06
   1.420000E+01   1.0000E+06   1.8843E+19   1.3746E+18   1.3684E+18   1.0000E+06
   1.440000E+01   1.0000E+06   1.8808E+19   1.3920E+18   1.3858E+18   1.0000E+06
   1.460000E+01   1.0000E+06   1.8773E+19   1.4093E+18   1.4032E+18   1.0000E+06
   1.480000E+01   1.0000E+06   1.8739E+19   1.4266E+18   1.4205E+18   1.0000E+06
   1.500000E+01   1.0000E+06   1.8704E+19   1.4439E+18   1.4378E+18   1.0000E+06
   1.520000E+01   1.0000E+06   1.8670E+19   1.4610E+18   1.4550E+18   1.0000E+06
   1.540000E+01   1.0000E+06   1.8635E+19   1.4782E+18   1.4721E+18   1.0000E+06
   1.560000E+01   1.0000E+06   1.8601E+19   1.4953E+18   1.4892E+18   1.0000E+06
   1.580000E+01   1.0000E+06   1.8567E+19   1.5123E+18   1.5063E+18   1.0000E+06
   1.600000E+01   1.0000E+06   1.8533E+19   1.5293E+18   1.5233E+18   1.0000E+06
   1.620000E+01   1.0000E+06   1.8499E+19   1.5462E+18   1.5403E+18   1.0000E+06
   1.640000E+01   1.0000E+06   1.8465E+19   1.5631E+18   1.5572E+18   1.0000E+06
   1.660000E+01   1.0000E+06   1.8432E+19   1.5799E+18   1.5741E+18   1.0000E+06
   1.680000E+01   1.0000E+06   1.8398E+19   1.5967E+18   1.5909E+18   1.0000E+06
   1.700000E+01   1.0000E+06   1.8365E+19   1.6134E+18   1.6077E+18   1.0000E+06
