k0

[10.51217796,  2.16562813,  3.08069057,  3.10522888,  2.2663773 ,
       -0.76737823,  2.14433915, -4.31393815,  7.98508563]

EA
[16158.77458067  1107.38454706 21902.35897524 37500.01967926
 13870.46299681 49693.22844081 30022.37439454 50000.
 47250.19057909]


 k0_masked
[10.00617065, -5.27330119,  0.6561819 , -7.98722129,  1.66786216,
       -1.391634  ,  1.53912482, -0.16267448,  2.2901179 ]

EA_masked
[80465.07424011  4188.62383307 27161.20502701  1021.82527125
 10805.49961459 42855.97755333 23963.95124774  1182.38849626
   898.89233028]