         Time_s                                                                                                                         1                                                                                                                         2                                                                                                                         3                                                                                                                         4                                                                                                                         5                                                                                                                         6                                                                                                                         7                                                                                                                         8
   0.000000E+00   1.0000E+06   0.0000E+00   2.6880E+19   0.0000E+00   0.0000E+00   1.0000E+06   0.0000E+00   0.0000E+00
   1.000000E-03   9.4568E+07   5.0876E+16   2.6782E+19   2.3357E+16   2.3933E+16   9.4568E+07   5.0530E+16   1.7313E+14
   2.000000E-03   9.4567E+07   5.1534E+16   2.6757E+19   3.5589E+16   3.5877E+16   9.4567E+07   5.0163E+16   6.8535E+14
   3.000000E-03   9.4566E+07   5.2192E+16   2.6733E+19   4.7805E+16   4.7808E+16   9.4566E+07   4.9812E+16   1.1903E+15
   4.000000E-03   9.4565E+07   5.2851E+16   2.6708E+19   6.0007E+16   5.9724E+16   9.4565E+07   4.9474E+16   1.6883E+15
   5.000000E-03   9.4564E+07   5.3510E+16   2.6683E+19   7.2193E+16   7.1626E+16   9.4564E+07   4.9151E+16   2.1797E+15
   6.000000E-03   9.4563E+07   5.4170E+16   2.6658E+19   8.4365E+16   8.3515E+16   9.4563E+07   4.8841E+16   2.6648E+15
   7.000000E-03   9.4561E+07   5.4831E+16   2.6634E+19   9.6521E+16   9.5390E+16   9.4561E+07   4.8543E+16   3.1439E+15
   8.000000E-03   9.4560E+07   5.5492E+16   2.6609E+19   1.0866E+17   1.0725E+17   9.4560E+07   4.8257E+16   3.6173E+15
   9.000000E-03   9.4559E+07   5.6153E+16   2.6584E+19   1.2079E+17   1.1910E+17   9.4559E+07   4.7982E+16   4.0852E+15
   1.000000E-02   9.4558E+07   5.6815E+16   2.6560E+19   1.3290E+17   1.3093E+17   9.4558E+07   4.7719E+16   4.5479E+15
   1.100000E-02   9.4557E+07   5.7477E+16   2.6535E+19   1.4499E+17   1.4275E+17   9.4557E+07   4.7465E+16   5.0056E+15
   1.200000E-02   9.4556E+07   5.8139E+16   2.6511E+19   1.5708E+17   1.5455E+17   9.4556E+07   4.7222E+16   5.4586E+15
   1.300000E-02   9.4554E+07   5.8802E+16   2.6486E+19   1.6914E+17   1.6634E+17   9.4554E+07   4.6989E+16   5.9070E+15
   1.400000E-02   9.4553E+07   5.9466E+16   2.6462E+19   1.8119E+17   1.7812E+17   9.4553E+07   4.6764E+16   6.3510E+15
   1.500000E-02   9.4552E+07   6.0130E+16   2.6437E+19   1.9323E+17   1.8988E+17   9.4552E+07   4.6548E+16   6.7909E+15
   1.600000E-02   9.4551E+07   6.0795E+16   2.6413E+19   2.0525E+17   2.0163E+17   9.4551E+07   4.6341E+16   7.2268E+15
   1.700000E-02   9.4550E+07   6.1460E+16   2.6388E+19   2.1725E+17   2.1336E+17   9.4550E+07   4.6142E+16   7.6589E+15
   1.800000E-02   9.4549E+07   6.2125E+16   2.6364E+19   2.2925E+17   2.2508E+17   9.4549E+07   4.5951E+16   8.0874E+15
   1.900000E-02   9.4547E+07   6.2791E+16   2.6340E+19   2.4122E+17   2.3679E+17   9.4547E+07   4.5767E+16   8.5124E+15
   2.000000E-02   9.4546E+07   6.3458E+16   2.6315E+19   2.5318E+17   2.4848E+17   9.4546E+07   4.5590E+16   8.9340E+15
   2.100000E-02   9.4545E+07   6.4125E+16   2.6291E+19   2.6513E+17   2.6016E+17   9.4545E+07   4.5420E+16   9.3524E+15
   2.200000E-02   9.4544E+07   6.4792E+16   2.6267E+19   2.7706E+17   2.7183E+17   9.4544E+07   4.5256E+16   9.7678E+15
   2.300000E-02   9.4543E+07   6.5460E+16   2.6243E+19   2.8898E+17   2.8348E+17   9.4543E+07   4.5099E+16   1.0180E+16
   2.400000E-02   9.4542E+07   6.6128E+16   2.6218E+19   3.0088E+17   2.9512E+17   9.4542E+07   4.4948E+16   1.0590E+16
   2.500000E-02   9.4540E+07   6.6797E+16   2.6194E+19   3.1276E+17   3.0674E+17   9.4540E+07   4.4803E+16   1.0997E+16
   2.600000E-02   9.4539E+07   6.7466E+16   2.6170E+19   3.2464E+17   3.1835E+17   9.4539E+07   4.4664E+16   1.1401E+16
   2.700000E-02   9.4538E+07   6.8136E+16   2.6146E+19   3.3649E+17   3.2994E+17   9.4538E+07   4.4529E+16   1.1803E+16
   2.800000E-02   9.4537E+07   6.8806E+16   2.6122E+19   3.4833E+17   3.4153E+17   9.4537E+07   4.4400E+16   1.2203E+16
   2.900000E-02   9.4536E+07   6.9476E+16   2.6098E+19   3.6016E+17   3.5309E+17   9.4536E+07   4.4276E+16   1.2600E+16
   3.000000E-02   9.4534E+07   7.0147E+16   2.6074E+19   3.7197E+17   3.6465E+17   9.4534E+07   4.4157E+16   1.2995E+16
   3.100000E-02   9.4533E+07   7.0819E+16   2.6050E+19   3.8377E+17   3.7619E+17   9.4533E+07   4.4042E+16   1.3388E+16
   3.200000E-02   9.4532E+07   7.1491E+16   2.6026E+19   3.9555E+17   3.8771E+17   9.4532E+07   4.3932E+16   1.3779E+16
   3.300000E-02   9.4531E+07   7.2163E+16   2.6002E+19   4.0732E+17   3.9923E+17   9.4531E+07   4.3826E+16   1.4168E+16
   3.400000E-02   9.4530E+07   7.2836E+16   2.5978E+19   4.1907E+17   4.1072E+17   9.4530E+07   4.3725E+16   1.4555E+16
   3.500000E-02   9.4529E+07   7.3509E+16   2.5954E+19   4.3081E+17   4.2221E+17   9.4529E+07   4.3627E+16   1.4941E+16
   3.600000E-02   9.4527E+07   7.4183E+16   2.5930E+19   4.4253E+17   4.3368E+17   9.4527E+07   4.3533E+16   1.5325E+16
   3.700000E-02   9.4526E+07   7.4857E+16   2.5906E+19   4.5424E+17   4.4514E+17   9.4526E+07   4.3443E+16   1.5707E+16
   3.800000E-02   9.4525E+07   7.5532E+16   2.5882E+19   4.6594E+17   4.5658E+17   9.4525E+07   4.3357E+16   1.6088E+16
   3.900000E-02   9.4524E+07   7.6208E+16   2.5859E+19   4.7762E+17   4.6801E+17   9.4524E+07   4.3274E+16   1.6467E+16
   4.000000E-02   9.4523E+07   7.6884E+16   2.5835E+19   4.8928E+17   4.7943E+17   9.4523E+07   4.3195E+16   1.6844E+16
   4.100000E-02   9.4521E+07   7.7561E+16   2.5811E+19   5.0093E+17   4.9084E+17   9.4521E+07   4.3119E+16   1.7221E+16
   4.200000E-02   9.4520E+07   7.8238E+16   2.5787E+19   5.1257E+17   5.0223E+17   9.4520E+07   4.3046E+16   1.7596E+16
   4.300000E-02   9.4519E+07   7.8915E+16   2.5764E+19   5.2419E+17   5.1360E+17   9.4519E+07   4.2975E+16   1.7970E+16
   4.400000E-02   9.4518E+07   7.9593E+16   2.5740E+19   5.3580E+17   5.2496E+17   9.4518E+07   4.2908E+16   1.8342E+16
   4.500000E-02   9.4517E+07   8.0271E+16   2.5716E+19   5.4739E+17   5.3631E+17   9.4517E+07   4.2843E+16   1.8714E+16
   4.600000E-02   9.4515E+07   8.0949E+16   2.5693E+19   5.5896E+17   5.4765E+17   9.4515E+07   4.2780E+16   1.9084E+16
   4.700000E-02   9.4514E+07   8.1628E+16   2.5669E+19   5.7052E+17   5.5897E+17   9.4514E+07   4.2721E+16   1.9454E+16
   4.800000E-02   9.4513E+07   8.2307E+16   2.5646E+19   5.8207E+17   5.7027E+17   9.4513E+07   4.2663E+16   1.9822E+16
   4.900000E-02   9.4512E+07   8.2987E+16   2.5622E+19   5.9360E+17   5.8157E+17   9.4512E+07   4.2608E+16   2.0189E+16
   5.000000E-02   9.4511E+07   8.3667E+16   2.5599E+19   6.0512E+17   5.9284E+17   9.4511E+07   4.2555E+16   2.0556E+16
   5.100000E-02   9.4509E+07   8.4347E+16   2.5575E+19   6.1662E+17   6.0411E+17   9.4509E+07   4.2505E+16   2.0921E+16
   5.200000E-02   9.4508E+07   8.5028E+16   2.5552E+19   6.2811E+17   6.1536E+17   9.4508E+07   4.2456E+16   2.1286E+16
   5.300000E-02   9.4507E+07   8.5709E+16   2.5529E+19   6.3959E+17   6.2660E+17   9.4507E+07   4.2410E+16   2.1650E+16
   5.400000E-02   9.4506E+07   8.6391E+16   2.5505E+19   6.5105E+17   6.3782E+17   9.4506E+07   4.2365E+16   2.2013E+16
   5.500000E-02   9.4505E+07   8.7073E+16   2.5482E+19   6.6249E+17   6.4904E+17   9.4505E+07   4.2323E+16   2.2375E+16
   5.600000E-02   9.4503E+07   8.7756E+16   2.5459E+19   6.7392E+17   6.6023E+17   9.4503E+07   4.2282E+16   2.2737E+16
   5.700000E-02   9.4502E+07   8.8439E+16   2.5435E+19   6.8534E+17   6.7142E+17   9.4502E+07   4.2243E+16   2.3098E+16
   5.800000E-02   9.4501E+07   8.9122E+16   2.5412E+19   6.9674E+17   6.8259E+17   9.4501E+07   4.2206E+16   2.3458E+16
   5.900000E-02   9.4500E+07   8.9806E+16   2.5389E+19   7.0812E+17   6.9374E+17   9.4500E+07   4.2170E+16   2.3818E+16
   6.000000E-02   9.4499E+07   9.0490E+16   2.5366E+19   7.1949E+17   7.0488E+17   9.4499E+07   4.2136E+16   2.4177E+16
   6.100000E-02   9.4497E+07   9.1174E+16   2.5342E+19   7.3085E+17   7.1601E+17   9.4497E+07   4.2104E+16   2.4535E+16
   6.200000E-02   9.4496E+07   9.1859E+16   2.5319E+19   7.4219E+17   7.2713E+17   9.4496E+07   4.2073E+16   2.4893E+16
   6.300000E-02   9.4495E+07   9.2544E+16   2.5296E+19   7.5352E+17   7.3823E+17   9.4495E+07   4.2043E+16   2.5251E+16
   6.400000E-02   9.4494E+07   9.3230E+16   2.5273E+19   7.6483E+17   7.4932E+17   9.4494E+07   4.2015E+16   2.5608E+16
   6.500000E-02   9.4493E+07   9.3916E+16   2.5250E+19   7.7613E+17   7.6039E+17   9.4493E+07   4.1988E+16   2.5964E+16
   6.600000E-02   9.4491E+07   9.4603E+16   2.5227E+19   7.8742E+17   7.7145E+17   9.4491E+07   4.1963E+16   2.6320E+16
   6.700000E-02   9.4490E+07   9.5289E+16   2.5204E+19   7.9869E+17   7.8250E+17   9.4490E+07   4.1938E+16   2.6676E+16
   6.800000E-02   9.4489E+07   9.5977E+16   2.5181E+19   8.0994E+17   7.9353E+17   9.4489E+07   4.1915E+16   2.7031E+16
   6.900000E-02   9.4488E+07   9.6664E+16   2.5158E+19   8.2118E+17   8.0455E+17   9.4488E+07   4.1893E+16   2.7386E+16
   7.000000E-02   9.4486E+07   9.7352E+16   2.5135E+19   8.3241E+17   8.1556E+17   9.4486E+07   4.1872E+16   2.7740E+16
   7.100000E-02   9.4485E+07   9.8041E+16   2.5112E+19   8.4362E+17   8.2655E+17   9.4485E+07   4.1852E+16   2.8094E+16
   7.200000E-02   9.4484E+07   9.8730E+16   2.5089E+19   8.5482E+17   8.3753E+17   9.4484E+07   4.1834E+16   2.8448E+16
   7.300000E-02   9.4483E+07   9.9419E+16   2.5067E+19   8.6600E+17   8.4850E+17   9.4483E+07   4.1816E+16   2.8802E+16
   7.400000E-02   9.4482E+07   1.0011E+17   2.5044E+19   8.7717E+17   8.5945E+17   9.4482E+07   4.1799E+16   2.9155E+16
   7.500000E-02   9.4480E+07   1.0080E+17   2.5021E+19   8.8833E+17   8.7039E+17   9.4480E+07   4.1783E+16   2.9508E+16
   7.600000E-02   9.4479E+07   1.0149E+17   2.4998E+19   8.9947E+17   8.8132E+17   9.4479E+07   4.1768E+16   2.9860E+16
   7.700000E-02   9.4478E+07   1.0218E+17   2.4975E+19   9.1059E+17   8.9223E+17   9.4478E+07   4.1754E+16   3.0213E+16
   7.800000E-02   9.4477E+07   1.0287E+17   2.4953E+19   9.2170E+17   9.0313E+17   9.4477E+07   4.1741E+16   3.0565E+16
   7.900000E-02   9.4476E+07   1.0356E+17   2.4930E+19   9.3280E+17   9.1401E+17   9.4476E+07   4.1728E+16   3.0917E+16
   8.000000E-02   9.4474E+07   1.0425E+17   2.4907E+19   9.4388E+17   9.2488E+17   9.4474E+07   4.1716E+16   3.1269E+16
   8.100000E-02   9.4473E+07   1.0495E+17   2.4885E+19   9.5495E+17   9.3574E+17   9.4473E+07   4.1705E+16   3.1620E+16
   8.200000E-02   9.4472E+07   1.0564E+17   2.4862E+19   9.6601E+17   9.4659E+17   9.4472E+07   4.1695E+16   3.1972E+16
   8.300000E-02   9.4471E+07   1.0633E+17   2.4840E+19   9.7705E+17   9.5742E+17   9.4471E+07   4.1685E+16   3.2323E+16
   8.400000E-02   9.4469E+07   1.0702E+17   2.4817E+19   9.8807E+17   9.6823E+17   9.4469E+07   4.1677E+16   3.2674E+16
   8.500000E-02   9.4468E+07   1.0772E+17   2.4795E+19   9.9908E+17   9.7904E+17   9.4468E+07   4.1668E+16   3.3025E+16
   8.600000E-02   9.4467E+07   1.0841E+17   2.4772E+19   1.0101E+18   9.8983E+17   9.4467E+07   4.1661E+16   3.3376E+16
   8.700000E-02   9.4466E+07   1.0911E+17   2.4750E+19   1.0211E+18   1.0006E+18   9.4466E+07   4.1654E+16   3.3726E+16
   8.800000E-02   9.4465E+07   1.0980E+17   2.4727E+19   1.0320E+18   1.0114E+18   9.4465E+07   4.1647E+16   3.4077E+16
   8.900000E-02   9.4463E+07   1.1050E+17   2.4705E+19   1.0430E+18   1.0221E+18   9.4463E+07   4.1641E+16   3.4427E+16
   9.000000E-02   9.4462E+07   1.1119E+17   2.4682E+19   1.0539E+18   1.0329E+18   9.4462E+07   4.1636E+16   3.4778E+16
   9.100000E-02   9.4461E+07   1.1189E+17   2.4660E+19   1.0648E+18   1.0436E+18   9.4461E+07   4.1631E+16   3.5128E+16
   9.200000E-02   9.4460E+07   1.1258E+17   2.4638E+19   1.0758E+18   1.0543E+18   9.4460E+07   4.1627E+16   3.5478E+16
   9.300000E-02   9.4458E+07   1.1328E+17   2.4616E+19   1.0867E+18   1.0650E+18   9.4458E+07   4.1623E+16   3.5828E+16
   9.500000E-02   9.4456E+07   1.1467E+17   2.4571E+19   1.1084E+18   1.0863E+18   9.4456E+07   4.1616E+16   3.6528E+16
   9.700000E-02   9.4453E+07   1.1607E+17   2.4527E+19   1.1301E+18   1.1076E+18   9.4453E+07   4.1612E+16   3.7228E+16
   9.900000E-02   9.4451E+07   1.1746E+17   2.4482E+19   1.1517E+18   1.1289E+18   9.4451E+07   4.1609E+16   3.7928E+16
   1.010000E-01   9.4449E+07   1.1886E+17   2.4438E+19   1.1733E+18   1.1501E+18   9.4449E+07   4.1607E+16   3.8628E+16
   1.030000E-01   9.4446E+07   1.2026E+17   2.4394E+19   1.1949E+18   1.1712E+18   9.4446E+07   4.1607E+16   3.9328E+16
   1.050000E-01   9.4444E+07   1.2166E+17   2.4350E+19   1.2163E+18   1.1923E+18   9.4444E+07   4.1608E+16   4.0027E+16
   1.070000E-01   9.4441E+07   1.2306E+17   2.4306E+19   1.2377E+18   1.2133E+18   9.4441E+07   4.1610E+16   4.0727E+16
   1.090000E-01   9.4439E+07   1.2447E+17   2.4263E+19   1.2591E+18   1.2343E+18   9.4439E+07   4.1614E+16   4.1427E+16
   1.110000E-01   9.4436E+07   1.2587E+17   2.4219E+19   1.2804E+18   1.2553E+18   9.4436E+07   4.1619E+16   4.2127E+16
   1.130000E-01   9.4434E+07   1.2728E+17   2.4175E+19   1.3016E+18   1.2761E+18   9.4434E+07   4.1624E+16   4.2828E+16
   1.150000E-01   9.4431E+07   1.2869E+17   2.4132E+19   1.3228E+18   1.2970E+18   9.4431E+07   4.1630E+16   4.3528E+16
   1.170000E-01   9.4429E+07   1.3009E+17   2.4089E+19   1.3440E+18   1.3177E+18   9.4429E+07   4.1637E+16   4.4229E+16
   1.190000E-01   9.4426E+07   1.3150E+17   2.4045E+19   1.3650E+18   1.3385E+18   9.4426E+07   4.1645E+16   4.4930E+16
   1.210000E-01   9.4424E+07   1.3292E+17   2.4002E+19   1.3861E+18   1.3591E+18   9.4424E+07   4.1654E+16   4.5631E+16
   1.230000E-01   9.4421E+07   1.3433E+17   2.3959E+19   1.4070E+18   1.3797E+18   9.4421E+07   4.1663E+16   4.6332E+16
   1.250000E-01   9.4419E+07   1.3574E+17   2.3916E+19   1.4279E+18   1.4003E+18   9.4419E+07   4.1673E+16   4.7034E+16
   1.270000E-01   9.4416E+07   1.3716E+17   2.3874E+19   1.4488E+18   1.4208E+18   9.4416E+07   4.1684E+16   4.7736E+16
   1.290000E-01   9.4414E+07   1.3857E+17   2.3831E+19   1.4696E+18   1.4413E+18   9.4414E+07   4.1694E+16   4.8439E+16
   1.310000E-01   9.4411E+07   1.3999E+17   2.3788E+19   1.4903E+18   1.4617E+18   9.4411E+07   4.1706E+16   4.9142E+16
   1.330000E-01   9.4409E+07   1.4141E+17   2.3746E+19   1.5110E+18   1.4820E+18   9.4409E+07   4.1717E+16   4.9845E+16
   1.350000E-01   9.4406E+07   1.4283E+17   2.3704E+19   1.5317E+18   1.5023E+18   9.4406E+07   4.1730E+16   5.0548E+16
   1.370000E-01   9.4404E+07   1.4425E+17   2.3661E+19   1.5523E+18   1.5226E+18   9.4404E+07   4.1742E+16   5.1252E+16
   1.390000E-01   9.4401E+07   1.4567E+17   2.3619E+19   1.5728E+18   1.5428E+18   9.4401E+07   4.1755E+16   5.1957E+16
   1.410000E-01   9.4399E+07   1.4709E+17   2.3577E+19   1.5933E+18   1.5629E+18   9.4399E+07   4.1768E+16   5.2662E+16
   1.430000E-01   9.4396E+07   1.4852E+17   2.3535E+19   1.6137E+18   1.5830E+18   9.4396E+07   4.1781E+16   5.3367E+16
   1.450000E-01   9.4394E+07   1.4994E+17   2.3493E+19   1.6340E+18   1.6031E+18   9.4394E+07   4.1794E+16   5.4073E+16
   1.470000E-01   9.4391E+07   1.5137E+17   2.3452E+19   1.6543E+18   1.6230E+18   9.4391E+07   4.1808E+16   5.4779E+16
   1.490000E-01   9.4389E+07   1.5279E+17   2.3410E+19   1.6746E+18   1.6430E+18   9.4389E+07   4.1822E+16   5.5486E+16
   1.510000E-01   9.4386E+07   1.5422E+17   2.3369E+19   1.6948E+18   1.6629E+18   9.4386E+07   4.1836E+16   5.6193E+16
   1.530000E-01   9.4384E+07   1.5565E+17   2.3327E+19   1.7149E+18   1.6827E+18   9.4384E+07   4.1850E+16   5.6901E+16
   1.550000E-01   9.4381E+07   1.5708E+17   2.3286E+19   1.7350E+18   1.7025E+18   9.4381E+07   4.1864E+16   5.7609E+16
   1.570000E-01   9.4379E+07   1.5851E+17   2.3245E+19   1.7551E+18   1.7222E+18   9.4379E+07   4.1878E+16   5.8318E+16
   1.590000E-01   9.4376E+07   1.5995E+17   2.3204E+19   1.7751E+18   1.7419E+18   9.4376E+07   4.1893E+16   5.9027E+16
   1.610000E-01   9.4373E+07   1.6138E+17   2.3163E+19   1.7950E+18   1.7616E+18   9.4373E+07   4.1907E+16   5.9736E+16
   1.630000E-01   9.4371E+07   1.6281E+17   2.3122E+19   1.8149E+18   1.7811E+18   9.4371E+07   4.1922E+16   6.0446E+16
   1.650000E-01   9.4368E+07   1.6425E+17   2.3081E+19   1.8347E+18   1.8007E+18   9.4368E+07   4.1936E+16   6.1157E+16
   1.670000E-01   9.4366E+07   1.6569E+17   2.3040E+19   1.8545E+18   1.8202E+18   9.4366E+07   4.1951E+16   6.1868E+16
   1.690000E-01   9.4363E+07   1.6712E+17   2.3000E+19   1.8742E+18   1.8396E+18   9.4363E+07   4.1965E+16   6.2579E+16
   1.710000E-01   9.4361E+07   1.6856E+17   2.2959E+19   1.8938E+18   1.8590E+18   9.4361E+07   4.1980E+16   6.3291E+16
   1.730000E-01   9.4358E+07   1.7000E+17   2.2919E+19   1.9135E+18   1.8783E+18   9.4358E+07   4.1994E+16   6.4004E+16
   1.750000E-01   9.4356E+07   1.7144E+17   2.2878E+19   1.9330E+18   1.8976E+18   9.4356E+07   4.2009E+16   6.4717E+16
   1.770000E-01   9.4353E+07   1.7288E+17   2.2838E+19   1.9525E+18   1.9168E+18   9.4353E+07   4.2023E+16   6.5431E+16
   1.790000E-01   9.4351E+07   1.7433E+17   2.2798E+19   1.9720E+18   1.9360E+18   9.4351E+07   4.2038E+16   6.6145E+16
   1.810000E-01   9.4348E+07   1.7577E+17   2.2758E+19   1.9914E+18   1.9551E+18   9.4348E+07   4.2052E+16   6.6859E+16
   1.830000E-01   9.4346E+07   1.7721E+17   2.2718E+19   2.0107E+18   1.9742E+18   9.4346E+07   4.2066E+16   6.7574E+16
   1.850000E-01   9.4343E+07   1.7866E+17   2.2679E+19   2.0300E+18   1.9932E+18   9.4343E+07   4.2081E+16   6.8290E+16
   1.870000E-01   9.4340E+07   1.8011E+17   2.2639E+19   2.0493E+18   2.0122E+18   9.4340E+07   4.2095E+16   6.9005E+16
   1.890000E-01   9.4338E+07   1.8155E+17   2.2599E+19   2.0685E+18   2.0311E+18   9.4338E+07   4.2109E+16   6.9722E+16
   1.910000E-01   9.4335E+07   1.8300E+17   2.2560E+19   2.0876E+18   2.0500E+18   9.4335E+07   4.2123E+16   7.0439E+16
   1.930000E-01   9.4333E+07   1.8445E+17   2.2520E+19   2.1067E+18   2.0689E+18   9.4333E+07   4.2137E+16   7.1156E+16
   1.950000E-01   9.4330E+07   1.8590E+17   2.2481E+19   2.1257E+18   2.0876E+18   9.4330E+07   4.2151E+16   7.1874E+16
   1.980000E-01   9.4326E+07   1.8808E+17   2.2422E+19   2.1542E+18   2.1157E+18   9.4326E+07   4.2172E+16   7.2952E+16
   2.010000E-01   9.4322E+07   1.9025E+17   2.2364E+19   2.1825E+18   2.1437E+18   9.4322E+07   4.2193E+16   7.4031E+16
   2.040000E-01   9.4319E+07   1.9243E+17   2.2306E+19   2.2108E+18   2.1716E+18   9.4319E+07   4.2213E+16   7.5111E+16
   2.070000E-01   9.4315E+07   1.9462E+17   2.2248E+19   2.2389E+18   2.1993E+18   9.4315E+07   4.2233E+16   7.6191E+16
   2.100000E-01   9.4311E+07   1.9680E+17   2.2190E+19   2.2669E+18   2.2270E+18   9.4311E+07   4.2253E+16   7.7273E+16
   2.130000E-01   9.4307E+07   1.9899E+17   2.2132E+19   2.2947E+18   2.2545E+18   9.4307E+07   4.2273E+16   7.8356E+16
   2.160000E-01   9.4303E+07   2.0117E+17   2.2075E+19   2.3225E+18   2.2819E+18   9.4303E+07   4.2292E+16   7.9440E+16
   2.190000E-01   9.4299E+07   2.0336E+17   2.2018E+19   2.3502E+18   2.3092E+18   9.4299E+07   4.2312E+16   8.0525E+16
   2.220000E-01   9.4295E+07   2.0555E+17   2.1961E+19   2.3777E+18   2.3364E+18   9.4295E+07   4.2331E+16   8.1611E+16
   2.250000E-01   9.4292E+07   2.0774E+17   2.1904E+19   2.4051E+18   2.3635E+18   9.4292E+07   4.2349E+16   8.2698E+16
   2.280000E-01   9.4288E+07   2.0994E+17   2.1848E+19   2.4324E+18   2.3905E+18   9.4288E+07   4.2368E+16   8.3786E+16
   2.310000E-01   9.4284E+07   2.1213E+17   2.1791E+19   2.4596E+18   2.4174E+18   9.4284E+07   4.2386E+16   8.4874E+16
   2.340000E-01   9.4280E+07   2.1433E+17   2.1735E+19   2.4867E+18   2.4442E+18   9.4280E+07   4.2403E+16   8.5964E+16
   2.370000E-01   9.4276E+07   2.1653E+17   2.1679E+19   2.5137E+18   2.4708E+18   9.4276E+07   4.2421E+16   8.7054E+16
   2.400000E-01   9.4272E+07   2.1873E+17   2.1624E+19   2.5405E+18   2.4974E+18   9.4272E+07   4.2438E+16   8.8146E+16
   2.430000E-01   9.4268E+07   2.2093E+17   2.1568E+19   2.5673E+18   2.5239E+18   9.4268E+07   4.2455E+16   8.9238E+16
   2.460000E-01   9.4264E+07   2.2313E+17   2.1513E+19   2.5939E+18   2.5502E+18   9.4264E+07   4.2472E+16   9.0331E+16
   2.490000E-01   9.4260E+07   2.2534E+17   2.1458E+19   2.6205E+18   2.5764E+18   9.4260E+07   4.2488E+16   9.1425E+16
   2.520000E-01   9.4256E+07   2.2754E+17   2.1403E+19   2.6469E+18   2.6026E+18   9.4256E+07   4.2504E+16   9.2520E+16
   2.550000E-01   9.4253E+07   2.2975E+17   2.1349E+19   2.6732E+18   2.6286E+18   9.4253E+07   4.2520E+16   9.3616E+16
   2.580000E-01   9.4249E+07   2.3196E+17   2.1295E+19   2.6994E+18   2.6545E+18   9.4249E+07   4.2536E+16   9.4712E+16
   2.610000E-01   9.4245E+07   2.3417E+17   2.1240E+19   2.7255E+18   2.6804E+18   9.4245E+07   4.2551E+16   9.5810E+16
   2.640000E-01   9.4241E+07   2.3638E+17   2.1186E+19   2.7515E+18   2.7061E+18   9.4241E+07   4.2566E+16   9.6908E+16
   2.670000E-01   9.4237E+07   2.3859E+17   2.1133E+19   2.7773E+18   2.7317E+18   9.4237E+07   4.2581E+16   9.8007E+16
   2.700000E-01   9.4233E+07   2.4081E+17   2.1079E+19   2.8031E+18   2.7572E+18   9.4233E+07   4.2595E+16   9.9106E+16
   2.730000E-01   9.4229E+07   2.4302E+17   2.1026E+19   2.8288E+18   2.7826E+18   9.4229E+07   4.2609E+16   1.0021E+17
   2.760000E-01   9.4225E+07   2.4524E+17   2.0973E+19   2.8543E+18   2.8079E+18   9.4225E+07   4.2623E+16   1.0131E+17
   2.790000E-01   9.4221E+07   2.4746E+17   2.0920E+19   2.8798E+18   2.8331E+18   9.4221E+07   4.2637E+16   1.0241E+17
   2.820000E-01   9.4216E+07   2.4967E+17   2.0867E+19   2.9051E+18   2.8582E+18   9.4216E+07   4.2651E+16   1.0351E+17
   2.850000E-01   9.4212E+07   2.5189E+17   2.0815E+19   2.9303E+18   2.8832E+18   9.4212E+07   4.2664E+16   1.0461E+17
   2.880000E-01   9.4208E+07   2.5411E+17   2.0763E+19   2.9555E+18   2.9081E+18   9.4208E+07   4.2677E+16   1.0572E+17
   2.910000E-01   9.4203E+07   2.5634E+17   2.0711E+19   2.9805E+18   2.9329E+18   9.4203E+07   4.2689E+16   1.0682E+17
   2.940000E-01   9.4200E+07   2.5856E+17   2.0659E+19   3.0054E+18   2.9576E+18   9.4200E+07   4.2702E+16   1.0793E+17
   2.970000E-01   9.4196E+07   2.6078E+17   2.0607E+19   3.0302E+18   2.9822E+18   9.4196E+07   4.2714E+16   1.0903E+17
   3.000000E-01   9.4193E+07   2.6301E+17   2.0556E+19   3.0549E+18   3.0067E+18   9.4193E+07   4.2726E+16   1.1014E+17
   3.030000E-01   9.4190E+07   2.6523E+17   2.0505E+19   3.0795E+18   3.0311E+18   9.4190E+07   4.2737E+16   1.1125E+17
   3.070000E-01   9.4186E+07   2.6820E+17   2.0437E+19   3.1121E+18   3.0634E+18   9.4186E+07   4.2753E+16   1.1272E+17
   3.110000E-01   9.4181E+07   2.7117E+17   2.0369E+19   3.1446E+18   3.0956E+18   9.4181E+07   4.2767E+16   1.1420E+17
   3.150000E-01   9.4174E+07   2.7414E+17   2.0302E+19   3.1769E+18   3.1277E+18   9.4174E+07   4.2781E+16   1.1568E+17
   3.190000E-01   9.4168E+07   2.7712E+17   2.0235E+19   3.2089E+18   3.1595E+18   9.4168E+07   4.2795E+16   1.1716E+17
   3.230000E-01   9.4163E+07   2.8009E+17   2.0168E+19   3.2409E+18   3.1912E+18   9.4163E+07   4.2808E+16   1.1864E+17
   3.270000E-01   9.4159E+07   2.8307E+17   2.0102E+19   3.2726E+18   3.2226E+18   9.4159E+07   4.2821E+16   1.2012E+17
   3.310000E-01   9.4154E+07   2.8605E+17   2.0036E+19   3.3041E+18   3.2540E+18   9.4154E+07   4.2833E+16   1.2161E+17
   3.350000E-01   9.4148E+07   2.8903E+17   1.9971E+19   3.3355E+18   3.2851E+18   9.4148E+07   4.2845E+16   1.2309E+17
   3.390000E-01   9.4143E+07   2.9201E+17   1.9906E+19   3.3667E+18   3.3161E+18   9.4143E+07   4.2856E+16   1.2457E+17
   3.430000E-01   9.4138E+07   2.9499E+17   1.9841E+19   3.3977E+18   3.3469E+18   9.4138E+07   4.2867E+16   1.2606E+17
   3.470000E-01   9.4133E+07   2.9797E+17   1.9776E+19   3.4285E+18   3.3775E+18   9.4133E+07   4.2878E+16   1.2755E+17
   3.510000E-01   9.4127E+07   3.0095E+17   1.9712E+19   3.4592E+18   3.4080E+18   9.4127E+07   4.2889E+16   1.2903E+17
   3.550000E-01   9.4120E+07   3.0394E+17   1.9649E+19   3.4897E+18   3.4383E+18   9.4120E+07   4.2899E+16   1.3052E+17
   3.590000E-01   9.4115E+07   3.0692E+17   1.9585E+19   3.5200E+18   3.4684E+18   9.4115E+07   4.2909E+16   1.3201E+17
   3.630000E-01   9.4114E+07   3.0991E+17   1.9522E+19   3.5501E+18   3.4984E+18   9.4114E+07   4.2918E+16   1.3350E+17
   3.670000E-01   9.4109E+07   3.1290E+17   1.9459E+19   3.5801E+18   3.5282E+18   9.4109E+07   4.2927E+16   1.3498E+17
   3.710000E-01   9.4098E+07   3.1589E+17   1.9397E+19   3.6099E+18   3.5578E+18   9.4098E+07   4.2936E+16   1.3647E+17
   3.750000E-01   9.4096E+07   3.1887E+17   1.9335E+19   3.6395E+18   3.5873E+18   9.4096E+07   4.2944E+16   1.3797E+17
   3.790000E-01   9.4090E+07   3.2186E+17   1.9273E+19   3.6690E+18   3.6166E+18   9.4090E+07   4.2952E+16   1.3946E+17
   3.830000E-01   9.4082E+07   3.2485E+17   1.9212E+19   3.6983E+18   3.6457E+18   9.4082E+07   4.2958E+16   1.4095E+17
   3.870000E-01   9.4079E+07   3.2784E+17   1.9151E+19   3.7274E+18   3.6747E+18   9.4079E+07   4.2964E+16   1.4244E+17
   3.910000E-01   9.4073E+07   3.3084E+17   1.9090E+19   3.7563E+18   3.7035E+18   9.4073E+07   4.2971E+16   1.4393E+17
   3.950000E-01   9.4068E+07   3.3383E+17   1.9029E+19   3.7851E+18   3.7321E+18   9.4068E+07   4.2978E+16   1.4542E+17
   3.990000E-01   9.4062E+07   3.3682E+17   1.8969E+19   3.8137E+18   3.7606E+18   9.4062E+07   4.2984E+16   1.4692E+17
   4.030000E-01   9.4058E+07   3.3981E+17   1.8909E+19   3.8422E+18   3.7889E+18   9.4058E+07   4.2990E+16   1.4841E+17
   4.070000E-01   9.4054E+07   3.4281E+17   1.8850E+19   3.8705E+18   3.8171E+18   9.4054E+07   4.2994E+16   1.4991E+17
   4.120000E-01   9.4048E+07   3.4655E+17   1.8776E+19   3.9056E+18   3.8521E+18   9.4048E+07   4.2999E+16   1.5177E+17
   4.170000E-01   9.4041E+07   3.5029E+17   1.8703E+19   3.9405E+18   3.8868E+18   9.4041E+07   4.3004E+16   1.5364E+17
   4.220000E-01   9.4034E+07   3.5403E+17   1.8630E+19   3.9751E+18   3.9213E+18   9.4034E+07   4.3008E+16   1.5551E+17
   4.270000E-01   9.4025E+07   3.5777E+17   1.8558E+19   4.0095E+18   3.9556E+18   9.4025E+07   4.3012E+16   1.5738E+17
   4.320000E-01   9.4020E+07   3.6152E+17   1.8486E+19   4.0436E+18   3.9896E+18   9.4020E+07   4.3016E+16   1.5925E+17
   4.370000E-01   9.4014E+07   3.6526E+17   1.8414E+19   4.0775E+18   4.0234E+18   9.4014E+07   4.3020E+16   1.6112E+17
   4.420000E-01   9.4008E+07   3.6900E+17   1.8343E+19   4.1111E+18   4.0569E+18   9.4008E+07   4.3023E+16   1.6299E+17
   4.470000E-01   9.3999E+07   3.7275E+17   1.8273E+19   4.1445E+18   4.0902E+18   9.3999E+07   4.3027E+16   1.6486E+17
   4.520000E-01   9.3993E+07   3.7649E+17   1.8203E+19   4.1776E+18   4.1233E+18   9.3993E+07   4.3030E+16   1.6673E+17
   4.570000E-01   9.3986E+07   3.8024E+17   1.8134E+19   4.2105E+18   4.1561E+18   9.3986E+07   4.3033E+16   1.6860E+17
   4.620000E-01   9.3980E+07   3.8398E+17   1.8065E+19   4.2432E+18   4.1887E+18   9.3980E+07   4.3035E+16   1.7047E+17
   4.670000E-01   9.3973E+07   3.8773E+17   1.7996E+19   4.2756E+18   4.2211E+18   9.3973E+07   4.3037E+16   1.7234E+17
   4.720000E-01   9.3966E+07   3.9147E+17   1.7928E+19   4.3078E+18   4.2532E+18   9.3966E+07   4.3038E+16   1.7422E+17
   4.770000E-01   9.3960E+07   3.9521E+17   1.7860E+19   4.3398E+18   4.2851E+18   9.3960E+07   4.3039E+16   1.7609E+17
   4.820000E-01   9.3953E+07   3.9896E+17   1.7793E+19   4.3715E+18   4.3168E+18   9.3953E+07   4.3040E+16   1.7796E+17
   4.870000E-01   9.3946E+07   4.0271E+17   1.7727E+19   4.4030E+18   4.3482E+18   9.3946E+07   4.3042E+16   1.7983E+17
   4.920000E-01   9.3940E+07   4.0645E+17   1.7660E+19   4.4342E+18   4.3795E+18   9.3940E+07   4.3043E+16   1.8170E+17
   4.970000E-01   9.3933E+07   4.1020E+17   1.7595E+19   4.4652E+18   4.4105E+18   9.3933E+07   4.3044E+16   1.8358E+17
   5.020000E-01   9.3926E+07   4.1394E+17   1.7529E+19   4.4960E+18   4.4413E+18   9.3926E+07   4.3044E+16   1.8545E+17
   5.070000E-01   9.3920E+07   4.1768E+17   1.7464E+19   4.5266E+18   4.4718E+18   9.3920E+07   4.3043E+16   1.8732E+17
   5.130000E-01   9.3912E+07   4.2217E+17   1.7387E+19   4.5630E+18   4.5082E+18   9.3912E+07   4.3042E+16   1.8957E+17
   5.190000E-01   9.3904E+07   4.2666E+17   1.7310E+19   4.5991E+18   4.5443E+18   9.3904E+07   4.3040E+16   1.9181E+17
   5.250000E-01   9.3896E+07   4.3115E+17   1.7234E+19   4.6348E+18   4.5801E+18   9.3896E+07   4.3038E+16   1.9406E+17
   5.310000E-01   9.3888E+07   4.3564E+17   1.7159E+19   4.6702E+18   4.6155E+18   9.3888E+07   4.3035E+16   1.9630E+17
   5.370000E-01   9.3880E+07   4.4013E+17   1.7084E+19   4.7054E+18   4.6507E+18   9.3880E+07   4.3032E+16   1.9855E+17
   5.430000E-01   9.3872E+07   4.4462E+17   1.7010E+19   4.7402E+18   4.6855E+18   9.3872E+07   4.3028E+16   2.0079E+17
   5.490000E-01   9.3864E+07   4.4910E+17   1.6937E+19   4.7747E+18   4.7201E+18   9.3864E+07   4.3024E+16   2.0304E+17
   5.550000E-01   9.3856E+07   4.5358E+17   1.6864E+19   4.8089E+18   4.7543E+18   9.3856E+07   4.3019E+16   2.0528E+17
   5.610000E-01   9.3848E+07   4.5807E+17   1.6791E+19   4.8427E+18   4.7882E+18   9.3848E+07   4.3013E+16   2.0753E+17
   5.670000E-01   9.3840E+07   4.6255E+17   1.6720E+19   4.8763E+18   4.8219E+18   9.3840E+07   4.3007E+16   2.0977E+17
   5.730000E-01   9.3832E+07   4.6702E+17   1.6649E+19   4.9096E+18   4.8553E+18   9.3832E+07   4.3001E+16   2.1201E+17
   5.790000E-01   9.3824E+07   4.7150E+17   1.6578E+19   4.9426E+18   4.8883E+18   9.3824E+07   4.2994E+16   2.1425E+17
   5.850000E-01   9.3816E+07   4.7598E+17   1.6508E+19   4.9753E+18   4.9211E+18   9.3816E+07   4.2988E+16   2.1649E+17
   5.910000E-01   9.3808E+07   4.8045E+17   1.6439E+19   5.0077E+18   4.9536E+18   9.3808E+07   4.2981E+16   2.1873E+17
   5.970000E-01   9.3800E+07   4.8492E+17   1.6370E+19   5.0398E+18   4.9858E+18   9.3800E+07   4.2974E+16   2.2097E+17
   6.030000E-01   9.3792E+07   4.8939E+17   1.6302E+19   5.0717E+18   5.0178E+18   9.3792E+07   4.2966E+16   2.2321E+17
   6.100000E-01   9.3783E+07   4.9460E+17   1.6223E+19   5.1084E+18   5.0547E+18   9.3783E+07   4.2957E+16   2.2582E+17
   6.170000E-01   9.3774E+07   4.9981E+17   1.6145E+19   5.1448E+18   5.0912E+18   9.3774E+07   4.2948E+16   2.2843E+17
   6.240000E-01   9.3765E+07   5.0502E+17   1.6067E+19   5.1808E+18   5.1274E+18   9.3765E+07   4.2937E+16   2.3104E+17
   6.310000E-01   9.3755E+07   5.1022E+17   1.5991E+19   5.2164E+18   5.1631E+18   9.3755E+07   4.2927E+16   2.3365E+17
   6.380000E-01   9.3746E+07   5.1542E+17   1.5915E+19   5.2517E+18   5.1986E+18   9.3746E+07   4.2915E+16   2.3625E+17
   6.450000E-01   9.3737E+07   5.2062E+17   1.5840E+19   5.2866E+18   5.2336E+18   9.3737E+07   4.2903E+16   2.3886E+17
   6.520000E-01   9.3728E+07   5.2581E+17   1.5765E+19   5.3211E+18   5.2683E+18   9.3728E+07   4.2891E+16   2.4146E+17
   6.590000E-01   9.3718E+07   5.3100E+17   1.5692E+19   5.3552E+18   5.3026E+18   9.3718E+07   4.2878E+16   2.4406E+17
   6.660000E-01   9.3709E+07   5.3619E+17   1.5619E+19   5.3890E+18   5.3366E+18   9.3709E+07   4.2865E+16   2.4666E+17
   6.730000E-01   9.3700E+07   5.4137E+17   1.5546E+19   5.4224E+18   5.3702E+18   9.3700E+07   4.2851E+16   2.4926E+17
   6.800000E-01   9.3691E+07   5.4655E+17   1.5475E+19   5.4555E+18   5.4035E+18   9.3691E+07   4.2837E+16   2.5186E+17
   6.870000E-01   9.3682E+07   5.5173E+17   1.5404E+19   5.4882E+18   5.4364E+18   9.3682E+07   4.2822E+16   2.5445E+17
   6.940000E-01   9.3672E+07   5.5690E+17   1.5334E+19   5.5205E+18   5.4690E+18   9.3672E+07   4.2807E+16   2.5705E+17
   7.010000E-01   9.3663E+07   5.6207E+17   1.5265E+19   5.5526E+18   5.5012E+18   9.3663E+07   4.2791E+16   2.5964E+17
   7.090000E-01   9.3653E+07   5.6797E+17   1.5186E+19   5.5887E+18   5.5377E+18   9.3653E+07   4.2773E+16   2.6260E+17
   7.170000E-01   9.3642E+07   5.7386E+17   1.5108E+19   5.6245E+18   5.5737E+18   9.3642E+07   4.2755E+16   2.6555E+17
   7.250000E-01   9.3632E+07   5.7975E+17   1.5032E+19   5.6598E+18   5.6093E+18   9.3632E+07   4.2736E+16   2.6851E+17
   7.330000E-01   9.3621E+07   5.8563E+17   1.4956E+19   5.6946E+18   5.6444E+18   9.3621E+07   4.2717E+16   2.7146E+17
   7.410000E-01   9.3611E+07   5.9151E+17   1.4881E+19   5.7291E+18   5.6792E+18   9.3611E+07   4.2697E+16   2.7441E+17
   7.490000E-01   9.3600E+07   5.9738E+17   1.4806E+19   5.7631E+18   5.7135E+18   9.3600E+07   4.2677E+16   2.7735E+17
   7.570000E-01   9.3590E+07   6.0325E+17   1.4733E+19   5.7967E+18   5.7474E+18   9.3590E+07   4.2657E+16   2.8030E+17
   7.650000E-01   9.3579E+07   6.0911E+17   1.4660E+19   5.8299E+18   5.7809E+18   9.3579E+07   4.2637E+16   2.8324E+17
   7.730000E-01   9.3569E+07   6.1497E+17   1.4589E+19   5.8627E+18   5.8140E+18   9.3569E+07   4.2616E+16   2.8617E+17
   7.810000E-01   9.3559E+07   6.2081E+17   1.4518E+19   5.8951E+18   5.8468E+18   9.3559E+07   4.2595E+16   2.8911E+17
   7.890000E-01   9.3548E+07   6.2666E+17   1.4448E+19   5.9271E+18   5.8791E+18   9.3548E+07   4.2573E+16   2.9204E+17
   7.980000E-01   9.3536E+07   6.3322E+17   1.4370E+19   5.9626E+18   5.9150E+18   9.3536E+07   4.2549E+16   2.9534E+17
   8.070000E-01   9.3525E+07   6.3978E+17   1.4293E+19   5.9976E+18   5.9504E+18   9.3525E+07   4.2525E+16   2.9863E+17
   8.160000E-01   9.3513E+07   6.4633E+17   1.4217E+19   6.0322E+18   5.9853E+18   9.3513E+07   4.2500E+16   3.0191E+17
   8.250000E-01   9.3501E+07   6.5287E+17   1.4142E+19   6.0662E+18   6.0198E+18   9.3501E+07   4.2474E+16   3.0520E+17
   8.340000E-01   9.3490E+07   6.5940E+17   1.4067E+19   6.0998E+18   6.0538E+18   9.3490E+07   4.2449E+16   3.0848E+17
   8.430000E-01   9.3478E+07   6.6593E+17   1.3994E+19   6.1329E+18   6.0873E+18   9.3478E+07   4.2423E+16   3.1175E+17
   8.520000E-01   9.3467E+07   6.7244E+17   1.3922E+19   6.1656E+18   6.1204E+18   9.3467E+07   4.2397E+16   3.1502E+17
   8.610000E-01   9.3455E+07   6.7895E+17   1.3851E+19   6.1978E+18   6.1530E+18   9.3455E+07   4.2371E+16   3.1829E+17
   8.700000E-01   9.3443E+07   6.8545E+17   1.3780E+19   6.2295E+18   6.1852E+18   9.3443E+07   4.2344E+16   3.2155E+17
   8.790000E-01   9.3432E+07   6.9194E+17   1.3711E+19   6.2609E+18   6.2169E+18   9.3432E+07   4.2318E+16   3.2481E+17
   8.890000E-01   9.3419E+07   6.9915E+17   1.3634E+19   6.2951E+18   6.2517E+18   9.3419E+07   4.2288E+16   3.2843E+17
   8.990000E-01   9.3406E+07   7.0634E+17   1.3559E+19   6.3289E+18   6.2859E+18   9.3406E+07   4.2257E+16   3.3204E+17
   9.090000E-01   9.3393E+07   7.1352E+17   1.3485E+19   6.3621E+18   6.3196E+18   9.3393E+07   4.2227E+16   3.3565E+17
   9.190000E-01   9.3380E+07   7.2069E+17   1.3412E+19   6.3948E+18   6.3528E+18   9.3380E+07   4.2197E+16   3.3925E+17
   9.290000E-01   9.3368E+07   7.2785E+17   1.3340E+19   6.4269E+18   6.3855E+18   9.3368E+07   4.2166E+16   3.4284E+17
   9.390000E-01   9.3355E+07   7.3501E+17   1.3269E+19   6.4586E+18   6.4177E+18   9.3355E+07   4.2136E+16   3.4643E+17
   9.490000E-01   9.3342E+07   7.4215E+17   1.3199E+19   6.4898E+18   6.4494E+18   9.3342E+07   4.2106E+16   3.5002E+17
   9.590000E-01   9.3329E+07   7.4928E+17   1.3130E+19   6.5205E+18   6.4806E+18   9.3329E+07   4.2076E+16   3.5360E+17
   9.690000E-01   9.3317E+07   7.5640E+17   1.3062E+19   6.5507E+18   6.5113E+18   9.3317E+07   4.2045E+16   3.5718E+17
   9.800000E-01   9.3303E+07   7.6422E+17   1.2988E+19   6.5834E+18   6.5446E+18   9.3303E+07   4.2012E+16   3.6110E+17
   9.910000E-01   9.3289E+07   7.7202E+17   1.2916E+19   6.6155E+18   6.5773E+18   9.3289E+07   4.1977E+16   3.6502E+17
   1.002000E+00   9.3275E+07   7.7981E+17   1.2844E+19   6.6470E+18   6.6094E+18   9.3275E+07   4.1942E+16   3.6894E+17
   1.013000E+00   9.3261E+07   7.8759E+17   1.2774E+19   6.6780E+18   6.6410E+18   9.3261E+07   4.1906E+16   3.7284E+17
   1.024000E+00   9.3247E+07   7.9536E+17   1.2704E+19   6.7085E+18   6.6721E+18   9.3247E+07   4.1870E+16   3.7674E+17
   1.035000E+00   9.3233E+07   8.0311E+17   1.2636E+19   6.7384E+18   6.7026E+18   9.3233E+07   4.1835E+16   3.8064E+17
   1.046000E+00   9.3219E+07   8.1085E+17   1.2569E+19   6.7678E+18   6.7327E+18   9.3219E+07   4.1799E+16   3.8452E+17
   1.057000E+00   9.3206E+07   8.1857E+17   1.2503E+19   6.7967E+18   6.7622E+18   9.3206E+07   4.1763E+16   3.8841E+17
   1.069000E+00   9.3191E+07   8.2699E+17   1.2432E+19   6.8276E+18   6.7938E+18   9.3191E+07   4.1724E+16   3.9263E+17
   1.081000E+00   9.3176E+07   8.3538E+17   1.2362E+19   6.8580E+18   6.8248E+18   9.3176E+07   4.1686E+16   3.9685E+17
   1.093000E+00   9.3161E+07   8.4377E+17   1.2294E+19   6.8877E+18   6.8552E+18   9.3161E+07   4.1647E+16   4.0106E+17
   1.105000E+00   9.3146E+07   8.5213E+17   1.2226E+19   6.9169E+18   6.8851E+18   9.3146E+07   4.1609E+16   4.0526E+17
   1.117000E+00   9.3131E+07   8.6048E+17   1.2160E+19   6.9456E+18   6.9144E+18   9.3131E+07   4.1571E+16   4.0946E+17
   1.129000E+00   9.3116E+07   8.6882E+17   1.2095E+19   6.9736E+18   6.9431E+18   9.3116E+07   4.1532E+16   4.1364E+17
   1.141000E+00   9.3101E+07   8.7714E+17   1.2031E+19   7.0012E+18   6.9714E+18   9.3101E+07   4.1494E+16   4.1782E+17
   1.154000E+00   9.3085E+07   8.8614E+17   1.1963E+19   7.0304E+18   7.0013E+18   9.3085E+07   4.1453E+16   4.2234E+17
   1.167000E+00   9.3069E+07   8.9511E+17   1.1896E+19   7.0590E+18   7.0307E+18   9.3069E+07   4.1412E+16   4.2685E+17
   1.180000E+00   9.3053E+07   9.0407E+17   1.1830E+19   7.0870E+18   7.0594E+18   9.3053E+07   4.1371E+16   4.3135E+17
   1.193000E+00   9.3037E+07   9.1302E+17   1.1765E+19   7.1144E+18   7.0876E+18   9.3037E+07   4.1330E+16   4.3584E+17
   1.206000E+00   9.3021E+07   9.2194E+17   1.1702E+19   7.1412E+18   7.1152E+18   9.3021E+07   4.1290E+16   4.4033E+17
   1.219000E+00   9.3005E+07   9.3085E+17   1.1640E+19   7.1675E+18   7.1422E+18   9.3005E+07   4.1250E+16   4.4480E+17
   1.233000E+00   9.2987E+07   9.4043E+17   1.1574E+19   7.1951E+18   7.1707E+18   9.2987E+07   4.1207E+16   4.4961E+17
   1.247000E+00   9.2970E+07   9.4999E+17   1.1510E+19   7.2222E+18   7.1985E+18   9.2970E+07   4.1165E+16   4.5441E+17
   1.261000E+00   9.2953E+07   9.5952E+17   1.1447E+19   7.2486E+18   7.2257E+18   9.2953E+07   4.1123E+16   4.5920E+17
   1.275000E+00   9.2936E+07   9.6904E+17   1.1385E+19   7.2743E+18   7.2523E+18   9.2936E+07   4.1081E+16   4.6398E+17
   1.289000E+00   9.2919E+07   9.7854E+17   1.1324E+19   7.2995E+18   7.2783E+18   9.2919E+07   4.1038E+16   4.6875E+17
   1.303000E+00   9.2902E+07   9.8801E+17   1.1265E+19   7.3241E+18   7.3037E+18   9.2902E+07   4.0994E+16   4.7351E+17
   1.318000E+00   9.2884E+07   9.9814E+17   1.1202E+19   7.3499E+18   7.3303E+18   9.2884E+07   4.0948E+16   4.7860E+17
   1.333000E+00   9.2866E+07   1.0083E+18   1.1141E+19   7.3750E+18   7.3563E+18   9.2866E+07   4.0903E+16   4.8367E+17
   1.348000E+00   9.2848E+07   1.0183E+18   1.1081E+19   7.3994E+18   7.3816E+18   9.2848E+07   4.0857E+16   4.8874E+17
   1.363000E+00   9.2830E+07   1.0284E+18   1.1022E+19   7.4233E+18   7.4063E+18   9.2830E+07   4.0812E+16   4.9380E+17
   1.378000E+00   9.2812E+07   1.0384E+18   1.0965E+19   7.4465E+18   7.4304E+18   9.2812E+07   4.0768E+16   4.9884E+17
   1.393000E+00   9.2794E+07   1.0485E+18   1.0909E+19   7.4692E+18   7.4540E+18   9.2794E+07   4.0724E+16   5.0387E+17
   1.409000E+00   9.2774E+07   1.0591E+18   1.0850E+19   7.4927E+18   7.4784E+18   9.2774E+07   4.0678E+16   5.0923E+17
   1.425000E+00   9.2755E+07   1.0698E+18   1.0793E+19   7.5156E+18   7.5022E+18   9.2755E+07   4.0633E+16   5.1457E+17
   1.441000E+00   9.2736E+07   1.0804E+18   1.0737E+19   7.5379E+18   7.5254E+18   9.2736E+07   4.0590E+16   5.1991E+17
   1.457000E+00   9.2717E+07   1.0910E+18   1.0682E+19   7.5595E+18   7.5480E+18   9.2717E+07   4.0545E+16   5.2523E+17
   1.473000E+00   9.2698E+07   1.1016E+18   1.0628E+19   7.5806E+18   7.5699E+18   9.2698E+07   4.0500E+16   5.3054E+17
   1.490000E+00   9.2678E+07   1.1128E+18   1.0573E+19   7.6023E+18   7.5927E+18   9.2678E+07   4.0452E+16   5.3617E+17
   1.507000E+00   9.2658E+07   1.1240E+18   1.0518E+19   7.6235E+18   7.6147E+18   9.2658E+07   4.0404E+16   5.4178E+17
   1.524000E+00   9.2638E+07   1.1351E+18   1.0465E+19   7.6439E+18   7.6362E+18   9.2638E+07   4.0357E+16   5.4738E+17
   1.541000E+00   9.2618E+07   1.1463E+18   1.0413E+19   7.6638E+18   7.6570E+18   9.2618E+07   4.0310E+16   5.5297E+17
   1.558000E+00   9.2598E+07   1.1574E+18   1.0363E+19   7.6831E+18   7.6772E+18   9.2598E+07   4.0265E+16   5.5855E+17
   1.576000E+00   9.2576E+07   1.1691E+18   1.0310E+19   7.7029E+18   7.6980E+18   9.2576E+07   4.0217E+16   5.6444E+17
   1.594000E+00   9.2555E+07   1.1808E+18   1.0259E+19   7.7221E+18   7.7182E+18   9.2555E+07   4.0171E+16   5.7031E+17
   1.612000E+00   9.2534E+07   1.1925E+18   1.0210E+19   7.7406E+18   7.7377E+18   9.2534E+07   4.0126E+16   5.7618E+17
   1.630000E+00   9.2513E+07   1.2041E+18   1.0161E+19   7.7586E+18   7.7567E+18   9.2513E+07   4.0082E+16   5.8203E+17
   1.649000E+00   9.2491E+07   1.2164E+18   1.0111E+19   7.7769E+18   7.7760E+18   9.2491E+07   4.0033E+16   5.8819E+17
   1.668000E+00   9.2469E+07   1.2287E+18   1.0062E+19   7.7946E+18   7.7947E+18   9.2469E+07   3.9985E+16   5.9434E+17
   1.687000E+00   9.2448E+07   1.2409E+18   1.0015E+19   7.8117E+18   7.8128E+18   9.2448E+07   3.9937E+16   6.0047E+17
   1.706000E+00   9.2425E+07   1.2531E+18   9.9689E+18   7.8282E+18   7.8303E+18   9.2425E+07   3.9890E+16   6.0658E+17
   1.725000E+00   9.2402E+07   1.2652E+18   9.9239E+18   7.8441E+18   7.8473E+18   9.2402E+07   3.9844E+16   6.1269E+17
   1.745000E+00   9.2379E+07   1.2780E+18   9.8778E+18   7.8602E+18   7.8645E+18   9.2379E+07   3.9797E+16   6.1910E+17
   1.765000E+00   9.2358E+07   1.2907E+18   9.8329E+18   7.8758E+18   7.8810E+18   9.2358E+07   3.9750E+16   6.2549E+17
   1.785000E+00   9.2335E+07   1.3034E+18   9.7892E+18   7.8907E+18   7.8970E+18   9.2335E+07   3.9704E+16   6.3187E+17
   1.805000E+00   9.2312E+07   1.3161E+18   9.7467E+18   7.9051E+18   7.9125E+18   9.2312E+07   3.9659E+16   6.3823E+17
   1.826000E+00   9.2288E+07   1.3294E+18   9.7033E+18   7.9196E+18   7.9281E+18   9.2288E+07   3.9612E+16   6.4490E+17
   1.847000E+00   9.2264E+07   1.3427E+18   9.6612E+18   7.9336E+18   7.9431E+18   9.2264E+07   3.9566E+16   6.5155E+17
   1.868000E+00   9.2240E+07   1.3559E+18   9.6201E+18   7.9469E+18   7.9575E+18   9.2240E+07   3.9520E+16   6.5819E+17
   1.889000E+00   9.2216E+07   1.3691E+18   9.5803E+18   7.9597E+18   7.9713E+18   9.2216E+07   3.9475E+16   6.6481E+17
   1.911000E+00   9.2191E+07   1.3829E+18   9.5397E+18   7.9726E+18   7.9853E+18   9.2191E+07   3.9428E+16   6.7173E+17
   1.933000E+00   9.2166E+07   1.3966E+18   9.5003E+18   7.9849E+18   7.9986E+18   9.2166E+07   3.9382E+16   6.7863E+17
   1.955000E+00   9.2141E+07   1.4104E+18   9.4620E+18   7.9966E+18   8.0114E+18   9.2141E+07   3.9337E+16   6.8552E+17
   1.978000E+00   9.2115E+07   1.4247E+18   9.4232E+18   8.0083E+18   8.0242E+18   9.2115E+07   3.9291E+16   6.9270E+17
   2.001000E+00   9.2090E+07   1.4390E+18   9.3855E+18   8.0195E+18   8.0365E+18   9.2090E+07   3.9246E+16   6.9987E+17
   2.024000E+00   9.2064E+07   1.4532E+18   9.3490E+18   8.0301E+18   8.0482E+18   9.2064E+07   3.9202E+16   7.0702E+17
   2.047000E+00   9.2038E+07   1.4675E+18   9.3135E+18   8.0401E+18   8.0593E+18   9.2038E+07   3.9159E+16   7.1415E+17
   2.071000E+00   9.2011E+07   1.4823E+18   9.2777E+18   8.0501E+18   8.0704E+18   9.2011E+07   3.9115E+16   7.2158E+17
   2.095000E+00   9.1984E+07   1.4971E+18   9.2429E+18   8.0596E+18   8.0809E+18   9.1984E+07   3.9071E+16   7.2900E+17
   2.119000E+00   9.1958E+07   1.5118E+18   9.2092E+18   8.0685E+18   8.0910E+18   9.1958E+07   3.9027E+16   7.3639E+17
   2.144000E+00   9.1930E+07   1.5271E+18   9.1751E+18   8.0773E+18   8.1009E+18   9.1930E+07   3.8982E+16   7.4408E+17
   2.169000E+00   9.1902E+07   1.5424E+18   9.1422E+18   8.0856E+18   8.1102E+18   9.1902E+07   3.8937E+16   7.5174E+17
   2.194000E+00   9.1874E+07   1.5577E+18   9.1103E+18   8.0934E+18   8.1191E+18   9.1874E+07   3.8893E+16   7.5940E+17
   2.219000E+00   9.1847E+07   1.5729E+18   9.0794E+18   8.1007E+18   8.1275E+18   9.1847E+07   3.8850E+16   7.6703E+17
   2.245000E+00   9.1818E+07   1.5887E+18   9.0482E+18   8.1078E+18   8.1357E+18   9.1818E+07   3.8806E+16   7.7495E+17
   2.271000E+00   9.1790E+07   1.6045E+18   9.0181E+18   8.1144E+18   8.1435E+18   9.1790E+07   3.8762E+16   7.8285E+17
   2.297000E+00   9.1761E+07   1.6202E+18   8.9889E+18   8.1206E+18   8.1507E+18   9.1761E+07   3.8720E+16   7.9074E+17
   2.324000E+00   9.1731E+07   1.6365E+18   8.9596E+18   8.1266E+18   8.1578E+18   9.1731E+07   3.8676E+16   7.9891E+17
   2.351000E+00   9.1702E+07   1.6528E+18   8.9312E+18   8.1321E+18   8.1644E+18   9.1702E+07   3.8633E+16   8.0706E+17
   2.378000E+00   9.1672E+07   1.6690E+18   8.9038E+18   8.1371E+18   8.1705E+18   9.1672E+07   3.8592E+16   8.1520E+17
   2.406000E+00   9.1642E+07   1.6858E+18   8.8763E+18   8.1420E+18   8.1764E+18   9.1642E+07   3.8550E+16   8.2362E+17
   2.434000E+00   9.1611E+07   1.7025E+18   8.8497E+18   8.1463E+18   8.1819E+18   9.1611E+07   3.8510E+16   8.3202E+17
   2.462000E+00   9.1581E+07   1.7193E+18   8.8239E+18   8.1503E+18   8.1869E+18   9.1581E+07   3.8463E+16   8.4040E+17
   2.491000E+00   9.1549E+07   1.7365E+18   8.7982E+18   8.1540E+18   8.1917E+18   9.1549E+07   3.8410E+16   8.4906E+17
   2.520000E+00   9.1518E+07   1.7538E+18   8.7733E+18   8.1573E+18   8.1961E+18   9.1518E+07   3.8366E+16   8.5769E+17
   2.550000E+00   9.1486E+07   1.7715E+18   8.7484E+18   8.1603E+18   8.2002E+18   9.1486E+07   3.8323E+16   8.6661E+17
   2.580000E+00   9.1453E+07   1.7893E+18   8.7243E+18   8.1629E+18   8.2039E+18   9.1453E+07   3.8280E+16   8.7550E+17
   2.610000E+00   9.1421E+07   1.8070E+18   8.7011E+18   8.1652E+18   8.2072E+18   9.1421E+07   3.8239E+16   8.8438E+17
   2.641000E+00   9.1388E+07   1.8252E+18   8.6779E+18   8.1671E+18   8.2102E+18   9.1388E+07   3.8197E+16   8.9353E+17
   2.672000E+00   9.1355E+07   1.8435E+18   8.6555E+18   8.1687E+18   8.2128E+18   9.1355E+07   3.8157E+16   9.0266E+17
   2.703000E+00   9.1321E+07   1.8617E+18   8.6338E+18   8.1699E+18   8.2151E+18   9.1321E+07   3.8118E+16   9.1177E+17
   2.735000E+00   9.1287E+07   1.8804E+18   8.6122E+18   8.1708E+18   8.2170E+18   9.1287E+07   3.8079E+16   9.2116E+17
   2.767000E+00   9.1253E+07   1.8991E+18   8.5913E+18   8.1714E+18   8.2186E+18   9.1253E+07   3.8040E+16   9.3052E+17
   2.800000E+00   9.1218E+07   1.9183E+18   8.5705E+18   8.1716E+18   8.2199E+18   9.1218E+07   3.7999E+16   9.4016E+17
   2.833000E+00   9.1183E+07   1.9375E+18   8.5504E+18   8.1716E+18   8.2209E+18   9.1183E+07   3.7959E+16   9.4978E+17
   2.866000E+00   9.1148E+07   1.9567E+18   8.5310E+18   8.1712E+18   8.2215E+18   9.1148E+07   3.7921E+16   9.5938E+17
   2.900000E+00   9.1112E+07   1.9764E+18   8.5117E+18   8.1705E+18   8.2219E+18   9.1112E+07   3.7881E+16   9.6925E+17
   2.934000E+00   9.1076E+07   1.9960E+18   8.4930E+18   8.1695E+18   8.2219E+18   9.1076E+07   3.7842E+16   9.7910E+17
   2.969000E+00   9.1039E+07   2.0162E+18   8.4743E+18   8.1682E+18   8.2216E+18   9.1039E+07   3.7801E+16   9.8922E+17
   3.004000E+00   9.1002E+07   2.0364E+18   8.4564E+18   8.1666E+18   8.2210E+18   9.1002E+07   3.7761E+16   9.9932E+17
   3.039000E+00   9.0965E+07   2.0565E+18   8.4390E+18   8.1648E+18   8.2202E+18   9.0965E+07   3.7721E+16   1.0094E+18
   3.075000E+00   9.0927E+07   2.0771E+18   8.4217E+18   8.1626E+18   8.2190E+18   9.0927E+07   3.7680E+16   1.0197E+18
   3.111000E+00   9.0889E+07   2.0977E+18   8.4049E+18   8.1602E+18   8.2175E+18   9.0889E+07   3.7640E+16   1.0300E+18
   3.148000E+00   9.0851E+07   2.1189E+18   8.3883E+18   8.1575E+18   8.2158E+18   9.0851E+07   3.7600E+16   1.0406E+18
   3.185000E+00   9.0812E+07   2.1399E+18   8.3722E+18   8.1546E+18   8.2138E+18   9.0812E+07   3.7560E+16   1.0512E+18
   3.223000E+00   9.0772E+07   2.1615E+18   8.3561E+18   8.1513E+18   8.2115E+18   9.0772E+07   3.7520E+16   1.0620E+18
   3.261000E+00   9.0733E+07   2.1831E+18   8.3406E+18   8.1478E+18   8.2089E+18   9.0733E+07   3.7482E+16   1.0728E+18
   3.300000E+00   9.0692E+07   2.2052E+18   8.3252E+18   8.1440E+18   8.2060E+18   9.0692E+07   3.7444E+16   1.0839E+18
   3.339000E+00   9.0652E+07   2.2272E+18   8.3103E+18   8.1400E+18   8.2030E+18   9.0652E+07   3.7405E+16   1.0949E+18
   3.378000E+00   9.0611E+07   2.2492E+18   8.2958E+18   8.1358E+18   8.1996E+18   9.0611E+07   3.7363E+16   1.1059E+18
   3.418000E+00   9.0570E+07   2.2717E+18   8.2813E+18   8.1313E+18   8.1961E+18   9.0570E+07   3.7319E+16   1.1172E+18
   3.458000E+00   9.0529E+07   2.2942E+18   8.2674E+18   8.1267E+18   8.1923E+18   9.0529E+07   3.7277E+16   1.1284E+18
   3.499000E+00   9.0486E+07   2.3171E+18   8.2534E+18   8.1217E+18   8.1882E+18   9.0486E+07   3.7233E+16   1.1399E+18
   3.540000E+00   9.0444E+07   2.3400E+18   8.2399E+18   8.1166E+18   8.1839E+18   9.0444E+07   3.7192E+16   1.1514E+18
   3.582000E+00   9.0401E+07   2.3634E+18   8.2264E+18   8.1112E+18   8.1794E+18   9.0401E+07   3.7148E+16   1.1631E+18
   3.624000E+00   9.0358E+07   2.3868E+18   8.2133E+18   8.1057E+18   8.1747E+18   9.0358E+07   3.7109E+16   1.1748E+18
   3.667000E+00   9.0314E+07   2.4107E+18   8.2002E+18   8.0999E+18   8.1697E+18   9.0314E+07   3.7069E+16   1.1868E+18
   3.711000E+00   9.0269E+07   2.4350E+18   8.1872E+18   8.0938E+18   8.1644E+18   9.0269E+07   3.7028E+16   1.1990E+18
   3.755000E+00   9.0224E+07   2.4594E+18   8.1745E+18   8.0876E+18   8.1590E+18   9.0224E+07   3.6988E+16   1.2112E+18
   3.800000E+00   9.0178E+07   2.4842E+18   8.1618E+18   8.0811E+18   8.1533E+18   9.0178E+07   3.6950E+16   1.2236E+18
   3.845000E+00   9.0132E+07   2.5089E+18   8.1495E+18   8.0745E+18   8.1475E+18   9.0132E+07   3.6912E+16   1.2360E+18
   3.891000E+00   9.0086E+07   2.5342E+18   8.1371E+18   8.0677E+18   8.1414E+18   9.0086E+07   3.6867E+16   1.2487E+18
   3.937000E+00   9.0039E+07   2.5594E+18   8.1251E+18   8.0607E+18   8.1352E+18   9.0039E+07   3.6821E+16   1.2613E+18
   3.984000E+00   8.9991E+07   2.5851E+18   8.1131E+18   8.0535E+18   8.1287E+18   8.9991E+07   3.6776E+16   1.2741E+18
   4.031000E+00   8.9944E+07   2.6107E+18   8.1013E+18   8.0462E+18   8.1222E+18   8.9944E+07   3.6736E+16   1.2870E+18
   4.079000E+00   8.9896E+07   2.6368E+18   8.0896E+18   8.0387E+18   8.1153E+18   8.9896E+07   3.6694E+16   1.3001E+18
   4.128000E+00   8.9846E+07   2.6634E+18   8.0778E+18   8.0310E+18   8.1083E+18   8.9846E+07   3.6653E+16   1.3134E+18
   4.177000E+00   8.9797E+07   2.6899E+18   8.0663E+18   8.0231E+18   8.1011E+18   8.9797E+07   3.6614E+16   1.3267E+18
   4.227000E+00   8.9747E+07   2.7169E+18   8.0547E+18   8.0151E+18   8.0937E+18   8.9747E+07   3.6566E+16   1.3402E+18
   4.277000E+00   8.9697E+07   2.7439E+18   8.0434E+18   8.0069E+18   8.0862E+18   8.9697E+07   3.6526E+16   1.3537E+18
   4.328000E+00   8.9646E+07   2.7713E+18   8.0321E+18   7.9986E+18   8.0785E+18   8.9646E+07   3.6477E+16   1.3674E+18
   4.380000E+00   8.9594E+07   2.7992E+18   8.0207E+18   7.9900E+18   8.0706E+18   8.9594E+07   3.6432E+16   1.3814E+18
   4.432000E+00   8.9542E+07   2.8270E+18   8.0095E+18   7.9814E+18   8.0625E+18   8.9542E+07   3.6389E+16   1.3953E+18
   4.485000E+00   8.9490E+07   2.8553E+18   7.9983E+18   7.9726E+18   8.0543E+18   8.9490E+07   3.6346E+16   1.4095E+18
   4.539000E+00   8.9436E+07   2.8840E+18   7.9870E+18   7.9635E+18   8.0459E+18   8.9436E+07   3.6301E+16   1.4239E+18
   4.593000E+00   8.9383E+07   2.9127E+18   7.9759E+18   7.9545E+18   8.0374E+18   8.9383E+07   3.6257E+16   1.4382E+18
   4.648000E+00   8.9328E+07   2.9418E+18   7.9647E+18   7.9452E+18   8.0286E+18   8.9328E+07   3.6211E+16   1.4528E+18
   4.704000E+00   8.9273E+07   2.9714E+18   7.9535E+18   7.9358E+18   8.0197E+18   8.9273E+07   3.6164E+16   1.4676E+18
   4.760000E+00   8.9218E+07   3.0010E+18   7.9425E+18   7.9263E+18   8.0107E+18   8.9218E+07   3.6119E+16   1.4824E+18
   4.817000E+00   8.9162E+07   3.0309E+18   7.9313E+18   7.9166E+18   8.0016E+18   8.9162E+07   3.6080E+16   1.4974E+18
   4.875000E+00   8.9105E+07   3.0614E+18   7.9201E+18   7.9067E+18   7.9922E+18   8.9105E+07   3.6024E+16   1.5127E+18
   4.934000E+00   8.9047E+07   3.0922E+18   7.9089E+18   7.8967E+18   7.9826E+18   8.9047E+07   3.5975E+16   1.5281E+18
   4.993000E+00   8.8990E+07   3.1230E+18   7.8978E+18   7.8867E+18   7.9730E+18   8.8990E+07   3.5930E+16   1.5435E+18
   5.053000E+00   8.8931E+07   3.1542E+18   7.8865E+18   7.8764E+18   7.9632E+18   8.8931E+07   3.5882E+16   1.5592E+18
   5.114000E+00   8.8872E+07   3.1859E+18   7.8753E+18   7.8661E+18   7.9533E+18   8.8872E+07   3.5833E+16   1.5750E+18
   5.176000E+00   8.8812E+07   3.2179E+18   7.8639E+18   7.8555E+18   7.9431E+18   8.8812E+07   3.5782E+16   1.5911E+18
   5.238000E+00   8.8752E+07   3.2499E+18   7.8526E+18   7.8449E+18   7.9329E+18   8.8752E+07   3.5738E+16   1.6071E+18
   5.301000E+00   8.8691E+07   3.2824E+18   7.8413E+18   7.8342E+18   7.9226E+18   8.8691E+07   3.5684E+16   1.6233E+18
   5.365000E+00   8.8629E+07   3.3152E+18   7.8299E+18   7.8233E+18   7.9121E+18   8.8629E+07   3.5634E+16   1.6398E+18
   5.430000E+00   8.8566E+07   3.3485E+18   7.8183E+18   7.8123E+18   7.9014E+18   8.8566E+07   3.5585E+16   1.6564E+18
   5.496000E+00   8.8503E+07   3.3821E+18   7.8067E+18   7.8011E+18   7.8905E+18   8.8503E+07   3.5530E+16   1.6733E+18
   5.563000E+00   8.8439E+07   3.4162E+18   7.7950E+18   7.7897E+18   7.8794E+18   8.8439E+07   3.5486E+16   1.6904E+18
   5.630000E+00   8.8375E+07   3.4502E+18   7.7834E+18   7.7784E+18   7.8684E+18   8.8375E+07   3.5428E+16   1.7074E+18
