       Time_s                                                                                                               01                                                                                                               02                                                                                                               03                                                                                                               04                                                                                                               05                                                                                                               06                                                                                                               07                                                                                                               08                                                                                                               09                                                                                                               10                                                                                                               11                                                                                                               12
   0.0000E+00   7.9815E+15   1.8762E+15   0.0000E+00   0.0000E+00   7.3666E+17   0.0000E+00   0.0000E+00   2.7405E+13   2.7405E+13   2.7405E+13   5.3871E+17   0.0000E+00
   1.0000E-03   7.5204E+17   1.7678E+17   6.7205E+14   6.5588E+14   6.9411E+19   6.2027E+16   6.0534E+16   2.3178E+19   2.3178E+19   2.3178E+19   5.0759E+19   5.1598E+17
   2.0000E-03   1.1926E+19   1.2212E+19   1.6704E+16   1.6569E+16   9.1098E+16   1.2215E+14   1.2116E+14   3.0447E+16   3.0447E+16   3.0447E+16   6.5893E+17   5.0852E+17
   3.0000E-03   1.1915E+19   1.2200E+19   2.2258E+16   2.2257E+16   9.1012E+16   1.6276E+14   1.6275E+14   3.0446E+16   3.0446E+16   3.0446E+16   6.5831E+17   5.0142E+17
   4.0000E-03   1.1907E+19   1.2192E+19   2.7814E+16   2.7945E+16   9.1233E+16   2.0402E+14   2.0498E+14   3.0547E+16   3.0547E+16   3.0547E+16   6.5923E+17   4.9465E+17
   5.0000E-03   1.1901E+19   1.2184E+19   3.3370E+16   3.3634E+16   9.1586E+16   2.4585E+14   2.4779E+14   3.0693E+16   3.0693E+16   3.0693E+16   6.6081E+17   4.8820E+17
   6.0000E-03   1.1890E+19   1.2173E+19   3.8909E+16   3.9304E+16   9.1500E+16   2.8665E+14   2.8956E+14   3.0692E+16   3.0692E+16   3.0692E+16   6.6019E+17   4.8206E+17
   7.0000E-03   1.1884E+19   1.2165E+19   4.4458E+16   4.4985E+16   9.1847E+16   3.2895E+14   3.3285E+14   3.0836E+16   3.0836E+16   3.0836E+16   6.6174E+17   4.7620E+17
   8.0000E-03   1.1873E+19   1.2154E+19   4.9985E+16   5.0643E+16   9.1761E+16   3.6985E+14   3.7472E+14   3.0835E+16   3.0835E+16   3.0835E+16   6.6111E+17   4.7061E+17
   9.0000E-03   1.1867E+19   1.2146E+19   5.5528E+16   5.6317E+16   9.2109E+16   4.1264E+14   4.1850E+14   3.0980E+16   3.0980E+16   3.0980E+16   6.6267E+17   4.6526E+17
   1.0000E-02   1.1856E+19   1.2135E+19   6.1044E+16   6.1963E+16   9.2023E+16   4.5364E+14   4.6046E+14   3.0979E+16   3.0979E+16   3.0979E+16   6.6205E+17   4.6017E+17
   1.1000E-02   1.1850E+19   1.2128E+19   6.6580E+16   6.7628E+16   9.2371E+16   4.9691E+14   5.0474E+14   3.1124E+16   3.1124E+16   3.1124E+16   6.6359E+17   4.5529E+17
   1.2000E-02   1.1839E+19   1.2116E+19   7.2085E+16   7.3262E+16   9.2284E+16   5.3800E+14   5.4679E+14   3.1123E+16   3.1123E+16   3.1123E+16   6.6297E+17   4.5064E+17
   1.3000E-02   1.1833E+19   1.2109E+19   7.7614E+16   7.8920E+16   9.2632E+16   5.8176E+14   5.9155E+14   3.1268E+16   3.1268E+16   3.1268E+16   6.6451E+17   4.4619E+17
   1.4000E-02   1.1822E+19   1.2097E+19   8.3108E+16   8.4542E+16   9.2545E+16   6.2294E+14   6.3369E+14   3.1267E+16   3.1267E+16   3.1267E+16   6.6388E+17   4.4194E+17
   1.5000E-02   1.1816E+19   1.2090E+19   8.8630E+16   9.0193E+16   9.2892E+16   6.6718E+14   6.7894E+14   3.1413E+16   3.1413E+16   3.1413E+16   6.6541E+17   4.3787E+17
   1.6000E-02   1.1805E+19   1.2078E+19   9.4113E+16   9.5803E+16   9.2805E+16   7.0845E+14   7.2117E+14   3.1411E+16   3.1411E+16   3.1411E+16   6.6479E+17   4.3398E+17
   1.7000E-02   1.1799E+19   1.2071E+19   9.9628E+16   1.0145E+17   9.3151E+16   7.5317E+14   7.6691E+14   3.1557E+16   3.1557E+16   3.1557E+16   6.6632E+17   4.3026E+17
   1.8000E-02   1.1788E+19   1.2060E+19   1.0510E+17   1.0704E+17   9.3064E+16   7.9454E+14   8.0923E+14   3.1556E+16   3.1556E+16   3.1556E+16   6.6569E+17   4.2670E+17
   1.9000E-02   1.1782E+19   1.2052E+19   1.1061E+17   1.1268E+17   9.3409E+16   8.3974E+14   8.5545E+14   3.1701E+16   3.1701E+16   3.1701E+16   6.6721E+17   4.2329E+17
   2.0000E-02   1.1771E+19   1.2041E+19   1.1607E+17   1.1826E+17   9.3322E+16   8.8120E+14   8.9786E+14   3.1700E+16   3.1700E+16   3.1700E+16   6.6659E+17   4.2002E+17
   2.1000E-02   1.1765E+19   1.2033E+19   1.2157E+17   1.2389E+17   9.3667E+16   9.2688E+14   9.4457E+14   3.1846E+16   3.1846E+16   3.1846E+16   6.6810E+17   4.1690E+17
   2.2000E-02   1.1754E+19   1.2022E+19   1.2702E+17   1.2946E+17   9.3579E+16   9.6842E+14   9.8707E+14   3.1845E+16   3.1845E+16   3.1845E+16   6.6747E+17   4.1390E+17
   2.3000E-02   1.1748E+19   1.2015E+19   1.3251E+17   1.3508E+17   9.3923E+16   1.0146E+15   1.0343E+15   3.1991E+16   3.1991E+16   3.1991E+16   6.6898E+17   4.1103E+17
   2.4000E-02   1.1737E+19   1.2003E+19   1.3795E+17   1.4064E+17   9.3836E+16   1.0562E+15   1.0768E+15   3.1990E+16   3.1990E+16   3.1990E+16   6.6835E+17   4.0829E+17
   2.5000E-02   1.1731E+19   1.1996E+19   1.4344E+17   1.4626E+17   9.4179E+16   1.1029E+15   1.1245E+15   3.2136E+16   3.2136E+16   3.2136E+16   6.6985E+17   4.0565E+17
   2.6000E-02   1.1720E+19   1.1985E+19   1.4887E+17   1.5181E+17   9.4091E+16   1.1446E+15   1.1672E+15   3.2134E+16   3.2134E+16   3.2134E+16   6.6922E+17   4.0313E+17
   2.7000E-02   1.1714E+19   1.1977E+19   1.5434E+17   1.5741E+17   9.4435E+16   1.1917E+15   1.2154E+15   3.2281E+16   3.2281E+16   3.2281E+16   6.7072E+17   4.0071E+17
   2.8000E-02   1.1703E+19   1.1966E+19   1.5976E+17   1.6295E+17   9.4346E+16   1.2335E+15   1.2581E+15   3.2279E+16   3.2279E+16   3.2279E+16   6.7009E+17   3.9839E+17
   2.9000E-02   1.1697E+19   1.1958E+19   1.6523E+17   1.6854E+17   9.4689E+16   1.2811E+15   1.3068E+15   3.2426E+16   3.2426E+16   3.2426E+16   6.7158E+17   3.9617E+17
   3.0000E-02   1.1686E+19   1.1947E+19   1.7064E+17   1.7407E+17   9.4601E+16   1.3230E+15   1.3496E+15   3.2424E+16   3.2424E+16   3.2424E+16   6.7095E+17   3.9404E+17
   3.1000E-02   1.1680E+19   1.1940E+19   1.7610E+17   1.7965E+17   9.4943E+16   1.3711E+15   1.3987E+15   3.2571E+16   3.2571E+16   3.2571E+16   6.7243E+17   3.9200E+17
   3.2000E-02   1.1669E+19   1.1928E+19   1.8150E+17   1.8517E+17   9.4854E+16   1.4131E+15   1.4416E+15   3.2570E+16   3.2570E+16   3.2570E+16   6.7180E+17   3.9004E+17
   3.3000E-02   1.1663E+19   1.1921E+19   1.8695E+17   1.9074E+17   9.5196E+16   1.4616E+15   1.4913E+15   3.2716E+16   3.2716E+16   3.2716E+16   6.7327E+17   3.8816E+17
   3.4000E-02   1.1654E+19   1.1912E+19   1.9237E+17   1.9628E+17   9.5322E+16   1.5071E+15   1.5377E+15   3.2789E+16   3.2789E+16   3.2789E+16   6.7370E+17   3.8637E+17
   3.5000E-02   1.1644E+19   1.1900E+19   1.9775E+17   2.0178E+17   9.5233E+16   1.5492E+15   1.5808E+15   3.2788E+16   3.2788E+16   3.2788E+16   6.7307E+17   3.8464E+17
   3.6000E-02   1.1637E+19   1.1893E+19   2.0319E+17   2.0734E+17   9.5535E+16   1.5978E+15   1.6304E+15   3.2921E+16   3.2921E+16   3.2921E+16   6.7434E+17   3.8298E+17
   3.7000E-02   1.1626E+19   1.1881E+19   2.0855E+17   2.1282E+17   9.5446E+16   1.6400E+15   1.6736E+15   3.2920E+16   3.2920E+16   3.2920E+16   6.7371E+17   3.8140E+17
   3.8000E-02   1.1620E+19   1.1874E+19   2.1399E+17   2.1838E+17   9.5793E+16   1.6898E+15   1.7245E+15   3.3069E+16   3.3069E+16   3.3069E+16   6.7520E+17   3.7989E+17
   3.9000E-02   1.1609E+19   1.1863E+19   2.1935E+17   2.2385E+17   9.5703E+16   1.7321E+15   1.7677E+15   3.3068E+16   3.3068E+16   3.3068E+16   6.7457E+17   3.7844E+17
   4.0000E-02   1.1603E+19   1.1855E+19   2.2478E+17   2.2940E+17   9.6050E+16   1.7824E+15   1.8191E+15   3.3217E+16   3.3217E+16   3.3217E+16   6.7606E+17   3.7706E+17
   4.1000E-02   1.1592E+19   1.1844E+19   2.3013E+17   2.3486E+17   9.5960E+16   1.8248E+15   1.8624E+15   3.3216E+16   3.3216E+16   3.3216E+16   6.7543E+17   3.7573E+17
   4.2000E-02   1.1586E+19   1.1837E+19   2.3555E+17   2.4040E+17   9.6306E+16   1.8756E+15   1.9142E+15   3.3365E+16   3.3365E+16   3.3365E+16   6.7690E+17   3.7445E+17
   4.3000E-02   1.1576E+19   1.1826E+19   2.4088E+17   2.4585E+17   9.6216E+16   1.9181E+15   1.9576E+15   3.3364E+16   3.3364E+16   3.3364E+16   6.7627E+17   3.7323E+17
   4.4000E-02   1.1570E+19   1.1818E+19   2.4630E+17   2.5138E+17   9.6561E+16   1.9693E+15   2.0100E+15   3.3513E+16   3.3513E+16   3.3513E+16   6.7775E+17   3.7206E+17
   4.5000E-02   1.1559E+19   1.1807E+19   2.5162E+17   2.5682E+17   9.6471E+16   2.0119E+15   2.0534E+15   3.3512E+16   3.3512E+16   3.3512E+16   6.7712E+17   3.7093E+17
   4.6000E-02   1.1553E+19   1.1800E+19   2.5703E+17   2.6234E+17   9.6816E+16   2.0636E+15   2.1063E+15   3.3662E+16   3.3662E+16   3.3662E+16   6.7858E+17   3.6985E+17
   4.7000E-02   1.1544E+19   1.1791E+19   2.6239E+17   2.6782E+17   9.6943E+16   2.1110E+15   2.1546E+15   3.3736E+16   3.3736E+16   3.3736E+16   6.7900E+17   3.6882E+17
   4.8000E-02   1.1534E+19   1.1780E+19   2.6770E+17   2.7323E+17   9.6853E+16   2.1537E+15   2.1982E+15   3.3735E+16   3.3735E+16   3.3735E+16   6.7837E+17   3.6783E+17
   4.9000E-02   1.1528E+19   1.1772E+19   2.7309E+17   2.7875E+17   9.7197E+16   2.2061E+15   2.2518E+15   3.3885E+16   3.3885E+16   3.3885E+16   6.7982E+17   3.6688E+17
   5.0000E-02   1.1517E+19   1.1761E+19   2.7839E+17   2.8415E+17   9.7106E+16   2.2489E+15   2.2955E+15   3.3884E+16   3.3884E+16   3.3884E+16   6.7919E+17   3.6597E+17
   5.1000E-02   1.1511E+19   1.1754E+19   2.8378E+17   2.8966E+17   9.7450E+16   2.3018E+15   2.3495E+15   3.4034E+16   3.4034E+16   3.4034E+16   6.8064E+17   3.6510E+17
   5.2000E-02   1.1500E+19   1.1743E+19   2.8906E+17   2.9505E+17   9.7359E+16   2.3447E+15   2.3933E+15   3.4032E+16   3.4032E+16   3.4032E+16   6.8001E+17   3.6427E+17
   5.3000E-02   1.1494E+19   1.1735E+19   2.9444E+17   3.0054E+17   9.7702E+16   2.3981E+15   2.4478E+15   3.4183E+16   3.4183E+16   3.4183E+16   6.8146E+17   3.6347E+17
   5.4000E-02   1.1483E+19   1.1724E+19   2.9971E+17   3.0592E+17   9.7611E+16   2.4410E+15   2.4916E+15   3.4181E+16   3.4181E+16   3.4181E+16   6.8082E+17   3.6271E+17
   5.5000E-02   1.1477E+19   1.1717E+19   3.0509E+17   3.1141E+17   9.7953E+16   2.4949E+15   2.5466E+15   3.4332E+16   3.4332E+16   3.4332E+16   6.8226E+17   3.6198E+17
   5.6000E-02   1.1469E+19   1.1708E+19   3.1040E+17   3.1684E+17   9.8079E+16   2.5435E+15   2.5963E+15   3.4406E+16   3.4406E+16   3.4406E+16   6.8266E+17   3.6128E+17
   5.7000E-02   1.1458E+19   1.1697E+19   3.1566E+17   3.2220E+17   9.7988E+16   2.5866E+15   2.6402E+15   3.4405E+16   3.4405E+16   3.4405E+16   6.8203E+17   3.6062E+17
   5.8000E-02   1.1452E+19   1.1689E+19   3.2102E+17   3.2767E+17   9.8329E+16   2.6412E+15   2.6960E+15   3.4556E+16   3.4556E+16   3.4556E+16   6.8346E+17   3.5998E+17
   5.9000E-02   1.1441E+19   1.1678E+19   3.2626E+17   3.3302E+17   9.8238E+16   2.6843E+15   2.7400E+15   3.4554E+16   3.4554E+16   3.4554E+16   6.8283E+17   3.5938E+17
   6.0000E-02   1.1435E+19   1.1671E+19   3.3162E+17   3.3849E+17   9.8579E+16   2.7394E+15   2.7962E+15   3.4705E+16   3.4705E+16   3.4705E+16   6.8425E+17   3.5880E+17
   6.1000E-02   1.1425E+19   1.1660E+19   3.3685E+17   3.4383E+17   9.8488E+16   2.7826E+15   2.8403E+15   3.4704E+16   3.4704E+16   3.4704E+16   6.8362E+17   3.5825E+17
   6.2000E-02   1.1419E+19   1.1652E+19   3.4219E+17   3.4928E+17   9.8829E+16   2.8382E+15   2.8970E+15   3.4855E+16   3.4855E+16   3.4855E+16   6.8504E+17   3.5772E+17
   6.3000E-02   1.1408E+19   1.1642E+19   3.4741E+17   3.5461E+17   9.8737E+16   2.8815E+15   2.9412E+15   3.4853E+16   3.4853E+16   3.4853E+16   6.8440E+17   3.5722E+17
   6.4000E-02   1.1402E+19   1.1634E+19   3.5275E+17   3.6006E+17   9.9077E+16   2.9375E+15   2.9984E+15   3.5004E+16   3.5004E+16   3.5004E+16   6.8582E+17   3.5674E+17
   6.5000E-02   1.1391E+19   1.1623E+19   3.5796E+17   3.6537E+17   9.8985E+16   2.9809E+15   3.0426E+15   3.5003E+16   3.5003E+16   3.5003E+16   6.8518E+17   3.5628E+17
   6.6000E-02   1.1385E+19   1.1616E+19   3.6329E+17   3.7081E+17   9.9325E+16   3.0374E+15   3.1003E+15   3.5154E+16   3.5154E+16   3.5154E+16   6.8659E+17   3.5585E+17
   6.7000E-02   1.1375E+19   1.1605E+19   3.6849E+17   3.7611E+17   9.9233E+16   3.0809E+15   3.1446E+15   3.5153E+16   3.5153E+16   3.5153E+16   6.8595E+17   3.5543E+17
   6.8000E-02   1.1368E+19   1.1598E+19   3.7381E+17   3.8154E+17   9.9572E+16   3.1378E+15   3.2027E+15   3.5304E+16   3.5304E+16   3.5304E+16   6.8736E+17   3.5504E+17
   6.9000E-02   1.1360E+19   1.1588E+19   3.7906E+17   3.8690E+17   9.9696E+16   3.1883E+15   3.2542E+15   3.5379E+16   3.5379E+16   3.5379E+16   6.8774E+17   3.5467E+17
   7.0000E-02   1.1350E+19   1.1578E+19   3.8425E+17   3.9218E+17   9.9603E+16   3.2318E+15   3.2986E+15   3.5378E+16   3.5378E+16   3.5378E+16   6.8710E+17   3.5431E+17
   7.1000E-02   1.1343E+19   1.1570E+19   3.8956E+17   3.9760E+17   9.9942E+16   3.2895E+15   3.3575E+15   3.5530E+16   3.5530E+16   3.5530E+16   6.8850E+17   3.5398E+17
   7.2000E-02   1.1333E+19   1.1560E+19   3.9472E+17   4.0287E+17   9.9849E+16   3.3332E+15   3.4020E+15   3.5528E+16   3.5528E+16   3.5528E+16   6.8786E+17   3.5366E+17
   7.3000E-02   1.1327E+19   1.1552E+19   4.0003E+17   4.0828E+17   1.0019E+17   3.3913E+15   3.4613E+15   3.5680E+16   3.5680E+16   3.5680E+16   6.8925E+17   3.5336E+17
   7.4000E-02   1.1316E+19   1.1541E+19   4.0518E+17   4.1354E+17   1.0009E+17   3.4351E+15   3.5059E+15   3.5679E+16   3.5679E+16   3.5679E+16   6.8861E+17   3.5308E+17
   7.5000E-02   1.1310E+19   1.1534E+19   4.1048E+17   4.1894E+17   1.0043E+17   3.4937E+15   3.5657E+15   3.5830E+16   3.5830E+16   3.5830E+16   6.9000E+17   3.5281E+17
   7.6000E-02   1.1302E+19   1.1525E+19   4.1570E+17   4.2426E+17   1.0055E+17   3.5451E+15   3.6181E+15   3.5906E+16   3.5906E+16   3.5906E+16   6.9037E+17   3.5255E+17
   7.7000E-02   1.1291E+19   1.1514E+19   4.2084E+17   4.2950E+17   1.0046E+17   3.5889E+15   3.6628E+15   3.5904E+16   3.5904E+16   3.5904E+16   6.8973E+17   3.5231E+17
   7.8000E-02   1.1285E+19   1.1507E+19   4.2612E+17   4.3488E+17   1.0080E+17   3.6482E+15   3.7233E+15   3.6056E+16   3.6056E+16   3.6056E+16   6.9110E+17   3.5209E+17
   7.9000E-02   1.1275E+19   1.1496E+19   4.3125E+17   4.4011E+17   1.0070E+17   3.6921E+15   3.7681E+15   3.6055E+16   3.6055E+16   3.6055E+16   6.9047E+17   3.5188E+17
   8.0000E-02   1.1269E+19   1.1488E+19   4.3652E+17   4.4549E+17   1.0104E+17   3.7519E+15   3.8290E+15   3.6207E+16   3.6207E+16   3.6207E+16   6.9184E+17   3.5168E+17
   8.1000E-02   1.1258E+19   1.1478E+19   4.4164E+17   4.5071E+17   1.0095E+17   3.7959E+15   3.8739E+15   3.6206E+16   3.6206E+16   3.6206E+16   6.9120E+17   3.5150E+17
   8.2000E-02   1.1252E+19   1.1470E+19   4.4690E+17   4.5607E+17   1.0128E+17   3.8562E+15   3.9353E+15   3.6358E+16   3.6358E+16   3.6358E+16   6.9256E+17   3.5132E+17
   8.3000E-02   1.1242E+19   1.1460E+19   4.5201E+17   4.6128E+17   1.0119E+17   3.9002E+15   3.9802E+15   3.6357E+16   3.6357E+16   3.6357E+16   6.9192E+17   3.5116E+17
   8.4000E-02   1.1235E+19   1.1452E+19   4.5727E+17   4.6664E+17   1.0152E+17   3.9610E+15   4.0421E+15   3.6509E+16   3.6509E+16   3.6509E+16   6.9328E+17   3.5101E+17
   8.5000E-02   1.1225E+19   1.1442E+19   4.6236E+17   4.7183E+17   1.0143E+17   4.0051E+15   4.0871E+15   3.6508E+16   3.6508E+16   3.6508E+16   6.9265E+17   3.5087E+17
   8.6000E-02   1.1219E+19   1.1434E+19   4.6761E+17   4.7718E+17   1.0177E+17   4.0663E+15   4.1495E+15   3.6660E+16   3.6660E+16   3.6660E+16   6.9400E+17   3.5074E+17
   8.7000E-02   1.1209E+19   1.1424E+19   4.7269E+17   4.8236E+17   1.0167E+17   4.1105E+15   4.1945E+15   3.6659E+16   3.6659E+16   3.6659E+16   6.9336E+17   3.5063E+17
   8.8000E-02   1.1202E+19   1.1416E+19   4.7793E+17   4.8770E+17   1.0201E+17   4.1721E+15   4.2574E+15   3.6812E+16   3.6812E+16   3.6812E+16   6.9471E+17   3.5052E+17
   8.9000E-02   1.1192E+19   1.1406E+19   4.8301E+17   4.9287E+17   1.0191E+17   4.2164E+15   4.3025E+15   3.6810E+16   3.6810E+16   3.6810E+16   6.9407E+17   3.5042E+17
   9.0000E-02   1.1186E+19   1.1398E+19   4.8824E+17   4.9819E+17   1.0225E+17   4.2785E+15   4.3658E+15   3.6963E+16   3.6963E+16   3.6963E+16   6.9541E+17   3.5033E+17
   9.1000E-02   1.1178E+19   1.1389E+19   4.9338E+17   5.0344E+17   1.0237E+17   4.3319E+15   4.4202E+15   3.7039E+16   3.7039E+16   3.7039E+16   6.9576E+17   3.5024E+17
   9.2000E-02   1.1167E+19   1.1379E+19   4.9844E+17   5.0859E+17   1.0227E+17   4.3763E+15   4.4655E+15   3.7038E+16   3.7038E+16   3.7038E+16   6.9512E+17   3.5017E+17
   9.3000E-02   1.1161E+19   1.1371E+19   5.0365E+17   5.1390E+17   1.0260E+17   4.4391E+15   4.5295E+15   3.7191E+16   3.7191E+16   3.7191E+16   6.9646E+17   3.5011E+17
   9.5000E-02   1.1145E+19   1.1353E+19   5.1391E+17   5.2435E+17   1.0284E+17   4.5469E+15   4.6392E+15   3.7342E+16   3.7342E+16   3.7342E+16   6.9715E+17   3.5000E+17
   9.7000E-02   1.1128E+19   1.1335E+19   5.2414E+17   5.3477E+17   1.0308E+17   4.6551E+15   4.7495E+15   3.7494E+16   3.7494E+16   3.7494E+16   6.9783E+17   3.4992E+17
   9.9000E-02   1.1112E+19   1.1317E+19   5.3435E+17   5.4517E+17   1.0331E+17   4.7639E+15   4.8603E+15   3.7646E+16   3.7646E+16   3.7646E+16   6.9851E+17   3.4987E+17
   1.0100E-01   1.1095E+19   1.1299E+19   5.4455E+17   5.5555E+17   1.0355E+17   4.8732E+15   4.9716E+15   3.7798E+16   3.7798E+16   3.7798E+16   6.9918E+17   3.4984E+17
   1.0300E-01   1.1079E+19   1.1282E+19   5.5472E+17   5.6591E+17   1.0378E+17   4.9830E+15   5.0835E+15   3.7950E+16   3.7950E+16   3.7950E+16   6.9985E+17   3.4984E+17
   1.0500E-01   1.1062E+19   1.1264E+19   5.6487E+17   5.7625E+17   1.0402E+17   5.0933E+15   5.1959E+15   3.8103E+16   3.8103E+16   3.8103E+16   7.0051E+17   3.4986E+17
   1.0700E-01   1.1046E+19   1.1246E+19   5.7501E+17   5.8656E+17   1.0425E+17   5.2042E+15   5.3088E+15   3.8255E+16   3.8255E+16   3.8255E+16   7.0117E+17   3.4990E+17
   1.0900E-01   1.1030E+19   1.1228E+19   5.8512E+17   5.9686E+17   1.0449E+17   5.3156E+15   5.4222E+15   3.8408E+16   3.8408E+16   3.8408E+16   7.0182E+17   3.4996E+17
   1.1100E-01   1.1013E+19   1.1210E+19   5.9521E+17   6.0713E+17   1.0472E+17   5.4275E+15   5.5362E+15   3.8561E+16   3.8561E+16   3.8561E+16   7.0247E+17   3.5003E+17
   1.1300E-01   1.0997E+19   1.1193E+19   6.0529E+17   6.1738E+17   1.0495E+17   5.5399E+15   5.6506E+15   3.8713E+16   3.8713E+16   3.8713E+16   7.0311E+17   3.5013E+17
   1.1500E-01   1.0981E+19   1.1175E+19   6.1534E+17   6.2761E+17   1.0518E+17   5.6529E+15   5.7656E+15   3.8866E+16   3.8866E+16   3.8866E+16   7.0374E+17   3.5023E+17
   1.1700E-01   1.0964E+19   1.1157E+19   6.2537E+17   6.3782E+17   1.0541E+17   5.7663E+15   5.8811E+15   3.9019E+16   3.9019E+16   3.9019E+16   7.0437E+17   3.5035E+17
   1.1900E-01   1.0948E+19   1.1140E+19   6.3538E+17   6.4800E+17   1.0564E+17   5.8803E+15   5.9971E+15   3.9172E+16   3.9172E+16   3.9172E+16   7.0499E+17   3.5049E+17
   1.2100E-01   1.0932E+19   1.1122E+19   6.4537E+17   6.5817E+17   1.0587E+17   5.9948E+15   6.1136E+15   3.9326E+16   3.9326E+16   3.9326E+16   7.0561E+17   3.5063E+17
   1.2300E-01   1.0916E+19   1.1104E+19   6.5534E+17   6.6831E+17   1.0610E+17   6.1097E+15   6.2306E+15   3.9479E+16   3.9479E+16   3.9479E+16   7.0622E+17   3.5079E+17
   1.2500E-01   1.0899E+19   1.1087E+19   6.6529E+17   6.7843E+17   1.0632E+17   6.2252E+15   6.3481E+15   3.9633E+16   3.9633E+16   3.9633E+16   7.0683E+17   3.5095E+17
   1.2700E-01   1.0883E+19   1.1069E+19   6.7522E+17   6.8853E+17   1.0655E+17   6.3412E+15   6.4661E+15   3.9786E+16   3.9786E+16   3.9786E+16   7.0743E+17   3.5113E+17
   1.2900E-01   1.0867E+19   1.1052E+19   6.8513E+17   6.9860E+17   1.0678E+17   6.4577E+15   6.5847E+15   3.9940E+16   3.9940E+16   3.9940E+16   7.0802E+17   3.5131E+17
   1.3100E-01   1.0851E+19   1.1034E+19   6.9502E+17   7.0866E+17   1.0700E+17   6.5747E+15   6.7037E+15   4.0093E+16   4.0093E+16   4.0093E+16   7.0861E+17   3.5150E+17
   1.3300E-01   1.0835E+19   1.1017E+19   7.0489E+17   7.1869E+17   1.0723E+17   6.6922E+15   6.8232E+15   4.0247E+16   4.0247E+16   4.0247E+16   7.0920E+17   3.5170E+17
   1.3500E-01   1.0819E+19   1.0999E+19   7.1474E+17   7.2870E+17   1.0745E+17   6.8101E+15   6.9432E+15   4.0401E+16   4.0401E+16   4.0401E+16   7.0978E+17   3.5191E+17
   1.3700E-01   1.0803E+19   1.0982E+19   7.2457E+17   7.3869E+17   1.0767E+17   6.9286E+15   7.0637E+15   4.0555E+16   4.0555E+16   4.0555E+16   7.1035E+17   3.5211E+17
   1.3900E-01   1.0786E+19   1.0965E+19   7.3437E+17   7.4866E+17   1.0790E+17   7.0476E+15   7.1847E+15   4.0709E+16   4.0709E+16   4.0709E+16   7.1092E+17   3.5233E+17
   1.4100E-01   1.0770E+19   1.0947E+19   7.4416E+17   7.5860E+17   1.0812E+17   7.1671E+15   7.3062E+15   4.0864E+16   4.0864E+16   4.0864E+16   7.1148E+17   3.5255E+17
   1.4300E-01   1.0754E+19   1.0930E+19   7.5393E+17   7.6853E+17   1.0834E+17   7.2870E+15   7.4282E+15   4.1018E+16   4.1018E+16   4.1018E+16   7.1204E+17   3.5277E+17
   1.4500E-01   1.0738E+19   1.0913E+19   7.6367E+17   7.7843E+17   1.0856E+17   7.4075E+15   7.5506E+15   4.1173E+16   4.1173E+16   4.1173E+16   7.1260E+17   3.5300E+17
   1.4700E-01   1.0722E+19   1.0895E+19   7.7340E+17   7.8831E+17   1.0878E+17   7.5284E+15   7.6736E+15   4.1327E+16   4.1327E+16   4.1327E+16   7.1314E+17   3.5323E+17
   1.4900E-01   1.0706E+19   1.0878E+19   7.8310E+17   7.9817E+17   1.0900E+17   7.6498E+15   7.7970E+15   4.1482E+16   4.1482E+16   4.1482E+16   7.1369E+17   3.5346E+17
   1.5100E-01   1.0690E+19   1.0861E+19   7.9278E+17   8.0800E+17   1.0922E+17   7.7718E+15   7.9210E+15   4.1637E+16   4.1637E+16   4.1637E+16   7.1423E+17   3.5370E+17
   1.5300E-01   1.0675E+19   1.0844E+19   8.0245E+17   8.1782E+17   1.0944E+17   7.8942E+15   8.0454E+15   4.1792E+16   4.1792E+16   4.1792E+16   7.1476E+17   3.5394E+17
   1.5500E-01   1.0659E+19   1.0827E+19   8.1209E+17   8.2761E+17   1.0965E+17   8.0170E+15   8.1702E+15   4.1947E+16   4.1947E+16   4.1947E+16   7.1529E+17   3.5418E+17
   1.5700E-01   1.0643E+19   1.0809E+19   8.2171E+17   8.3738E+17   1.0987E+17   8.1404E+15   8.2956E+15   4.2102E+16   4.2102E+16   4.2102E+16   7.1581E+17   3.5442E+17
   1.5900E-01   1.0627E+19   1.0792E+19   8.3131E+17   8.4713E+17   1.1008E+17   8.2642E+15   8.4215E+15   4.2257E+16   4.2257E+16   4.2257E+16   7.1633E+17   3.5466E+17
   1.6100E-01   1.0611E+19   1.0775E+19   8.4089E+17   8.5685E+17   1.1030E+17   8.3885E+15   8.5478E+15   4.2412E+16   4.2412E+16   4.2412E+16   7.1684E+17   3.5491E+17
   1.6300E-01   1.0595E+19   1.0758E+19   8.5045E+17   8.6656E+17   1.1051E+17   8.5133E+15   8.6745E+15   4.2567E+16   4.2567E+16   4.2567E+16   7.1735E+17   3.5515E+17
   1.6500E-01   1.0579E+19   1.0741E+19   8.5999E+17   8.7624E+17   1.1073E+17   8.6386E+15   8.8018E+15   4.2723E+16   4.2723E+16   4.2723E+16   7.1785E+17   3.5540E+17
   1.6700E-01   1.0564E+19   1.0724E+19   8.6951E+17   8.8590E+17   1.1094E+17   8.7643E+15   8.9295E+15   4.2878E+16   4.2878E+16   4.2878E+16   7.1835E+17   3.5564E+17
   1.6900E-01   1.0548E+19   1.0707E+19   8.7901E+17   8.9554E+17   1.1115E+17   8.8905E+15   9.0577E+15   4.3034E+16   4.3034E+16   4.3034E+16   7.1884E+17   3.5589E+17
   1.7100E-01   1.0532E+19   1.0690E+19   8.8848E+17   9.0515E+17   1.1137E+17   9.0171E+15   9.1863E+15   4.3190E+16   4.3190E+16   4.3190E+16   7.1933E+17   3.5614E+17
   1.7300E-01   1.0516E+19   1.0673E+19   8.9794E+17   9.1475E+17   1.1158E+17   9.1442E+15   9.3154E+15   4.3345E+16   4.3345E+16   4.3345E+16   7.1981E+17   3.5638E+17
   1.7500E-01   1.0501E+19   1.0657E+19   9.0737E+17   9.2432E+17   1.1179E+17   9.2718E+15   9.4450E+15   4.3501E+16   4.3501E+16   4.3501E+16   7.2029E+17   3.5663E+17
   1.7700E-01   1.0485E+19   1.0640E+19   9.1679E+17   9.3387E+17   1.1200E+17   9.3998E+15   9.5750E+15   4.3657E+16   4.3657E+16   4.3657E+16   7.2077E+17   3.5687E+17
   1.7900E-01   1.0469E+19   1.0623E+19   9.2618E+17   9.4340E+17   1.1220E+17   9.5283E+15   9.7054E+15   4.3813E+16   4.3813E+16   4.3813E+16   7.2123E+17   3.5712E+17
   1.8100E-01   1.0454E+19   1.0606E+19   9.3555E+17   9.5291E+17   1.1241E+17   9.6572E+15   9.8364E+15   4.3969E+16   4.3969E+16   4.3969E+16   7.2170E+17   3.5736E+17
   1.8300E-01   1.0438E+19   1.0589E+19   9.4491E+17   9.6239E+17   1.1262E+17   9.7866E+15   9.9677E+15   4.4125E+16   4.4125E+16   4.4125E+16   7.2215E+17   3.5761E+17
   1.8500E-01   1.0423E+19   1.0573E+19   9.5424E+17   9.7185E+17   1.1283E+17   9.9165E+15   1.0100E+16   4.4281E+16   4.4281E+16   4.4281E+16   7.2261E+17   3.5785E+17
   1.8700E-01   1.0407E+19   1.0556E+19   9.6355E+17   9.8129E+17   1.1303E+17   1.0047E+16   1.0232E+16   4.4437E+16   4.4437E+16   4.4437E+16   7.2306E+17   3.5809E+17
   1.8900E-01   1.0391E+19   1.0539E+19   9.7284E+17   9.9071E+17   1.1324E+17   1.0177E+16   1.0364E+16   4.4594E+16   4.4594E+16   4.4594E+16   7.2350E+17   3.5833E+17
   1.9100E-01   1.0376E+19   1.0523E+19   9.8211E+17   1.0001E+18   1.1344E+17   1.0309E+16   1.0498E+16   4.4750E+16   4.4750E+16   4.4750E+16   7.2394E+17   3.5858E+17
   1.9300E-01   1.0360E+19   1.0506E+19   9.9135E+17   1.0095E+18   1.1365E+17   1.0440E+16   1.0631E+16   4.4906E+16   4.4906E+16   4.4906E+16   7.2437E+17   3.5882E+17
   1.9500E-01   1.0345E+19   1.0489E+19   1.0006E+18   1.0188E+18   1.1385E+17   1.0572E+16   1.0765E+16   4.5063E+16   4.5063E+16   4.5063E+16   7.2480E+17   3.5906E+17
   1.9800E-01   1.0322E+19   1.0465E+19   1.0144E+18   1.0328E+18   1.1415E+17   1.0771E+16   1.0967E+16   4.5297E+16   4.5297E+16   4.5297E+16   7.2544E+17   3.5941E+17
   2.0100E-01   1.0299E+19   1.0440E+19   1.0281E+18   1.0468E+18   1.1446E+17   1.0971E+16   1.1170E+16   4.5532E+16   4.5532E+16   4.5532E+16   7.2606E+17   3.5976E+17
   2.0400E-01   1.0276E+19   1.0415E+19   1.0418E+18   1.0607E+18   1.1476E+17   1.1172E+16   1.1374E+16   4.5767E+16   4.5767E+16   4.5767E+16   7.2667E+17   3.6011E+17
   2.0700E-01   1.0253E+19   1.0391E+19   1.0555E+18   1.0745E+18   1.1505E+17   1.1374E+16   1.1578E+16   4.6002E+16   4.6002E+16   4.6002E+16   7.2728E+17   3.6045E+17
   2.1000E-01   1.0230E+19   1.0366E+19   1.0691E+18   1.0883E+18   1.1535E+17   1.1577E+16   1.1784E+16   4.6237E+16   4.6237E+16   4.6237E+16   7.2787E+17   3.6079E+17
   2.1300E-01   1.0207E+19   1.0341E+19   1.0827E+18   1.1020E+18   1.1565E+17   1.1780E+16   1.1991E+16   4.6472E+16   4.6472E+16   4.6472E+16   7.2846E+17   3.6113E+17
   2.1600E-01   1.0184E+19   1.0317E+19   1.0962E+18   1.1157E+18   1.1594E+17   1.1985E+16   1.2198E+16   4.6708E+16   4.6708E+16   4.6708E+16   7.2903E+17   3.6146E+17
   2.1900E-01   1.0161E+19   1.0293E+19   1.1097E+18   1.1294E+18   1.1623E+17   1.2190E+16   1.2407E+16   4.6943E+16   4.6943E+16   4.6943E+16   7.2959E+17   3.6179E+17
   2.2200E-01   1.0139E+19   1.0268E+19   1.1231E+18   1.1430E+18   1.1652E+17   1.2397E+16   1.2616E+16   4.7179E+16   4.7179E+16   4.7179E+16   7.3015E+17   3.6211E+17
   2.2500E-01   1.0116E+19   1.0244E+19   1.1365E+18   1.1565E+18   1.1681E+17   1.2604E+16   1.2826E+16   4.7414E+16   4.7414E+16   4.7414E+16   7.3069E+17   3.6243E+17
   2.2800E-01   1.0093E+19   1.0220E+19   1.1498E+18   1.1700E+18   1.1710E+17   1.2813E+16   1.3037E+16   4.7650E+16   4.7650E+16   4.7650E+16   7.3123E+17   3.6275E+17
   2.3100E-01   1.0071E+19   1.0196E+19   1.1631E+18   1.1834E+18   1.1739E+17   1.3022E+16   1.3250E+16   4.7886E+16   4.7886E+16   4.7886E+16   7.3175E+17   3.6306E+17
   2.3400E-01   1.0048E+19   1.0172E+19   1.1764E+18   1.1968E+18   1.1767E+17   1.3232E+16   1.3462E+16   4.8121E+16   4.8121E+16   4.8121E+16   7.3227E+17   3.6336E+17
   2.3700E-01   1.0026E+19   1.0148E+19   1.1896E+18   1.2102E+18   1.1795E+17   1.3443E+16   1.3676E+16   4.8357E+16   4.8357E+16   4.8357E+16   7.3278E+17   3.6366E+17
   2.4000E-01   1.0003E+19   1.0124E+19   1.2027E+18   1.2235E+18   1.1823E+17   1.3655E+16   1.3891E+16   4.8593E+16   4.8593E+16   4.8593E+16   7.3328E+17   3.6396E+17
   2.4300E-01   9.9811E+18   1.0100E+19   1.2158E+18   1.2367E+18   1.1851E+17   1.3868E+16   1.4106E+16   4.8828E+16   4.8828E+16   4.8828E+16   7.3377E+17   3.6425E+17
   2.4600E-01   9.9588E+18   1.0077E+19   1.2289E+18   1.2499E+18   1.1879E+17   1.4081E+16   1.4323E+16   4.9064E+16   4.9064E+16   4.9064E+16   7.3425E+17   3.6453E+17
   2.4900E-01   9.9366E+18   1.0053E+19   1.2419E+18   1.2631E+18   1.1906E+17   1.4296E+16   1.4540E+16   4.9300E+16   4.9300E+16   4.9300E+16   7.3472E+17   3.6482E+17
   2.5200E-01   9.9144E+18   1.0029E+19   1.2548E+18   1.2762E+18   1.1934E+17   1.4511E+16   1.4758E+16   4.9536E+16   4.9536E+16   4.9536E+16   7.3518E+17   3.6509E+17
   2.5500E-01   9.8923E+18   1.0006E+19   1.2677E+18   1.2892E+18   1.1961E+17   1.4727E+16   1.4977E+16   4.9772E+16   4.9772E+16   4.9772E+16   7.3564E+17   3.6536E+17
   2.5800E-01   9.8703E+18   9.9824E+18   1.2806E+18   1.3023E+18   1.1988E+17   1.4944E+16   1.5197E+16   5.0008E+16   5.0008E+16   5.0008E+16   7.3608E+17   3.6563E+17
   2.6100E-01   9.8483E+18   9.9591E+18   1.2934E+18   1.3152E+18   1.2015E+17   1.5162E+16   1.5418E+16   5.0245E+16   5.0245E+16   5.0245E+16   7.3652E+17   3.6589E+17
   2.6400E-01   9.8264E+18   9.9357E+18   1.3062E+18   1.3281E+18   1.2042E+17   1.5381E+16   1.5639E+16   5.0481E+16   5.0481E+16   5.0481E+16   7.3695E+17   3.6615E+17
   2.6700E-01   9.8045E+18   9.9125E+18   1.3190E+18   1.3410E+18   1.2069E+17   1.5601E+16   1.5862E+16   5.0718E+16   5.0718E+16   5.0718E+16   7.3737E+17   3.6641E+17
   2.7000E-01   9.7827E+18   9.8893E+18   1.3316E+18   1.3538E+18   1.2096E+17   1.5821E+16   1.6085E+16   5.0954E+16   5.0954E+16   5.0954E+16   7.3778E+17   3.6666E+17
   2.7300E-01   9.7609E+18   9.8662E+18   1.3443E+18   1.3666E+18   1.2122E+17   1.6042E+16   1.6309E+16   5.1191E+16   5.1191E+16   5.1191E+16   7.3818E+17   3.6690E+17
   2.7600E-01   9.7392E+18   9.8432E+18   1.3569E+18   1.3793E+18   1.2148E+17   1.6264E+16   1.6533E+16   5.1427E+16   5.1427E+16   5.1427E+16   7.3857E+17   3.6714E+17
   2.7900E-01   9.7175E+18   9.8202E+18   1.3694E+18   1.3919E+18   1.2174E+17   1.6487E+16   1.6759E+16   5.1663E+16   5.1663E+16   5.1663E+16   7.3895E+17   3.6738E+17
   2.8200E-01   9.6959E+18   9.7972E+18   1.3819E+18   1.4046E+18   1.2200E+17   1.6711E+16   1.6985E+16   5.1899E+16   5.1899E+16   5.1899E+16   7.3933E+17   3.6761E+17
   2.8500E-01   9.6743E+18   9.7743E+18   1.3943E+18   1.4171E+18   1.2226E+17   1.6935E+16   1.7212E+16   5.2134E+16   5.2134E+16   5.2134E+16   7.3969E+17   3.6784E+17
   2.8800E-01   9.6528E+18   9.7515E+18   1.4067E+18   1.4296E+18   1.2252E+17   1.7160E+16   1.7440E+16   5.2370E+16   5.2370E+16   5.2370E+16   7.4005E+17   3.6806E+17
   2.9100E-01   9.6314E+18   9.7288E+18   1.4191E+18   1.4421E+18   1.2277E+17   1.7386E+16   1.7668E+16   5.2607E+16   5.2607E+16   5.2607E+16   7.4040E+17   3.6828E+17
   2.9400E-01   9.6101E+18   9.7062E+18   1.4314E+18   1.4545E+18   1.2303E+17   1.7613E+16   1.7898E+16   5.2844E+16   5.2844E+16   5.2844E+16   7.4075E+17   3.6849E+17
   2.9700E-01   9.5889E+18   9.6837E+18   1.4437E+18   1.4669E+18   1.2328E+17   1.7841E+16   1.8128E+16   5.3081E+16   5.3081E+16   5.3081E+16   7.4109E+17   3.6870E+17
   3.0000E-01   9.5677E+18   9.6613E+18   1.4559E+18   1.4793E+18   1.2353E+17   1.8069E+16   1.8359E+16   5.3319E+16   5.3319E+16   5.3319E+16   7.4142E+17   3.6891E+17
   3.0300E-01   9.5467E+18   9.6391E+18   1.4681E+18   1.4916E+18   1.2378E+17   1.8298E+16   1.8590E+16   5.3558E+16   5.3558E+16   5.3558E+16   7.4175E+17   3.6911E+17
   3.0700E-01   9.5187E+18   9.6094E+18   1.4843E+18   1.5079E+18   1.2412E+17   1.8605E+16   1.8901E+16   5.3875E+16   5.3875E+16   5.3875E+16   7.4217E+17   3.6937E+17
   3.1100E-01   9.4907E+18   9.5798E+18   1.5004E+18   1.5241E+18   1.2444E+17   1.8913E+16   1.9212E+16   5.4191E+16   5.4191E+16   5.4191E+16   7.4258E+17   3.6962E+17
   3.1500E-01   9.4626E+18   9.5501E+18   1.5164E+18   1.5402E+18   1.2477E+17   1.9221E+16   1.9524E+16   5.4504E+16   5.4504E+16   5.4504E+16   7.4295E+17   3.6987E+17
   3.1900E-01   9.4347E+18   9.5206E+18   1.5323E+18   1.5563E+18   1.2509E+17   1.9531E+16   1.9837E+16   5.4818E+16   5.4818E+16   5.4818E+16   7.4332E+17   3.7010E+17
   3.2300E-01   9.4071E+18   9.4914E+18   1.5482E+18   1.5723E+18   1.2541E+17   1.9843E+16   2.0152E+16   5.5134E+16   5.5134E+16   5.5134E+16   7.4369E+17   3.7033E+17
   3.2700E-01   9.3796E+18   9.4623E+18   1.5639E+18   1.5882E+18   1.2573E+17   2.0156E+16   2.0468E+16   5.5451E+16   5.5451E+16   5.5451E+16   7.4404E+17   3.7055E+17
   3.3100E-01   9.3521E+18   9.4334E+18   1.5796E+18   1.6040E+18   1.2604E+17   2.0470E+16   2.0786E+16   5.5768E+16   5.5768E+16   5.5768E+16   7.4438E+17   3.7076E+17
   3.3500E-01   9.3247E+18   9.4044E+18   1.5952E+18   1.6197E+18   1.2636E+17   2.0785E+16   2.1104E+16   5.6082E+16   5.6082E+16   5.6082E+16   7.4470E+17   3.7096E+17
   3.3900E-01   9.2975E+18   9.3757E+18   1.6108E+18   1.6353E+18   1.2667E+17   2.1101E+16   2.1423E+16   5.6398E+16   5.6398E+16   5.6398E+16   7.4501E+17   3.7116E+17
   3.4300E-01   9.2704E+18   9.3471E+18   1.6262E+18   1.6509E+18   1.2698E+17   2.1419E+16   2.1744E+16   5.6715E+16   5.6715E+16   5.6715E+16   7.4531E+17   3.7136E+17
   3.4700E-01   9.2434E+18   9.3186E+18   1.6416E+18   1.6664E+18   1.2728E+17   2.1738E+16   2.2066E+16   5.7030E+16   5.7030E+16   5.7030E+16   7.4560E+17   3.7154E+17
   3.5100E-01   9.2163E+18   9.2901E+18   1.6569E+18   1.6818E+18   1.2758E+17   2.2057E+16   2.2389E+16   5.7343E+16   5.7343E+16   5.7343E+16   7.4587E+17   3.7173E+17
   3.5500E-01   9.1893E+18   9.2617E+18   1.6720E+18   1.6970E+18   1.2788E+17   2.2378E+16   2.2712E+16   5.7655E+16   5.7655E+16   5.7655E+16   7.4611E+17   3.7190E+17
   3.5900E-01   9.1626E+18   9.2336E+18   1.6872E+18   1.7123E+18   1.2818E+17   2.2700E+16   2.3037E+16   5.7971E+16   5.7971E+16   5.7971E+16   7.4637E+17   3.7207E+17
   3.6300E-01   9.1364E+18   9.2059E+18   1.7023E+18   1.7275E+18   1.2848E+17   2.3024E+16   2.3365E+16   5.8293E+16   5.8293E+16   5.8293E+16   7.4664E+17   3.7224E+17
   3.6700E-01   9.1099E+18   9.1781E+18   1.7173E+18   1.7426E+18   1.2877E+17   2.3348E+16   2.3692E+16   5.8609E+16   5.8609E+16   5.8609E+16   7.4687E+17   3.7239E+17
   3.7100E-01   9.0830E+18   9.1497E+18   1.7321E+18   1.7575E+18   1.2906E+17   2.3672E+16   2.4019E+16   5.8913E+16   5.8913E+16   5.8913E+16   7.4704E+17   3.7254E+17
   3.7500E-01   9.0575E+18   9.1228E+18   1.7471E+18   1.7725E+18   1.2945E+17   2.4018E+16   2.4368E+16   5.9282E+16   5.9282E+16   5.9282E+16   7.4765E+17   3.7268E+17
   3.7900E-01   9.0307E+18   9.0948E+18   1.7617E+18   1.7872E+18   1.2964E+17   2.4326E+16   2.4679E+16   5.9547E+16   5.9547E+16   5.9547E+16   7.4746E+17   3.7282E+17
   3.8300E-01   9.0045E+18   9.0672E+18   1.7763E+18   1.8019E+18   1.2992E+17   2.4654E+16   2.5009E+16   5.9857E+16   5.9857E+16   5.9857E+16   7.4762E+17   3.7293E+17
   3.8700E-01   8.9787E+18   9.0402E+18   1.7910E+18   1.8166E+18   1.3020E+17   2.4983E+16   2.5342E+16   6.0176E+16   6.0176E+16   6.0176E+16   7.4781E+17   3.7304E+17
   3.9100E-01   8.9528E+18   9.0129E+18   1.8054E+18   1.8312E+18   1.3048E+17   2.5313E+16   2.5675E+16   6.0488E+16   6.0488E+16   6.0488E+16   7.4796E+17   3.7316E+17
   3.9500E-01   8.9270E+18   8.9859E+18   1.8199E+18   1.8457E+18   1.3076E+17   2.5644E+16   2.6008E+16   6.0802E+16   6.0802E+16   6.0802E+16   7.4812E+17   3.7327E+17
   3.9900E-01   8.9023E+18   8.9596E+18   1.8344E+18   1.8603E+18   1.3123E+17   2.6017E+16   2.6384E+16   6.1210E+16   6.1210E+16   6.1210E+16   7.4899E+17   3.7338E+17
   4.0300E-01   8.8754E+18   8.9319E+18   1.8484E+18   1.8744E+18   1.3117E+17   2.6282E+16   2.6652E+16   6.1368E+16   6.1368E+16   6.1368E+16   7.4789E+17   3.7348E+17
   4.0700E-01   8.8510E+18   8.9060E+18   1.8628E+18   1.8889E+18   1.3165E+17   2.6659E+16   2.7031E+16   6.1782E+16   6.1782E+16   6.1782E+16   7.4879E+17   3.7355E+17
   4.1200E-01   8.8186E+18   8.8723E+18   1.8803E+18   1.9064E+18   1.3180E+17   2.7039E+16   2.7415E+16   6.2085E+16   6.2085E+16   6.2085E+16   7.4825E+17   3.7364E+17
   4.1700E-01   8.7873E+18   8.8395E+18   1.8979E+18   1.9241E+18   1.3217E+17   2.7467E+16   2.7846E+16   6.2495E+16   6.2495E+16   6.2495E+16   7.4852E+17   3.7372E+17
   4.2200E-01   8.7561E+18   8.8068E+18   1.9153E+18   1.9416E+18   1.3253E+17   2.7896E+16   2.8279E+16   6.2904E+16   6.2904E+16   6.2904E+16   7.4876E+17   3.7380E+17
   4.2700E-01   8.7250E+18   8.7741E+18   1.9326E+18   1.9590E+18   1.3289E+17   2.8326E+16   2.8712E+16   6.3309E+16   6.3309E+16   6.3309E+16   7.4899E+17   3.7388E+17
   4.3200E-01   8.6944E+18   8.7419E+18   1.9499E+18   1.9763E+18   1.3325E+17   2.8759E+16   2.9148E+16   6.3720E+16   6.3720E+16   6.3720E+16   7.4922E+17   3.7394E+17
   4.3700E-01   8.6639E+18   8.7100E+18   1.9670E+18   1.9934E+18   1.3360E+17   2.9191E+16   2.9583E+16   6.4128E+16   6.4128E+16   6.4128E+16   7.4941E+17   3.7401E+17
   4.4200E-01   8.6335E+18   8.6781E+18   1.9840E+18   2.0105E+18   1.3395E+17   2.9626E+16   3.0021E+16   6.4536E+16   6.4536E+16   6.4536E+16   7.4960E+17   3.7406E+17
   4.4700E-01   8.6019E+18   8.6455E+18   2.0006E+18   2.0271E+18   1.3403E+17   3.0001E+16   3.0399E+16   6.4810E+16   6.4810E+16   6.4810E+16   7.4881E+17   3.7413E+17
   4.5200E-01   8.5720E+18   8.6141E+18   2.0174E+18   2.0440E+18   1.3442E+17   3.0449E+16   3.0850E+16   6.5240E+16   6.5240E+16   6.5240E+16   7.4914E+17   3.7418E+17
   4.5700E-01   8.5422E+18   8.5828E+18   2.0341E+18   2.0607E+18   1.3479E+17   3.0894E+16   3.1298E+16   6.5661E+16   6.5661E+16   6.5661E+16   7.4940E+17   3.7422E+17
   4.6200E-01   8.5126E+18   8.5518E+18   2.0506E+18   2.0773E+18   1.3517E+17   3.1344E+16   3.1751E+16   6.6090E+16   6.6090E+16   6.6090E+16   7.4969E+17   3.7426E+17
   4.6700E-01   8.4820E+18   8.5202E+18   2.0668E+18   2.0935E+18   1.3524E+17   3.1721E+16   3.2131E+16   6.6364E+16   6.6364E+16   6.6364E+16   7.4887E+17   3.7429E+17
   4.7200E-01   8.4527E+18   8.4895E+18   2.0832E+18   2.1099E+18   1.3560E+17   3.2171E+16   3.2584E+16   6.6786E+16   6.6786E+16   6.6786E+16   7.4910E+17   3.7432E+17
   4.7700E-01   8.4236E+18   8.4590E+18   2.0994E+18   2.1262E+18   1.3597E+17   3.2623E+16   3.3039E+16   6.7211E+16   6.7211E+16   6.7211E+16   7.4934E+17   3.7433E+17
   4.8200E-01   8.3940E+18   8.4283E+18   2.1154E+18   2.1422E+18   1.3618E+17   3.3038E+16   3.3457E+16   6.7558E+16   6.7558E+16   6.7558E+16   7.4902E+17   3.7436E+17
   4.8700E-01   8.3649E+18   8.3979E+18   2.1313E+18   2.1582E+18   1.3646E+17   3.3473E+16   3.3894E+16   6.7942E+16   6.7942E+16   6.7942E+16   7.4894E+17   3.7439E+17
   4.9200E-01   8.3365E+18   8.3681E+18   2.1473E+18   2.1741E+18   1.3689E+17   3.3945E+16   3.4370E+16   6.8400E+16   6.8400E+16   6.8400E+16   7.4937E+17   3.7441E+17
   4.9700E-01   8.3073E+18   8.3378E+18   2.1629E+18   2.1897E+18   1.3701E+17   3.4345E+16   3.4771E+16   6.8709E+16   6.8709E+16   6.8709E+16   7.4877E+17   3.7442E+17
   5.0200E-01   8.2787E+18   8.3080E+18   2.1785E+18   2.2054E+18   1.3728E+17   3.4782E+16   3.5211E+16   6.9091E+16   6.9091E+16   6.9091E+16   7.4866E+17   3.7442E+17
   5.0700E-01   8.2502E+18   8.2784E+18   2.1940E+18   2.2209E+18   1.3755E+17   3.5220E+16   3.5651E+16   6.9473E+16   6.9473E+16   6.9473E+16   7.4854E+17   3.7441E+17
   5.1300E-01   8.2163E+18   8.2431E+18   2.2125E+18   2.2394E+18   1.3786E+17   3.5746E+16   3.6181E+16   6.9930E+16   6.9930E+16   6.9930E+16   7.4839E+17   3.7439E+17
   5.1900E-01   8.1827E+18   8.2081E+18   2.2308E+18   2.2577E+18   1.3818E+17   3.6274E+16   3.6711E+16   7.0387E+16   7.0387E+16   7.0387E+16   7.4822E+17   3.7436E+17
   5.2500E-01   8.1492E+18   8.1733E+18   2.2489E+18   2.2758E+18   1.3848E+17   3.6802E+16   3.7242E+16   7.0843E+16   7.0843E+16   7.0843E+16   7.4803E+17   3.7432E+17
   5.3100E-01   8.1160E+18   8.1388E+18   2.2669E+18   2.2938E+18   1.3879E+17   3.7332E+16   3.7774E+16   7.1298E+16   7.1298E+16   7.1298E+16   7.4783E+17   3.7427E+17
   5.3700E-01   8.0831E+18   8.1045E+18   2.2848E+18   2.3117E+18   1.3909E+17   3.7862E+16   3.8307E+16   7.1752E+16   7.1752E+16   7.1752E+16   7.4761E+17   3.7422E+17
   5.4300E-01   8.0503E+18   8.0705E+18   2.3025E+18   2.3294E+18   1.3938E+17   3.8393E+16   3.8841E+16   7.2205E+16   7.2205E+16   7.2205E+16   7.4739E+17   3.7415E+17
   5.4900E-01   8.0179E+18   8.0368E+18   2.3201E+18   2.3469E+18   1.3967E+17   3.8925E+16   3.9375E+16   7.2657E+16   7.2657E+16   7.2657E+16   7.4715E+17   3.7407E+17
   5.5500E-01   7.9856E+18   8.0033E+18   2.3375E+18   2.3643E+18   1.3996E+17   3.9457E+16   3.9910E+16   7.3108E+16   7.3108E+16   7.3108E+16   7.4689E+17   3.7398E+17
   5.6100E-01   7.9536E+18   7.9701E+18   2.3547E+18   2.3815E+18   1.4024E+17   3.9991E+16   4.0446E+16   7.3559E+16   7.3559E+16   7.3559E+16   7.4662E+17   3.7389E+17
   5.6700E-01   7.9218E+18   7.9371E+18   2.3718E+18   2.3986E+18   1.4052E+17   4.0525E+16   4.0982E+16   7.4008E+16   7.4008E+16   7.4008E+16   7.4634E+17   3.7378E+17
   5.7300E-01   7.8902E+18   7.9043E+18   2.3888E+18   2.4155E+18   1.4079E+17   4.1059E+16   4.1519E+16   7.4456E+16   7.4456E+16   7.4456E+16   7.4605E+17   3.7367E+17
   5.7900E-01   7.8588E+18   7.8718E+18   2.4056E+18   2.4323E+18   1.4106E+17   4.1594E+16   4.2056E+16   7.4904E+16   7.4904E+16   7.4904E+16   7.4574E+17   3.7356E+17
   5.8500E-01   7.8277E+18   7.8395E+18   2.4223E+18   2.4490E+18   1.4133E+17   4.2130E+16   4.2594E+16   7.5350E+16   7.5350E+16   7.5350E+16   7.4542E+17   3.7345E+17
   5.9100E-01   7.7968E+18   7.8075E+18   2.4389E+18   2.4655E+18   1.4159E+17   4.2666E+16   4.3132E+16   7.5796E+16   7.5796E+16   7.5796E+16   7.4509E+17   3.7333E+17
   5.9700E-01   7.7661E+18   7.7757E+18   2.4553E+18   2.4818E+18   1.4185E+17   4.3203E+16   4.3671E+16   7.6240E+16   7.6240E+16   7.6240E+16   7.4475E+17   3.7320E+17
   6.0300E-01   7.7357E+18   7.7442E+18   2.4715E+18   2.4980E+18   1.4210E+17   4.3740E+16   4.4209E+16   7.6683E+16   7.6683E+16   7.6683E+16   7.4440E+17   3.7308E+17
   6.1000E-01   7.7004E+18   7.7077E+18   2.4903E+18   2.5168E+18   1.4239E+17   4.4366E+16   4.4838E+16   7.7199E+16   7.7199E+16   7.7199E+16   7.4398E+17   3.7292E+17
   6.1700E-01   7.6655E+18   7.6716E+18   2.5089E+18   2.5353E+18   1.4268E+17   4.4994E+16   4.5467E+16   7.7713E+16   7.7713E+16   7.7713E+16   7.4354E+17   3.7275E+17
   6.2400E-01   7.6308E+18   7.6357E+18   2.5273E+18   2.5536E+18   1.4296E+17   4.5621E+16   4.6097E+16   7.8225E+16   7.8225E+16   7.8225E+16   7.4308E+17   3.7257E+17
   6.3100E-01   7.5965E+18   7.6002E+18   2.5455E+18   2.5718E+18   1.4323E+17   4.6248E+16   4.6726E+16   7.8736E+16   7.8736E+16   7.8736E+16   7.4262E+17   3.7238E+17
   6.3800E-01   7.5624E+18   7.5650E+18   2.5636E+18   2.5897E+18   1.4351E+17   4.6876E+16   4.7355E+16   7.9246E+16   7.9246E+16   7.9246E+16   7.4214E+17   3.7219E+17
   6.4500E-01   7.5287E+18   7.5301E+18   2.5814E+18   2.6075E+18   1.4377E+17   4.7504E+16   4.7984E+16   7.9753E+16   7.9753E+16   7.9753E+16   7.4164E+17   3.7198E+17
   6.5200E-01   7.4952E+18   7.4956E+18   2.5991E+18   2.6251E+18   1.4403E+17   4.8131E+16   4.8614E+16   8.0259E+16   8.0259E+16   8.0259E+16   7.4114E+17   3.7176E+17
   6.5900E-01   7.4620E+18   7.4613E+18   2.6166E+18   2.6425E+18   1.4429E+17   4.8759E+16   4.9243E+16   8.0763E+16   8.0763E+16   8.0763E+16   7.4062E+17   3.7154E+17
   6.6600E-01   7.4292E+18   7.4274E+18   2.6339E+18   2.6597E+18   1.4454E+17   4.9386E+16   4.9871E+16   8.1266E+16   8.1266E+16   8.1266E+16   7.4009E+17   3.7131E+17
   6.7300E-01   7.3966E+18   7.3937E+18   2.6510E+18   2.6768E+18   1.4479E+17   5.0014E+16   5.0500E+16   8.1767E+16   8.1767E+16   8.1767E+16   7.3955E+17   3.7107E+17
   6.8000E-01   7.3643E+18   7.3604E+18   2.6679E+18   2.6936E+18   1.4503E+17   5.0641E+16   5.1128E+16   8.2266E+16   8.2266E+16   8.2266E+16   7.3900E+17   3.7082E+17
   6.8700E-01   7.3322E+18   7.3274E+18   2.6847E+18   2.7103E+18   1.4526E+17   5.1267E+16   5.1755E+16   8.2762E+16   8.2762E+16   8.2762E+16   7.3845E+17   3.7057E+17
   6.9400E-01   7.3005E+18   7.2946E+18   2.7013E+18   2.7268E+18   1.4550E+17   5.1892E+16   5.2382E+16   8.3257E+16   8.3257E+16   8.3257E+16   7.3788E+17   3.7031E+17
   7.0100E-01   7.2690E+18   7.2622E+18   2.7178E+18   2.7431E+18   1.4572E+17   5.2518E+16   5.3007E+16   8.3749E+16   8.3749E+16   8.3749E+16   7.3730E+17   3.7004E+17
   7.0900E-01   7.2334E+18   7.2255E+18   2.7363E+18   2.7616E+18   1.4598E+17   5.3231E+16   5.3722E+16   8.4310E+16   8.4310E+16   8.4310E+16   7.3663E+17   3.6973E+17
   7.1700E-01   7.1982E+18   7.1892E+18   2.7547E+18   2.7798E+18   1.4622E+17   5.3944E+16   5.4436E+16   8.4868E+16   8.4868E+16   8.4868E+16   7.3595E+17   3.6941E+17
   7.2500E-01   7.1633E+18   7.1533E+18   2.7728E+18   2.7978E+18   1.4647E+17   5.4656E+16   5.5148E+16   8.5424E+16   8.5424E+16   8.5424E+16   7.3526E+17   3.6909E+17
   7.3300E-01   7.1287E+18   7.1177E+18   2.7907E+18   2.8156E+18   1.4670E+17   5.5367E+16   5.5860E+16   8.5977E+16   8.5977E+16   8.5977E+16   7.3456E+17   3.6875E+17
   7.4100E-01   7.0946E+18   7.0826E+18   2.8084E+18   2.8331E+18   1.4693E+17   5.6077E+16   5.6570E+16   8.6528E+16   8.6528E+16   8.6528E+16   7.3384E+17   3.6842E+17
   7.4900E-01   7.0607E+18   7.0478E+18   2.8259E+18   2.8505E+18   1.4716E+17   5.6786E+16   5.7280E+16   8.7076E+16   8.7076E+16   8.7076E+16   7.3312E+17   3.6807E+17
   7.5700E-01   7.0272E+18   7.0133E+18   2.8432E+18   2.8676E+18   1.4738E+17   5.7494E+16   5.7988E+16   8.7621E+16   8.7621E+16   8.7621E+16   7.3239E+17   3.6773E+17
   7.6500E-01   6.9941E+18   6.9792E+18   2.8603E+18   2.8845E+18   1.4760E+17   5.8201E+16   5.8694E+16   8.8164E+16   8.8164E+16   8.8164E+16   7.3164E+17   3.6737E+17
   7.7300E-01   6.9613E+18   6.9455E+18   2.8772E+18   2.9013E+18   1.4781E+17   5.8906E+16   5.9399E+16   8.8704E+16   8.8704E+16   8.8704E+16   7.3089E+17   3.6701E+17
   7.8100E-01   6.9288E+18   6.9122E+18   2.8938E+18   2.9178E+18   1.4801E+17   5.9610E+16   6.0102E+16   8.9242E+16   8.9242E+16   8.9242E+16   7.3013E+17   3.6665E+17
   7.8900E-01   6.8967E+18   6.8792E+18   2.9103E+18   2.9341E+18   1.4821E+17   6.0312E+16   6.0804E+16   8.9777E+16   8.9777E+16   8.9777E+16   7.2937E+17   3.6628E+17
   7.9800E-01   6.8609E+18   6.8424E+18   2.9286E+18   2.9522E+18   1.4843E+17   6.1100E+16   6.1592E+16   9.0375E+16   9.0375E+16   9.0375E+16   7.2849E+17   3.6586E+17
   8.0700E-01   6.8255E+18   6.8062E+18   2.9466E+18   2.9700E+18   1.4865E+17   6.1886E+16   6.2377E+16   9.0970E+16   9.0970E+16   9.0970E+16   7.2761E+17   3.6544E+17
   8.1600E-01   6.7906E+18   6.7703E+18   2.9644E+18   2.9876E+18   1.4885E+17   6.2669E+16   6.3160E+16   9.1561E+16   9.1561E+16   9.1561E+16   7.2672E+17   3.6501E+17
   8.2500E-01   6.7562E+18   6.7350E+18   2.9820E+18   3.0050E+18   1.4906E+17   6.3453E+16   6.3943E+16   9.2153E+16   9.2153E+16   9.2153E+16   7.2583E+17   3.6458E+17
   8.3400E-01   6.7220E+18   6.7000E+18   2.9993E+18   3.0221E+18   1.4926E+17   6.4232E+16   6.4721E+16   9.2737E+16   9.2737E+16   9.2737E+16   7.2492E+17   3.6414E+17
   8.4300E-01   6.6883E+18   6.6654E+18   3.0164E+18   3.0390E+18   1.4945E+17   6.5008E+16   6.5496E+16   9.3318E+16   9.3318E+16   9.3318E+16   7.2401E+17   3.6370E+17
   8.5200E-01   6.6550E+18   6.6313E+18   3.0332E+18   3.0556E+18   1.4963E+17   6.5782E+16   6.6268E+16   9.3895E+16   9.3895E+16   9.3895E+16   7.2309E+17   3.6325E+17
   8.6100E-01   6.6221E+18   6.5975E+18   3.0498E+18   3.0720E+18   1.4981E+17   6.6553E+16   6.7037E+16   9.4468E+16   9.4468E+16   9.4468E+16   7.2217E+17   3.6280E+17
   8.7000E-01   6.5895E+18   6.5642E+18   3.0662E+18   3.0882E+18   1.4999E+17   6.7321E+16   6.7803E+16   9.5037E+16   9.5037E+16   9.5037E+16   7.2124E+17   3.6235E+17
   8.7900E-01   6.5574E+18   6.5313E+18   3.0823E+18   3.1041E+18   1.5016E+17   6.8086E+16   6.8567E+16   9.5602E+16   9.5602E+16   9.5602E+16   7.2031E+17   3.6189E+17
   8.8900E-01   6.5221E+18   6.4951E+18   3.1000E+18   3.1216E+18   1.5034E+17   6.8932E+16   6.9411E+16   9.6227E+16   9.6227E+16   9.6227E+16   7.1926E+17   3.6138E+17
   8.9900E-01   6.4872E+18   6.4595E+18   3.1174E+18   3.1387E+18   1.5051E+17   6.9775E+16   7.0252E+16   9.6846E+16   9.6846E+16   9.6846E+16   7.1821E+17   3.6087E+17
   9.0900E-01   6.4529E+18   6.4244E+18   3.1346E+18   3.1556E+18   1.5068E+17   7.0614E+16   7.1088E+16   9.7461E+16   9.7461E+16   9.7461E+16   7.1716E+17   3.6035E+17
   9.1900E-01   6.4190E+18   6.3897E+18   3.1514E+18   3.1722E+18   1.5084E+17   7.1449E+16   7.1920E+16   9.8071E+16   9.8071E+16   9.8071E+16   7.1610E+17   3.5983E+17
   9.2900E-01   6.3855E+18   6.3555E+18   3.1680E+18   3.1886E+18   1.5100E+17   7.2279E+16   7.2748E+16   9.8676E+16   9.8676E+16   9.8676E+16   7.1504E+17   3.5931E+17
   9.3900E-01   6.3525E+18   6.3217E+18   3.1844E+18   3.2047E+18   1.5115E+17   7.3105E+16   7.3571E+16   9.9276E+16   9.9276E+16   9.9276E+16   7.1397E+17   3.5880E+17
   9.4900E-01   6.3199E+18   6.2884E+18   3.2005E+18   3.2205E+18   1.5130E+17   7.3927E+16   7.4390E+16   9.9871E+16   9.9871E+16   9.9871E+16   7.1291E+17   3.5828E+17
   9.5900E-01   6.2877E+18   6.2556E+18   3.2163E+18   3.2361E+18   1.5144E+17   7.4745E+16   7.5205E+16   1.0046E+17   1.0046E+17   1.0046E+17   7.1183E+17   3.5777E+17
   9.6900E-01   6.2560E+18   6.2232E+18   3.2319E+18   3.2514E+18   1.5157E+17   7.5558E+16   7.6014E+16   1.0105E+17   1.0105E+17   1.0105E+17   7.1076E+17   3.5725E+17
   9.8000E-01   6.2216E+18   6.1880E+18   3.2488E+18   3.2680E+18   1.5171E+17   7.6446E+16   7.6899E+16   1.0169E+17   1.0169E+17   1.0169E+17   7.0958E+17   3.5668E+17
   9.9100E-01   6.1877E+18   6.1534E+18   3.2654E+18   3.2843E+18   1.5185E+17   7.7330E+16   7.7778E+16   1.0232E+17   1.0232E+17   1.0232E+17   7.0839E+17   3.5609E+17
   1.0020E+00   6.1542E+18   6.1193E+18   3.2817E+18   3.3003E+18   1.5198E+17   7.8207E+16   7.8652E+16   1.0295E+17   1.0295E+17   1.0295E+17   7.0721E+17   3.5549E+17
   1.0130E+00   6.1213E+18   6.0857E+18   3.2977E+18   3.3160E+18   1.5210E+17   7.9078E+16   7.9519E+16   1.0357E+17   1.0357E+17   1.0357E+17   7.0602E+17   3.5488E+17
   1.0240E+00   6.0889E+18   6.0526E+18   3.3134E+18   3.3315E+18   1.5222E+17   7.9944E+16   8.0379E+16   1.0418E+17   1.0418E+17   1.0418E+17   7.0483E+17   3.5428E+17
   1.0350E+00   6.0569E+18   6.0201E+18   3.3288E+18   3.3466E+18   1.5234E+17   8.0803E+16   8.1234E+16   1.0479E+17   1.0479E+17   1.0479E+17   7.0365E+17   3.5368E+17
   1.0460E+00   6.0254E+18   5.9879E+18   3.3440E+18   3.3615E+18   1.5244E+17   8.1656E+16   8.2082E+16   1.0539E+17   1.0539E+17   1.0539E+17   7.0246E+17   3.5307E+17
   1.0570E+00   5.9943E+18   5.9563E+18   3.3590E+18   3.3761E+18   1.5254E+17   8.2502E+16   8.2924E+16   1.0599E+17   1.0599E+17   1.0599E+17   7.0128E+17   3.5247E+17
   1.0690E+00   5.9610E+18   5.9224E+18   3.3749E+18   3.3918E+18   1.5265E+17   8.3419E+16   8.3835E+16   1.0663E+17   1.0663E+17   1.0663E+17   6.9999E+17   3.5182E+17
   1.0810E+00   5.9282E+18   5.8890E+18   3.3906E+18   3.4071E+18   1.5275E+17   8.4327E+16   8.4737E+16   1.0727E+17   1.0727E+17   1.0727E+17   6.9870E+17   3.5117E+17
   1.0930E+00   5.8959E+18   5.8561E+18   3.4060E+18   3.4221E+18   1.5284E+17   8.5227E+16   8.5632E+16   1.0790E+17   1.0790E+17   1.0790E+17   6.9741E+17   3.5052E+17
   1.1050E+00   5.8641E+18   5.8238E+18   3.4210E+18   3.4369E+18   1.5293E+17   8.6120E+16   8.6518E+16   1.0852E+17   1.0852E+17   1.0852E+17   6.9613E+17   3.4987E+17
   1.1170E+00   5.8329E+18   5.7920E+18   3.4358E+18   3.4513E+18   1.5301E+17   8.7004E+16   8.7396E+16   1.0914E+17   1.0914E+17   1.0914E+17   6.9485E+17   3.4923E+17
   1.1290E+00   5.8021E+18   5.7607E+18   3.4503E+18   3.4654E+18   1.5309E+17   8.7881E+16   8.8266E+16   1.0974E+17   1.0974E+17   1.0974E+17   6.9357E+17   3.4859E+17
   1.1410E+00   5.7719E+18   5.7299E+18   3.4645E+18   3.4793E+18   1.5316E+17   8.8749E+16   8.9128E+16   1.1034E+17   1.1034E+17   1.1034E+17   6.9230E+17   3.4795E+17
   1.1540E+00   5.7397E+18   5.6972E+18   3.4796E+18   3.4940E+18   1.5323E+17   8.9680E+16   9.0052E+16   1.1099E+17   1.1099E+17   1.1099E+17   6.9092E+17   3.4726E+17
   1.1670E+00   5.7080E+18   5.6650E+18   3.4943E+18   3.5084E+18   1.5329E+17   9.0601E+16   9.0966E+16   1.1162E+17   1.1162E+17   1.1162E+17   6.8956E+17   3.4657E+17
   1.1800E+00   5.6769E+18   5.6334E+18   3.5088E+18   3.5225E+18   1.5335E+17   9.1513E+16   9.1870E+16   1.1225E+17   1.1225E+17   1.1225E+17   6.8819E+17   3.4588E+17
   1.1930E+00   5.6463E+18   5.6023E+18   3.5229E+18   3.5362E+18   1.5341E+17   9.2414E+16   9.2764E+16   1.1286E+17   1.1286E+17   1.1286E+17   6.8684E+17   3.4520E+17
   1.2060E+00   5.6163E+18   5.5718E+18   3.5368E+18   3.5497E+18   1.5346E+17   9.3306E+16   9.3647E+16   1.1347E+17   1.1347E+17   1.1347E+17   6.8549E+17   3.4453E+17
   1.2190E+00   5.5868E+18   5.5419E+18   3.5503E+18   3.5629E+18   1.5350E+17   9.4187E+16   9.4521E+16   1.1407E+17   1.1407E+17   1.1407E+17   6.8415E+17   3.4386E+17
   1.2330E+00   5.5556E+18   5.5102E+18   3.5645E+18   3.5767E+18   1.5354E+17   9.5125E+16   9.5450E+16   1.1471E+17   1.1471E+17   1.1471E+17   6.8271E+17   3.4315E+17
   1.2470E+00   5.5249E+18   5.4791E+18   3.5785E+18   3.5902E+18   1.5358E+17   9.6051E+16   9.6367E+16   1.1533E+17   1.1533E+17   1.1533E+17   6.8128E+17   3.4245E+17
   1.2610E+00   5.4949E+18   5.4486E+18   3.5921E+18   3.6034E+18   1.5361E+17   9.6965E+16   9.7272E+16   1.1595E+17   1.1595E+17   1.1595E+17   6.7986E+17   3.4176E+17
   1.2750E+00   5.4654E+18   5.4187E+18   3.6053E+18   3.6163E+18   1.5363E+17   9.7867E+16   9.8164E+16   1.1655E+17   1.1655E+17   1.1655E+17   6.7845E+17   3.4105E+17
   1.2890E+00   5.4365E+18   5.3894E+18   3.6183E+18   3.6289E+18   1.5365E+17   9.8757E+16   9.9045E+16   1.1715E+17   1.1715E+17   1.1715E+17   6.7705E+17   3.4034E+17
   1.3030E+00   5.4081E+18   5.3606E+18   3.6310E+18   3.6411E+18   1.5367E+17   9.9636E+16   9.9914E+16   1.1774E+17   1.1774E+17   1.1774E+17   6.7566E+17   3.3961E+17
   1.3180E+00   5.3782E+18   5.3304E+18   3.6442E+18   3.6539E+18   1.5368E+17   1.0056E+17   1.0083E+17   1.1836E+17   1.1836E+17   1.1836E+17   6.7419E+17   3.3885E+17
   1.3330E+00   5.3490E+18   5.3008E+18   3.6571E+18   3.6664E+18   1.5369E+17   1.0148E+17   1.0173E+17   1.1897E+17   1.1897E+17   1.1897E+17   6.7272E+17   3.3810E+17
   1.3480E+00   5.3204E+18   5.2717E+18   3.6697E+18   3.6785E+18   1.5369E+17   1.0238E+17   1.0262E+17   1.1956E+17   1.1956E+17   1.1956E+17   6.7127E+17   3.3735E+17
   1.3630E+00   5.2923E+18   5.2433E+18   3.6819E+18   3.6903E+18   1.5368E+17   1.0326E+17   1.0350E+17   1.2015E+17   1.2015E+17   1.2015E+17   6.6982E+17   3.3660E+17
   1.3780E+00   5.2648E+18   5.2155E+18   3.6938E+18   3.7018E+18   1.5367E+17   1.0414E+17   1.0436E+17   1.2072E+17   1.2072E+17   1.2072E+17   6.6840E+17   3.3587E+17
   1.3930E+00   5.2378E+18   5.1882E+18   3.7054E+18   3.7130E+18   1.5366E+17   1.0499E+17   1.0521E+17   1.2129E+17   1.2129E+17   1.2129E+17   6.6698E+17   3.3515E+17
   1.4090E+00   5.2097E+18   5.1597E+18   3.7175E+18   3.7246E+18   1.5364E+17   1.0589E+17   1.0610E+17   1.2188E+17   1.2188E+17   1.2188E+17   6.6548E+17   3.3440E+17
   1.4250E+00   5.1821E+18   5.1318E+18   3.7292E+18   3.7359E+18   1.5361E+17   1.0678E+17   1.0697E+17   1.2245E+17   1.2245E+17   1.2245E+17   6.6400E+17   3.3366E+17
   1.4410E+00   5.1552E+18   5.1045E+18   3.7406E+18   3.7468E+18   1.5359E+17   1.0765E+17   1.0783E+17   1.2302E+17   1.2302E+17   1.2302E+17   6.6253E+17   3.3294E+17
   1.4570E+00   5.1288E+18   5.0778E+18   3.7517E+18   3.7574E+18   1.5355E+17   1.0850E+17   1.0867E+17   1.2357E+17   1.2357E+17   1.2357E+17   6.6108E+17   3.3221E+17
   1.4730E+00   5.1029E+18   5.0517E+18   3.7625E+18   3.7678E+18   1.5351E+17   1.0934E+17   1.0949E+17   1.2412E+17   1.2412E+17   1.2412E+17   6.5964E+17   3.3147E+17
   1.4900E+00   5.0761E+18   5.0246E+18   3.7736E+18   3.7784E+18   1.5347E+17   1.1021E+17   1.1035E+17   1.2468E+17   1.2468E+17   1.2468E+17   6.5813E+17   3.3068E+17
   1.5070E+00   5.0498E+18   4.9981E+18   3.7843E+18   3.7887E+18   1.5342E+17   1.1107E+17   1.1120E+17   1.2523E+17   1.2523E+17   1.2523E+17   6.5663E+17   3.2990E+17
   1.5240E+00   5.0242E+18   4.9721E+18   3.7948E+18   3.7986E+18   1.5337E+17   1.1191E+17   1.1202E+17   1.2577E+17   1.2577E+17   1.2577E+17   6.5515E+17   3.2913E+17
   1.5410E+00   4.9991E+18   4.9468E+18   3.8049E+18   3.8083E+18   1.5331E+17   1.1273E+17   1.1283E+17   1.2629E+17   1.2629E+17   1.2629E+17   6.5369E+17   3.2837E+17
   1.5580E+00   4.9746E+18   4.9220E+18   3.8147E+18   3.8176E+18   1.5325E+17   1.1354E+17   1.1362E+17   1.2680E+17   1.2680E+17   1.2680E+17   6.5225E+17   3.2763E+17
   1.5760E+00   4.9492E+18   4.8964E+18   3.8248E+18   3.8272E+18   1.5318E+17   1.1437E+17   1.1444E+17   1.2733E+17   1.2733E+17   1.2733E+17   6.5074E+17   3.2686E+17
   1.5940E+00   4.9244E+18   4.8714E+18   3.8345E+18   3.8364E+18   1.5311E+17   1.1519E+17   1.1524E+17   1.2784E+17   1.2784E+17   1.2784E+17   6.4924E+17   3.2611E+17
   1.6120E+00   4.9002E+18   4.8470E+18   3.8439E+18   3.8453E+18   1.5303E+17   1.1598E+17   1.1603E+17   1.2835E+17   1.2835E+17   1.2835E+17   6.4777E+17   3.2538E+17
   1.6300E+00   4.8766E+18   4.8232E+18   3.8529E+18   3.8539E+18   1.5295E+17   1.1676E+17   1.1679E+17   1.2883E+17   1.2883E+17   1.2883E+17   6.4631E+17   3.2466E+17
   1.6490E+00   4.8523E+18   4.7987E+18   3.8622E+18   3.8626E+18   1.5287E+17   1.1756E+17   1.1758E+17   1.2933E+17   1.2933E+17   1.2933E+17   6.4480E+17   3.2387E+17
   1.6680E+00   4.8286E+18   4.7748E+18   3.8711E+18   3.8711E+18   1.5277E+17   1.1834E+17   1.1834E+17   1.2982E+17   1.2982E+17   1.2982E+17   6.4330E+17   3.2310E+17
   1.6870E+00   4.8055E+18   4.7515E+18   3.8798E+18   3.8792E+18   1.5268E+17   1.1911E+17   1.1909E+17   1.3029E+17   1.3029E+17   1.3029E+17   6.4183E+17   3.2233E+17
   1.7060E+00   4.7829E+18   4.7287E+18   3.8880E+18   3.8869E+18   1.5258E+17   1.1985E+17   1.1982E+17   1.3075E+17   1.3075E+17   1.3075E+17   6.4038E+17   3.2157E+17
   1.7250E+00   4.7608E+18   4.7065E+18   3.8959E+18   3.8944E+18   1.5248E+17   1.2057E+17   1.2052E+17   1.3119E+17   1.3119E+17   1.3119E+17   6.3893E+17   3.2083E+17
   1.7450E+00   4.7382E+18   4.6837E+18   3.9040E+18   3.9019E+18   1.5237E+17   1.2131E+17   1.2125E+17   1.3164E+17   1.3164E+17   1.3164E+17   6.3745E+17   3.2006E+17
   1.7650E+00   4.7163E+18   4.6617E+18   3.9119E+18   3.9092E+18   1.5226E+17   1.2204E+17   1.2195E+17   1.3208E+17   1.3208E+17   1.3208E+17   6.3599E+17   3.1931E+17
   1.7850E+00   4.6949E+18   4.6401E+18   3.9193E+18   3.9162E+18   1.5214E+17   1.2274E+17   1.2264E+17   1.3251E+17   1.3251E+17   1.3251E+17   6.3455E+17   3.1857E+17
   1.8050E+00   4.6740E+18   4.6190E+18   3.9264E+18   3.9228E+18   1.5202E+17   1.2341E+17   1.2330E+17   1.3291E+17   1.3291E+17   1.3291E+17   6.3312E+17   3.1784E+17
   1.8260E+00   4.6526E+18   4.5975E+18   3.9336E+18   3.9295E+18   1.5190E+17   1.2411E+17   1.2398E+17   1.3333E+17   1.3333E+17   1.3333E+17   6.3165E+17   3.1709E+17
   1.8470E+00   4.6318E+18   4.5766E+18   3.9405E+18   3.9358E+18   1.5177E+17   1.2478E+17   1.2463E+17   1.3373E+17   1.3373E+17   1.3373E+17   6.3020E+17   3.1635E+17
   1.8680E+00   4.6115E+18   4.5562E+18   3.9471E+18   3.9419E+18   1.5164E+17   1.2543E+17   1.2526E+17   1.3411E+17   1.3411E+17   1.3411E+17   6.2877E+17   3.1562E+17
   1.8890E+00   4.5918E+18   4.5364E+18   3.9534E+18   3.9476E+18   1.5150E+17   1.2606E+17   1.2587E+17   1.3448E+17   1.3448E+17   1.3448E+17   6.2736E+17   3.1490E+17
   1.9110E+00   4.5717E+18   4.5162E+18   3.9597E+18   3.9534E+18   1.5136E+17   1.2669E+17   1.2649E+17   1.3485E+17   1.3485E+17   1.3485E+17   6.2591E+17   3.1416E+17
   1.9330E+00   4.5522E+18   4.4965E+18   3.9656E+18   3.9588E+18   1.5121E+17   1.2731E+17   1.2709E+17   1.3520E+17   1.3520E+17   1.3520E+17   6.2449E+17   3.1343E+17
   1.9550E+00   4.5331E+18   4.4774E+18   3.9713E+18   3.9640E+18   1.5106E+17   1.2790E+17   1.2767E+17   1.3554E+17   1.3554E+17   1.3554E+17   6.2308E+17   3.1271E+17
   1.9780E+00   4.5138E+18   4.4580E+18   3.9770E+18   3.9691E+18   1.5090E+17   1.2850E+17   1.2825E+17   1.3588E+17   1.3588E+17   1.3588E+17   6.2164E+17   3.1197E+17
   2.0010E+00   4.4950E+18   4.4391E+18   3.9823E+18   3.9739E+18   1.5075E+17   1.2908E+17   1.2880E+17   1.3621E+17   1.3621E+17   1.3621E+17   6.2022E+17   3.1126E+17
   2.0240E+00   4.4768E+18   4.4208E+18   3.9874E+18   3.9784E+18   1.5058E+17   1.2963E+17   1.2934E+17   1.3652E+17   1.3652E+17   1.3652E+17   6.1882E+17   3.1057E+17
   2.0470E+00   4.4590E+18   4.4030E+18   3.9922E+18   3.9827E+18   1.5042E+17   1.3016E+17   1.2985E+17   1.3681E+17   1.3681E+17   1.3681E+17   6.1745E+17   3.0989E+17
   2.0710E+00   4.4410E+18   4.3849E+18   3.9969E+18   3.9868E+18   1.5025E+17   1.3070E+17   1.3037E+17   1.3711E+17   1.3711E+17   1.3711E+17   6.1604E+17   3.0918E+17
   2.0950E+00   4.4236E+18   4.3674E+18   4.0013E+18   3.9907E+18   1.5007E+17   1.3120E+17   1.3086E+17   1.3738E+17   1.3738E+17   1.3738E+17   6.1468E+17   3.0849E+17
   2.1190E+00   4.4066E+18   4.3504E+18   4.0054E+18   3.9943E+18   1.4989E+17   1.3169E+17   1.3133E+17   1.3764E+17   1.3764E+17   1.3764E+17   6.1331E+17   3.0780E+17
   2.1440E+00   4.3894E+18   4.3331E+18   4.0095E+18   3.9978E+18   1.4971E+17   1.3218E+17   1.3180E+17   1.3789E+17   1.3789E+17   1.3789E+17   6.1192E+17   3.0708E+17
   2.1690E+00   4.3728E+18   4.3164E+18   4.0132E+18   4.0010E+18   1.4952E+17   1.3265E+17   1.3224E+17   1.3814E+17   1.3814E+17   1.3814E+17   6.1054E+17   3.0638E+17
   2.1940E+00   4.3566E+18   4.3002E+18   4.0167E+18   4.0040E+18   1.4934E+17   1.3309E+17   1.3267E+17   1.3836E+17   1.3836E+17   1.3836E+17   6.0920E+17   3.0569E+17
   2.2190E+00   4.3409E+18   4.2845E+18   4.0200E+18   4.0067E+18   1.4915E+17   1.3351E+17   1.3307E+17   1.3858E+17   1.3858E+17   1.3858E+17   6.0787E+17   3.0501E+17
   2.2450E+00   4.3250E+18   4.2686E+18   4.0231E+18   4.0093E+18   1.4895E+17   1.3393E+17   1.3347E+17   1.3878E+17   1.3878E+17   1.3878E+17   6.0651E+17   3.0432E+17
   2.2710E+00   4.3096E+18   4.2532E+18   4.0260E+18   4.0116E+18   1.4875E+17   1.3433E+17   1.3385E+17   1.3897E+17   1.3897E+17   1.3897E+17   6.0518E+17   3.0364E+17
   2.2970E+00   4.2947E+18   4.2383E+18   4.0286E+18   4.0137E+18   1.4855E+17   1.3470E+17   1.3420E+17   1.3915E+17   1.3915E+17   1.3915E+17   6.0387E+17   3.0297E+17
   2.3240E+00   4.2797E+18   4.2232E+18   4.0311E+18   4.0157E+18   1.4834E+17   1.3507E+17   1.3455E+17   1.3932E+17   1.3932E+17   1.3932E+17   6.0253E+17   3.0229E+17
   2.3510E+00   4.2651E+18   4.2086E+18   4.0333E+18   4.0173E+18   1.4814E+17   1.3542E+17   1.3488E+17   1.3948E+17   1.3948E+17   1.3948E+17   6.0122E+17   3.0162E+17
   2.3780E+00   4.2509E+18   4.1944E+18   4.0353E+18   4.0188E+18   1.4793E+17   1.3574E+17   1.3519E+17   1.3962E+17   1.3962E+17   1.3962E+17   5.9993E+17   3.0097E+17
   2.4060E+00   4.2367E+18   4.1802E+18   4.0371E+18   4.0201E+18   1.4771E+17   1.3606E+17   1.3549E+17   1.3975E+17   1.3975E+17   1.3975E+17   5.9861E+17   3.0032E+17
   2.4340E+00   4.2229E+18   4.1664E+18   4.0387E+18   4.0212E+18   1.4749E+17   1.3636E+17   1.3577E+17   1.3987E+17   1.3987E+17   1.3987E+17   5.9731E+17   2.9970E+17
   2.4620E+00   4.2095E+18   4.1530E+18   4.0401E+18   4.0220E+18   1.4727E+17   1.3664E+17   1.3603E+17   1.3998E+17   1.3998E+17   1.3998E+17   5.9604E+17   2.9896E+17
   2.4910E+00   4.1960E+18   4.1396E+18   4.0413E+18   4.0227E+18   1.4701E+17   1.3688E+17   1.3625E+17   1.4005E+17   1.4005E+17   1.4005E+17   5.9466E+17   2.9814E+17
   2.5200E+00   4.1830E+18   4.1266E+18   4.0424E+18   4.0232E+18   1.4689E+17   1.3722E+17   1.3658E+17   1.4023E+17   1.4023E+17   1.4023E+17   5.9365E+17   2.9746E+17
   2.5500E+00   4.1699E+18   4.1135E+18   4.0431E+18   4.0234E+18   1.4658E+17   1.3739E+17   1.3673E+17   1.4023E+17   1.4023E+17   1.4023E+17   5.9217E+17   2.9679E+17
   2.5800E+00   4.1573E+18   4.1009E+18   4.0438E+18   4.0236E+18   1.4642E+17   1.3769E+17   1.3700E+17   1.4037E+17   1.4037E+17   1.4037E+17   5.9110E+17   2.9613E+17
   2.6100E+00   4.1449E+18   4.0886E+18   4.0441E+18   4.0234E+18   1.4612E+17   1.3783E+17   1.3712E+17   1.4036E+17   1.4036E+17   1.4036E+17   5.8969E+17   2.9550E+17
   2.6410E+00   4.1326E+18   4.0763E+18   4.0444E+18   4.0231E+18   1.4594E+17   1.3807E+17   1.3735E+17   1.4046E+17   1.4046E+17   1.4046E+17   5.8858E+17   2.9485E+17
   2.6720E+00   4.1207E+18   4.0644E+18   4.0443E+18   4.0226E+18   1.4571E+17   1.3825E+17   1.3751E+17   1.4049E+17   1.4049E+17   1.4049E+17   5.8734E+17   2.9423E+17
   2.7030E+00   4.1091E+18   4.0528E+18   4.0442E+18   4.0220E+18   1.4549E+17   1.3843E+17   1.3767E+17   1.4053E+17   1.4053E+17   1.4053E+17   5.8618E+17   2.9364E+17
   2.7350E+00   4.0975E+18   4.0412E+18   4.0438E+18   4.0211E+18   1.4528E+17   1.3861E+17   1.3783E+17   1.4057E+17   1.4057E+17   1.4057E+17   5.8502E+17   2.9302E+17
   2.7670E+00   4.0862E+18   4.0300E+18   4.0433E+18   4.0200E+18   1.4502E+17   1.3873E+17   1.3793E+17   1.4056E+17   1.4056E+17   1.4056E+17   5.8377E+17   2.9242E+17
   2.8000E+00   4.0749E+18   4.0188E+18   4.0425E+18   4.0187E+18   1.4475E+17   1.3883E+17   1.3801E+17   1.4053E+17   1.4053E+17   1.4053E+17   5.8250E+17   2.9180E+17
   2.8330E+00   4.0638E+18   4.0078E+18   4.0415E+18   4.0172E+18   1.4433E+17   1.3877E+17   1.3793E+17   1.4034E+17   1.4034E+17   1.4034E+17   5.8089E+17   2.9119E+17
   2.8660E+00   4.0532E+18   3.9973E+18   4.0404E+18   4.0156E+18   1.4407E+17   1.3884E+17   1.3799E+17   1.4030E+17   1.4030E+17   1.4030E+17   5.7968E+17   2.9060E+17
   2.9000E+00   4.0425E+18   3.9867E+18   4.0391E+18   4.0138E+18   1.4380E+17   1.3890E+17   1.3803E+17   1.4024E+17   1.4024E+17   1.4024E+17   5.7844E+17   2.9000E+17
   2.9340E+00   4.0322E+18   3.9764E+18   4.0376E+18   4.0119E+18   1.4353E+17   1.3895E+17   1.3806E+17   1.4018E+17   1.4018E+17   1.4018E+17   5.7722E+17   2.8939E+17
   2.9690E+00   4.0219E+18   3.9662E+18   4.0359E+18   4.0097E+18   1.4325E+17   1.3898E+17   1.3807E+17   1.4010E+17   1.4010E+17   1.4010E+17   5.7599E+17   2.8877E+17
   3.0040E+00   4.0120E+18   3.9562E+18   4.0343E+18   4.0076E+18   1.4320E+17   1.3921E+17   1.3829E+17   1.4024E+17   1.4024E+17   1.4024E+17   5.7530E+17   2.8815E+17
   3.0390E+00   4.0021E+18   3.9465E+18   4.0322E+18   4.0050E+18   1.4270E+17   1.3900E+17   1.3806E+17   1.3992E+17   1.3992E+17   1.3992E+17   5.7357E+17   2.8754E+17
   3.0750E+00   3.9923E+18   3.9368E+18   4.0300E+18   4.0024E+18   1.4241E+17   1.3898E+17   1.3803E+17   1.3981E+17   1.3981E+17   1.3981E+17   5.7235E+17   2.8692E+17
   3.1110E+00   3.9830E+18   3.9275E+18   4.0278E+18   3.9997E+18   1.4234E+17   1.3916E+17   1.3819E+17   1.3990E+17   1.3990E+17   1.3990E+17   5.7163E+17   2.8631E+17
   3.1480E+00   3.9733E+18   3.9180E+18   4.0252E+18   3.9967E+18   1.4184E+17   1.3892E+17   1.3793E+17   1.3956E+17   1.3956E+17   1.3956E+17   5.6993E+17   2.8570E+17
   3.1850E+00   3.9641E+18   3.9089E+18   4.0226E+18   3.9936E+18   1.4155E+17   1.3887E+17   1.3787E+17   1.3943E+17   1.3943E+17   1.3943E+17   5.6872E+17   2.8509E+17
   3.2230E+00   3.9549E+18   3.8997E+18   4.0198E+18   3.9903E+18   1.4125E+17   1.3880E+17   1.3779E+17   1.3928E+17   1.3928E+17   1.3928E+17   5.6750E+17   2.8448E+17
   3.2610E+00   3.9459E+18   3.8908E+18   4.0168E+18   3.9869E+18   1.4095E+17   1.3873E+17   1.3769E+17   1.3912E+17   1.3912E+17   1.3912E+17   5.6630E+17   2.8391E+17
   3.3000E+00   3.9369E+18   3.8819E+18   4.0137E+18   3.9834E+18   1.4065E+17   1.3863E+17   1.3759E+17   1.3896E+17   1.3896E+17   1.3896E+17   5.6507E+17   2.8333E+17
   3.3390E+00   3.9283E+18   3.8733E+18   4.0106E+18   3.9798E+18   1.4051E+17   1.3870E+17   1.3763E+17   1.3895E+17   1.3895E+17   1.3895E+17   5.6428E+17   2.8275E+17
   3.3780E+00   3.9197E+18   3.8648E+18   4.0072E+18   3.9760E+18   1.4020E+17   1.3858E+17   1.3750E+17   1.3876E+17   1.3876E+17   1.3876E+17   5.6304E+17   2.8212E+17
   3.4180E+00   3.9111E+18   3.8564E+18   4.0036E+18   3.9720E+18   1.3989E+17   1.3845E+17   1.3736E+17   1.3857E+17   1.3857E+17   1.3857E+17   5.6183E+17   2.8145E+17
   3.4580E+00   3.9027E+18   3.8482E+18   4.0000E+18   3.9680E+18   1.3951E+17   1.3824E+17   1.3714E+17   1.3830E+17   1.3830E+17   1.3830E+17   5.6048E+17   2.8081E+17
   3.4990E+00   3.8944E+18   3.8399E+18   3.9961E+18   3.9637E+18   1.3921E+17   1.3811E+17   1.3699E+17   1.3810E+17   1.3810E+17   1.3810E+17   5.5927E+17   2.8016E+17
   3.5400E+00   3.8862E+18   3.8318E+18   3.9922E+18   3.9594E+18   1.3879E+17   1.3785E+17   1.3671E+17   1.3778E+17   1.3778E+17   1.3778E+17   5.5786E+17   2.7953E+17
   3.5820E+00   3.8780E+18   3.8238E+18   3.9881E+18   3.9548E+18   1.3850E+17   1.3771E+17   1.3656E+17   1.3759E+17   1.3759E+17   1.3759E+17   5.5668E+17   2.7888E+17
   3.6240E+00   3.8700E+18   3.8159E+18   3.9840E+18   3.9504E+18   1.3828E+17   1.3763E+17   1.3647E+17   1.3746E+17   1.3746E+17   1.3746E+17   5.5574E+17   2.7829E+17
   3.6670E+00   3.8620E+18   3.8080E+18   3.9796E+18   3.9456E+18   1.3790E+17   1.3738E+17   1.3621E+17   1.3716E+17   1.3716E+17   1.3716E+17   5.5439E+17   2.7769E+17
   3.7110E+00   3.8539E+18   3.8000E+18   3.9751E+18   3.9407E+18   1.3761E+17   1.3723E+17   1.3604E+17   1.3696E+17   1.3696E+17   1.3696E+17   5.5323E+17   2.7707E+17
   3.7550E+00   3.8461E+18   3.7923E+18   3.9705E+18   3.9358E+18   1.3731E+17   1.3705E+17   1.3585E+17   1.3673E+17   1.3673E+17   1.3673E+17   5.5212E+17   2.7648E+17
   3.8000E+00   3.8382E+18   3.7845E+18   3.9658E+18   3.9306E+18   1.3702E+17   1.3688E+17   1.3567E+17   1.3653E+17   1.3653E+17   1.3653E+17   5.5098E+17   2.7591E+17
   3.8450E+00   3.8304E+18   3.7769E+18   3.9608E+18   3.9254E+18   1.3648E+17   1.3644E+17   1.3522E+17   1.3605E+17   1.3605E+17   1.3605E+17   5.4929E+17   2.7534E+17
   3.8910E+00   3.8226E+18   3.7692E+18   3.9558E+18   3.9200E+18   1.3620E+17   1.3627E+17   1.3504E+17   1.3584E+17   1.3584E+17   1.3584E+17   5.4817E+17   2.7467E+17
   3.9370E+00   3.8150E+18   3.7617E+18   3.9508E+18   3.9146E+18   1.3579E+17   1.3596E+17   1.3471E+17   1.3549E+17   1.3549E+17   1.3549E+17   5.4681E+17   2.7399E+17
   3.9840E+00   3.8073E+18   3.7542E+18   3.9455E+18   3.9090E+18   1.3552E+17   1.3578E+17   1.3452E+17   1.3527E+17   1.3527E+17   1.3527E+17   5.4571E+17   2.7331E+17
   4.0310E+00   3.7998E+18   3.7468E+18   3.9403E+18   3.9034E+18   1.3525E+17   1.3560E+17   1.3433E+17   1.3506E+17   1.3506E+17   1.3506E+17   5.4463E+17   2.7272E+17
   4.0790E+00   3.7922E+18   3.7394E+18   3.9348E+18   3.8977E+18   1.3485E+17   1.3528E+17   1.3400E+17   1.3471E+17   1.3471E+17   1.3471E+17   5.4330E+17   2.7210E+17
   4.1280E+00   3.7846E+18   3.7319E+18   3.9293E+18   3.8918E+18   1.3458E+17   1.3508E+17   1.3380E+17   1.3449E+17   1.3449E+17   1.3449E+17   5.4221E+17   2.7150E+17
   4.1770E+00   3.7771E+18   3.7245E+18   3.9236E+18   3.8858E+18   1.3407E+17   1.3464E+17   1.3335E+17   1.3402E+17   1.3402E+17   1.3402E+17   5.4063E+17   2.7091E+17
   4.2270E+00   3.7696E+18   3.7171E+18   3.9178E+18   3.8797E+18   1.3380E+17   1.3445E+17   1.3314E+17   1.3379E+17   1.3379E+17   1.3379E+17   5.3956E+17   2.7020E+17
   4.2770E+00   3.7621E+18   3.7098E+18   3.9119E+18   3.8736E+18   1.3329E+17   1.3400E+17   1.3269E+17   1.3333E+17   1.3333E+17   1.3333E+17   5.3798E+17   2.6961E+17
   4.3280E+00   3.7547E+18   3.7025E+18   3.9060E+18   3.8673E+18   1.3303E+17   1.3380E+17   1.3247E+17   1.3310E+17   1.3310E+17   1.3310E+17   5.3691E+17   2.6889E+17
   4.3800E+00   3.7471E+18   3.6952E+18   3.8999E+18   3.8609E+18   1.3260E+17   1.3342E+17   1.3209E+17   1.3270E+17   1.3270E+17   1.3270E+17   5.3550E+17   2.6822E+17
   4.4320E+00   3.7397E+18   3.6879E+18   3.8937E+18   3.8545E+18   1.3234E+17   1.3321E+17   1.3187E+17   1.3247E+17   1.3247E+17   1.3247E+17   5.3444E+17   2.6759E+17
   4.4850E+00   3.7322E+18   3.6806E+18   3.8874E+18   3.8480E+18   1.3186E+17   1.3278E+17   1.3144E+17   1.3203E+17   1.3203E+17   1.3203E+17   5.3293E+17   2.6696E+17
   4.5390E+00   3.7247E+18   3.6732E+18   3.8810E+18   3.8413E+18   1.3160E+17   1.3257E+17   1.3121E+17   1.3179E+17   1.3179E+17   1.3179E+17   5.3186E+17   2.6630E+17
   4.5930E+00   3.7172E+18   3.6659E+18   3.8745E+18   3.8346E+18   1.3108E+17   1.3209E+17   1.3073E+17   1.3130E+17   1.3130E+17   1.3130E+17   5.3027E+17   2.6566E+17
   4.6480E+00   3.7098E+18   3.6585E+18   3.8680E+18   3.8278E+18   1.3082E+17   1.3187E+17   1.3050E+17   1.3106E+17   1.3106E+17   1.3106E+17   5.2920E+17   2.6498E+17
   4.7040E+00   3.7022E+18   3.6511E+18   3.8612E+18   3.8208E+18   1.3033E+17   1.3142E+17   1.3004E+17   1.3060E+17   1.3060E+17   1.3060E+17   5.2764E+17   2.6430E+17
   4.7600E+00   3.6948E+18   3.6438E+18   3.8545E+18   3.8138E+18   1.3007E+17   1.3119E+17   1.2980E+17   1.3035E+17   1.3035E+17   1.3035E+17   5.2658E+17   2.6363E+17
   4.8170E+00   3.6871E+18   3.6364E+18   3.8475E+18   3.8067E+18   1.2946E+17   1.3061E+17   1.2922E+17   1.2977E+17   1.2977E+17   1.2977E+17   5.2477E+17   2.6307E+17
   4.8750E+00   3.6796E+18   3.6290E+18   3.8406E+18   3.7995E+18   1.2920E+17   1.3037E+17   1.2898E+17   1.2952E+17   1.2952E+17   1.2952E+17   5.2370E+17   2.6226E+17
   4.9340E+00   3.6719E+18   3.6215E+18   3.8334E+18   3.7922E+18   1.2874E+17   1.2994E+17   1.2854E+17   1.2907E+17   1.2907E+17   1.2907E+17   5.2220E+17   2.6154E+17
   4.9930E+00   3.6643E+18   3.6140E+18   3.8263E+18   3.7849E+18   1.2847E+17   1.2970E+17   1.2829E+17   1.2882E+17   1.2882E+17   1.2882E+17   5.2112E+17   2.6089E+17
   5.0530E+00   3.6566E+18   3.6065E+18   3.8190E+18   3.7774E+18   1.2793E+17   1.2917E+17   1.2776E+17   1.2829E+17   1.2829E+17   1.2829E+17   5.1943E+17   2.6018E+17
   5.1140E+00   3.6488E+18   3.5990E+18   3.8116E+18   3.7698E+18   1.2745E+17   1.2871E+17   1.2730E+17   1.2782E+17   1.2782E+17   1.2782E+17   5.1788E+17   2.5949E+17
   5.1760E+00   3.6411E+18   3.5914E+18   3.8042E+18   3.7622E+18   1.2718E+17   1.2846E+17   1.2704E+17   1.2756E+17   1.2756E+17   1.2756E+17   5.1678E+17   2.5874E+17
   5.2380E+00   3.6333E+18   3.5838E+18   3.7966E+18   3.7545E+18   1.2663E+17   1.2792E+17   1.2650E+17   1.2702E+17   1.2702E+17   1.2702E+17   5.1507E+17   2.5811E+17
   5.3010E+00   3.6256E+18   3.5762E+18   3.7891E+18   3.7468E+18   1.2636E+17   1.2767E+17   1.2624E+17   1.2675E+17   1.2675E+17   1.2675E+17   5.1397E+17   2.5733E+17
   5.3650E+00   3.6176E+18   3.5685E+18   3.7813E+18   3.7389E+18   1.2582E+17   1.2714E+17   1.2571E+17   1.2622E+17   1.2622E+17   1.2622E+17   5.1228E+17   2.5661E+17
   5.4300E+00   3.6098E+18   3.5607E+18   3.7735E+18   3.7310E+18   1.2555E+17   1.2688E+17   1.2545E+17   1.2596E+17   1.2596E+17   1.2596E+17   5.1117E+17   2.5590E+17
   5.4960E+00   3.6017E+18   3.5529E+18   3.7655E+18   3.7229E+18   1.2503E+17   1.2637E+17   1.2493E+17   1.2544E+17   1.2544E+17   1.2544E+17   5.0951E+17   2.5512E+17
   5.5630E+00   3.5936E+18   3.5450E+18   3.7574E+18   3.7147E+18   1.2446E+17   1.2580E+17   1.2437E+17   1.2488E+17   1.2488E+17   1.2488E+17   5.0773E+17   2.5448E+17
   5.6300E+00   3.5856E+18   3.5371E+18   3.7494E+18   3.7066E+18   1.2418E+17   1.2554E+17   1.2410E+17   1.2461E+17   1.2461E+17   1.2461E+17   5.0660E+17   2.5365E+17
