         Time_s                                                                                                               01                                                                                                               02                                                                                                               03                                                                                                               04                                                                                                               05                                                                                                               06                                                                                                               07                                                                                                               08                                                                                                               09                                                                                                               10                                                                                                               11
   0.000000E+00   9.7259E+05   0.0000E+00   2.4475E+19   0.0000E+00   0.0000E+00   0.0000E+00   0.0000E+00   0.0000E+00   0.0000E+00   0.0000E+00   0.0000E+00
   7.025760E-06   9.7259E+05   1.6086E-23   2.4475E+19   2.8629E+04   3.9575E+00   3.4005E+01   3.9442E-02   3.3091E-55   7.0436E-17   1.0759E-27   1.4065E-11
   1.522250E-05   1.6799E+06   6.7031E-09   2.4475E+19   8.3462E+07   1.0047E+04   1.7969E+05   1.1009E+03   3.3883E-27   7.0599E-03   5.6229E-10   1.8697E+02
   2.459020E-05   2.7099E+06   1.0440E-03   2.4475E+19   5.1474E+09   5.4747E+05   1.7397E+07   1.8413E+05   2.6479E-18   1.6604E+02   8.3703E-04   4.3046E+05
   3.278690E-05   3.2934E+06   5.9756E+00   2.4475E+19   3.8772E+10   4.2721E+06   1.9354E+08   2.4899E+06   1.3891E-12   1.6699E+05   5.7790E+00   1.8996E+07
   4.098360E-05   1.4091E+06   1.6012E+03   2.4475E+19   7.6808E+10   5.1615E+06   2.8798E+08   4.0362E+06   2.6176E-09   1.6991E+07   1.5918E+03   6.8077E+07
   4.918030E-05   1.1963E+06   5.3654E+04   2.4475E+19   1.4042E+11   8.8792E+06   5.6893E+08   8.3678E+06   2.9998E-07   2.9044E+08   5.3518E+04   3.1226E+07
   5.503510E-05   4.9963E+06   7.3126E+05   2.4475E+19   4.4153E+11   5.6564E+07   3.9398E+09   5.9499E+07   4.0093E-05   2.0281E+09   7.2884E+05   8.7453E+06
   5.971900E-05   1.1251E+07   6.2371E+06   2.4475E+19   1.1263E+12   1.6211E+08   1.1825E+10   1.8117E+08   1.7301E-03   7.1891E+09   6.2191E+06   2.9180E+06
   6.440280E-05   1.9899E+07   4.3863E+07   2.4475E+19   2.5419E+12   3.4108E+08   2.5643E+10   3.9700E+08   4.5159E-02   2.0257E+10   4.3766E+07   1.1531E+06
   6.674470E-05   2.9512E+07   1.0236E+08   2.4475E+19   3.6915E+12   5.6308E+08   4.3126E+10   6.7173E+08   2.0159E-01   3.2389E+10   1.0216E+08   4.6991E+05
   7.025760E-05   3.7594E+07   3.4275E+08   2.4475E+19   6.0214E+12   7.7762E+08   6.0055E+10   9.4076E+08   1.3952E+00   5.9186E+10   3.4219E+08   3.2367E+05
   7.377050E-05   4.3564E+07   9.5608E+08   2.4475E+19   8.8284E+12   9.8291E+08   7.6359E+10   1.2039E+09   7.0876E+00   9.4944E+10   9.5489E+08   1.8331E+05
   7.962530E-05   4.7936E+07   3.6861E+09   2.4475E+19   1.4024E+13   1.2161E+09   9.3992E+10   1.4973E+09   5.5926E+01   1.6985E+11   3.6835E+09   1.0450E+05
   8.548010E-05   5.0396E+07   1.0048E+10   2.4475E+19   1.9302E+13   1.4509E+09   1.1106E+11   1.7885E+09   2.6394E+02   2.5792E+11   1.0046E+10   4.9625E+04
   9.250590E-05   4.9798E+07   2.4830E+10   2.4475E+19   2.4919E+13   1.6382E+09   1.2289E+11   2.0029E+09   1.0277E+03   3.6784E+11   2.4840E+10   2.8437E+04
   9.718970E-05   4.6938E+07   3.9805E+10   2.4475E+19   2.7894E+13   1.6918E+09   1.2507E+11   2.0542E+09   2.0836E+03   4.3672E+11   3.9841E+10   1.8658E+04
   1.065570E-04   4.1211E+07   8.1248E+10   2.4475E+19   3.1577E+13   1.6853E+09   1.2093E+11   2.0091E+09   5.5438E+03   5.4836E+11   8.1415E+10   1.6465E+04
   1.147540E-04   3.3110E+07   1.2693E+11   2.4475E+19   3.2497E+13   1.5069E+09   1.0528E+11   1.7658E+09   9.8048E+03   6.1182E+11   1.2734E+11   1.6016E+04
   1.217800E-04   2.5075E+07   1.6912E+11   2.4475E+19   3.1793E+13   1.2565E+09   8.5356E+10   1.4444E+09   1.3379E+04   6.3884E+11   1.6985E+11   2.0213E+04
   1.288060E-04   1.7519E+07   2.1059E+11   2.4475E+19   3.0020E+13   9.8068E+08   6.4464E+10   1.1021E+09   1.6068E+04   6.4331E+11   2.1176E+11   3.0807E+04
   1.370020E-04   1.0752E+07   2.5488E+11   2.4475E+19   2.7186E+13   6.9883E+08   4.4064E+10   7.6347E+08   1.7602E+04   6.2897E+11   2.5667E+11   6.2155E+04
   1.487120E-04   5.0981E+06   3.0766E+11   2.4475E+19   2.2852E+13   4.2029E+08   2.4997E+10   4.4169E+08   1.6990E+04   5.9244E+11   3.1049E+11   2.5796E+05
   1.604220E-04   1.5409E+06   3.4885E+11   2.4475E+19   1.8948E+13   2.3785E+08   1.3010E+10   2.3761E+08   1.3453E+04   5.5383E+11   3.5283E+11   2.8442E+06
   1.733020E-04   3.1809E+05   3.8358E+11   2.4475E+19   1.5537E+13   1.4389E+08   7.4761E+09   1.3988E+08   8.7408E+03   5.1816E+11   3.8890E+11   8.6703E+07
   1.885250E-04   7.9094E+04   4.1394E+11   2.4475E+19   1.2536E+13   9.1184E+07   4.6761E+09   8.8139E+07   4.2547E+03   4.7644E+11   4.2093E+11   9.8342E+09
   2.072600E-04   1.1813E+05   4.1612E+11   2.4475E+19   9.8918E+12   5.6635E+07   2.8964E+09   5.4658E+07   3.5695E+03   4.0141E+10   4.2336E+11   4.4371E+11
   2.224820E-04   4.0749E+05   4.1591E+11   2.4475E+19   8.2833E+12   3.9545E+07   2.0201E+09   3.8179E+07   1.1215E+03   1.4232E+08   4.2322E+11   4.8385E+11
   2.423890E-04   1.6800E+06   4.1564E+11   2.4475E+19   6.6682E+12   2.5581E+07   1.3074E+09   2.4728E+07   2.7919E+02   2.1338E+06   4.2303E+11   4.8417E+11
   2.500000E-04   1.3305E+06   4.1554E+11   2.4475E+19   6.1605E+12   2.1833E+07   1.1157E+09   2.1106E+07   2.0799E+02   1.0699E+06   4.2296E+11   4.8425E+11
   2.570258E-04   9.7259E+05   4.1544E+11   2.4475E+19   5.7352E+12   1.8922E+07   9.6692E+08   1.8292E+07   2.9407E+02   2.4259E+06   4.2289E+11   4.8431E+11
   2.652225E-04   1.6799E+06   4.1533E+11   2.4475E+19   5.2851E+12   1.6078E+07   8.2119E+08   1.5535E+07   5.4391E+02   1.2810E+07   4.2281E+11   4.8438E+11
   2.745902E-04   2.7099E+06   4.1521E+11   2.4475E+19   4.8285E+12   1.3958E+07   7.0258E+08   1.3149E+07   1.1851E+03   1.7597E+08   4.2272E+11   4.8430E+11
   2.827869E-04   3.2934E+06   4.1514E+11   2.4475E+19   4.4978E+12   1.5906E+07   7.8778E+08   1.3739E+07   2.4414E+03   4.1965E+09   4.2270E+11   4.8032E+11
   2.909836E-04   1.4091E+06   4.1596E+11   2.4475E+19   4.2025E+12   1.5315E+07   8.0654E+08   1.3854E+07   3.8680E+03   9.6550E+10   4.2375E+11   3.8698E+11
   2.991803E-04   1.1963E+06   4.1980E+11   2.4475E+19   3.9577E+12   1.7875E+07   1.0282E+09   1.7067E+07   3.4998E+03   4.3257E+11   4.2843E+11   4.6506E+10
   3.050351E-04   4.9963E+06   4.2276E+11   2.4475E+19   4.0512E+12   6.5878E+07   4.4140E+09   6.8518E+07   5.4455E+03   4.7515E+11   4.3203E+11   2.0488E+09
   3.097190E-04   1.1251E+07   4.2535E+11   2.4475E+19   4.5714E+12   1.7336E+08   1.2395E+10   1.9209E+08   7.8923E+03   4.7907E+11   4.3512E+11   1.9445E+08
   3.144028E-04   1.9899E+07   4.2857E+11   2.4475E+19   5.8150E+12   3.5673E+08   2.6434E+10   4.1221E+08   1.0687E+04   4.8861E+11   4.3885E+11   2.7814E+07
   3.167447E-04   2.9512E+07   4.3061E+11   2.4475E+19   6.8726E+12   5.8228E+08   4.4093E+10   6.9041E+08   1.3115E+04   4.9852E+11   4.4115E+11   7.2326E+06
   3.202576E-04   3.7594E+07   4.3466E+11   2.4475E+19   9.0512E+12   8.0373E+08   6.1371E+10   9.6615E+08   1.5648E+04   5.2112E+11   4.4560E+11   2.8499E+06
   3.237705E-04   4.3564E+07   4.4028E+11   2.4475E+19   1.1688E+13   1.0165E+09   7.8055E+10   1.2365E+09   1.9032E+04   5.5145E+11   4.5164E+11   1.0647E+06
   3.296253E-04   4.7936E+07   4.5438E+11   2.4475E+19   1.6562E+13   1.2606E+09   9.6248E+10   1.5405E+09   2.5005E+04   6.1421E+11   4.6651E+11   3.7789E+05
   3.354801E-04   5.0396E+07   4.7572E+11   2.4475E+19   2.1487E+13   1.5021E+09   1.1366E+11   1.8380E+09   3.3338E+04   6.8641E+11   4.8875E+11   1.3207E+05
   3.425059E-04   4.9798E+07   5.1229E+11   2.4475E+19   2.6674E+13   1.6902E+09   1.2554E+11   2.0532E+09   4.4653E+04   7.7327E+11   5.2660E+11   5.9780E+04
   3.471897E-04   4.6938E+07   5.4325E+11   2.4475E+19   2.9379E+13   1.7407E+09   1.2757E+11   2.1015E+09   5.3811E+04   8.2518E+11   5.5856E+11   3.5254E+04
   3.565570E-04   4.1211E+07   6.1747E+11   2.4475E+19   3.2604E+13   1.7232E+09   1.2287E+11   2.0458E+09   6.9354E+04   9.0180E+11   6.3516E+11   2.7077E+04
   3.647540E-04   3.3110E+07   6.9044E+11   2.4475E+19   3.3223E+13   1.5344E+09   1.0669E+11   1.7923E+09   8.1624E+04   9.3571E+11   7.1063E+11   2.4495E+04
   3.717800E-04   2.5075E+07   7.5372E+11   2.4475E+19   3.2327E+13   1.2763E+09   8.6369E+10   1.4635E+09   8.7734E+04   9.3954E+11   7.7634E+11   2.9728E+04
   3.788060E-04   1.7519E+07   8.1362E+11   2.4475E+19   3.0415E+13   9.9443E+08   6.5170E+10   1.1154E+09   8.9132E+04   9.2340E+11   8.3886E+11   4.4220E+04
   3.870020E-04   1.0752E+07   8.7590E+11   2.4475E+19   2.7466E+13   7.0764E+08   4.4516E+10   7.7196E+08   8.5465E+04   8.8846E+11   9.0436E+11   8.7799E+04
   3.987120E-04   5.0981E+06   9.4855E+11   2.4475E+19   2.3027E+13   4.2493E+08   2.5235E+10   4.4616E+08   7.3249E+04   8.2837E+11   9.8174E+11   3.6070E+05
   4.104220E-04   1.5409E+06   1.0042E+12   2.4475E+19   1.9061E+13   2.4031E+08   1.3136E+10   2.3999E+08   5.3960E+04   7.7167E+11   1.0422E+12   3.9630E+06
   4.233020E-04   3.1809E+05   1.0504E+12   2.4475E+19   1.5608E+13   1.4515E+08   7.5411E+09   1.4110E+08   3.3289E+04   7.2064E+11   1.0936E+12   1.2058E+08
   4.385250E-04   7.9094E+04   1.0898E+12   2.4475E+19   1.2577E+13   9.1772E+07   4.7063E+09   8.8706E+07   1.5553E+04   6.6153E+11   1.1392E+12   1.3655E+10
   4.572600E-04   1.1813E+05   1.0913E+12   2.4475E+19   9.9198E+12   5.6954E+07   2.9127E+09   5.4965E+07   1.3016E+04   5.5811E+10   1.1417E+12   6.1693E+11
   4.724820E-04   4.0749E+05   1.0899E+12   2.4475E+19   8.3050E+12   3.9753E+07   2.0307E+09   3.8379E+07   4.0921E+03   1.9817E+08   1.1405E+12   6.7367E+11
   4.923890E-04   1.6800E+06   1.0882E+12   2.4475E+19   6.6843E+12   2.5705E+07   1.3137E+09   2.4848E+07   1.0195E+03   2.9793E+06   1.1390E+12   6.7534E+11
   5.000000E-04   1.3305E+06   1.0875E+12   2.4475E+19   6.1750E+12   2.1936E+07   1.1210E+09   2.1205E+07   7.5974E+02   1.4956E+06   1.1385E+12   6.7591E+11
   5.070258E-04   9.7259E+05   1.0868E+12   2.4475E+19   5.7484E+12   1.9009E+07   9.7136E+08   1.8376E+07   1.0745E+03   3.3914E+06   1.1380E+12   6.7643E+11
   5.152225E-04   1.6799E+06   1.0861E+12   2.4475E+19   5.2969E+12   1.6150E+07   8.2487E+08   1.5604E+07   1.9880E+03   1.7911E+07   1.1373E+12   6.7702E+11
   5.245902E-04   2.7099E+06   1.0853E+12   2.4475E+19   4.8389E+12   1.4016E+07   7.0555E+08   1.3206E+07   4.3331E+03   2.4617E+08   1.1367E+12   6.7747E+11
   5.327869E-04   3.2934E+06   1.0846E+12   2.4475E+19   4.5072E+12   1.5955E+07   7.9028E+08   1.3786E+07   8.9291E+03   5.8746E+09   1.1361E+12   6.7238E+11
   5.409836E-04   1.4091E+06   1.0850E+12   2.4475E+19   4.2107E+12   1.5355E+07   8.0858E+08   1.3893E+07   1.4129E+04   1.3521E+11   1.1373E+12   5.4192E+11
   5.491803E-04   1.1963E+06   1.0889E+12   2.4475E+19   3.9635E+12   1.7901E+07   1.0296E+09   1.7093E+07   1.2702E+04   6.0531E+11   1.1443E+12   6.5077E+10
   5.550351E-04   4.9963E+06   1.0919E+12   2.4475E+19   4.0553E+12   6.5896E+07   4.4149E+09   6.8536E+07   1.9651E+04   6.6387E+11   1.1497E+12   2.8626E+09
   5.597190E-04   1.1251E+07   1.0947E+12   2.4475E+19   4.5741E+12   1.7338E+08   1.2396E+10   1.9210E+08   2.8282E+04   6.6706E+11   1.1542E+12   2.7075E+08
   5.644028E-04   1.9899E+07   1.0983E+12   2.4475E+19   5.8162E+12   3.5674E+08   2.6434E+10   4.1222E+08   3.7832E+04   6.7497E+11   1.1596E+12   3.8423E+07
   5.667447E-04   2.9512E+07   1.1006E+12   2.4475E+19   6.8729E+12   5.8228E+08   4.4093E+10   6.9041E+08   4.5989E+04   6.8390E+11   1.1629E+12   9.9222E+06
   5.702576E-04   3.7594E+07   1.1055E+12   2.4475E+19   9.0499E+12   8.0372E+08   6.1371E+10   9.6613E+08   5.3821E+04   7.0471E+11   1.1692E+12   3.8539E+06
   5.737705E-04   4.3564E+07   1.1123E+12   2.4475E+19   1.1685E+13   1.0164E+09   7.8053E+10   1.2364E+09   6.3901E+04   7.3279E+11   1.1775E+12   1.4148E+06
   5.796253E-04   4.7936E+07   1.1295E+12   2.4475E+19   1.6555E+13   1.2605E+09   9.6242E+10   1.5403E+09   8.0023E+04   7.9064E+11   1.1972E+12   4.8643E+05
   5.854801E-04   5.0396E+07   1.1553E+12   2.4475E+19   2.1475E+13   1.5018E+09   1.1365E+11   1.8377E+09   1.0104E+05   8.5652E+11   1.2258E+12   1.6480E+05
   5.925059E-04   4.9798E+07   1.1984E+12   2.4475E+19   2.6657E+13   1.6897E+09   1.2552E+11   2.0527E+09   1.2623E+05   9.3429E+11   1.2727E+12   7.2228E+04
   5.971897E-04   4.6938E+07   1.2343E+12   2.4475E+19   2.9359E+13   1.7400E+09   1.2754E+11   2.1008E+09   1.4515E+05   9.7952E+11   1.3114E+12   4.1848E+04
   6.065570E-04   4.1211E+07   1.3186E+12   2.4475E+19   3.2579E+13   1.7223E+09   1.2283E+11   2.0449E+09   1.7120E+05   1.0423E+12   1.4018E+12   3.1295E+04
   6.147540E-04   3.3110E+07   1.3998E+12   2.4475E+19   3.3194E+13   1.5333E+09   1.0663E+11   1.7912E+09   1.8828E+05   1.0645E+12   1.4890E+12   2.7865E+04
   6.217800E-04   2.5075E+07   1.4693E+12   2.4475E+19   3.2298E+13   1.2752E+09   8.6314E+10   1.4624E+09   1.9280E+05   1.0590E+12   1.5640E+12   3.3508E+04
   6.288060E-04   1.7519E+07   1.5344E+12   2.4475E+19   3.0385E+13   9.9340E+08   6.5117E+10   1.1144E+09   1.8836E+05   1.0346E+12   1.6348E+12   4.9547E+04
   6.370020E-04   1.0752E+07   1.6015E+12   2.4475E+19   2.7437E+13   7.0673E+08   4.4469E+10   7.7108E+08   1.7438E+05   9.9145E+11   1.7085E+12   9.7976E+04
   6.487120E-04   5.0981E+06   1.6788E+12   2.4475E+19   2.2999E+13   4.2420E+08   2.5198E+10   4.4546E+08   1.4429E+05   9.2197E+11   1.7953E+12   4.0145E+05
   6.604220E-04   1.5409E+06   1.7370E+12   2.4475E+19   1.9035E+13   2.3974E+08   1.3107E+10   2.3944E+08   1.0380E+05   8.5813E+11   1.8628E+12   4.4070E+06
   6.733020E-04   3.1809E+05   1.7844E+12   2.4475E+19   1.5584E+13   1.4472E+08   7.5190E+09   1.4068E+08   6.2870E+04   8.0113E+11   1.9202E+12   1.3405E+08
   6.885250E-04   7.9094E+04   1.8236E+12   2.4475E+19   1.2555E+13   9.1455E+07   4.6901E+09   8.8398E+07   2.8930E+04   7.3534E+11   1.9710E+12   1.5178E+10
   7.072600E-04   1.1813E+05   1.8222E+12   2.4475E+19   9.9035E+12   5.6769E+07   2.9033E+09   5.4787E+07   2.4235E+04   6.2235E+10   1.9713E+12   6.8794E+11
   7.224820E-04   4.0749E+05   1.8183E+12   2.4475E+19   8.2921E+12   3.9630E+07   2.0244E+09   3.8260E+07   7.6341E+03   2.2163E+08   1.9680E+12   7.5333E+11
   7.423890E-04   1.6800E+06   1.8134E+12   2.4475E+19   6.6745E+12   2.5629E+07   1.3098E+09   2.4775E+07   1.9068E+03   3.3504E+06   1.9635E+12   7.5796E+11
   7.500000E-04   1.3305E+06   1.8115E+12   2.4475E+19   6.1660E+12   2.1872E+07   1.1177E+09   2.1144E+07   1.4223E+03   1.6857E+06   1.9619E+12   7.5964E+11
   7.570258E-04   9.7259E+05   1.8097E+12   2.4475E+19   5.7401E+12   1.8954E+07   9.6856E+08   1.8323E+07   2.0133E+03   3.8233E+06   1.9603E+12   7.6119E+11
   7.652225E-04   1.6799E+06   1.8077E+12   2.4475E+19   5.2894E+12   1.6104E+07   8.2253E+08   1.5560E+07   3.7289E+03   2.0198E+07   1.9585E+12   7.6297E+11
   7.745902E-04   2.7099E+06   1.8054E+12   2.4475E+19   4.8322E+12   1.3979E+07   7.0363E+08   1.3169E+07   8.1368E+03   2.7792E+08   1.9564E+12   7.6476E+11
   7.827869E-04   3.2934E+06   1.8034E+12   2.4475E+19   4.5010E+12   1.5923E+07   7.8864E+08   1.3755E+07   1.6783E+04   6.6410E+09   1.9548E+12   7.6009E+11
   7.909836E-04   1.4091E+06   1.8024E+12   2.4475E+19   4.2048E+12   1.5327E+07   8.0713E+08   1.3865E+07   2.6561E+04   1.5301E+11   1.9553E+12   6.1328E+11
   7.991803E-04   1.1963E+06   1.8045E+12   2.4475E+19   3.9573E+12   1.7874E+07   1.0281E+09   1.7066E+07   2.3822E+04   6.8500E+11   1.9631E+12   7.3646E+10
   8.050351E-04   4.9963E+06   1.8062E+12   2.4475E+19   4.0489E+12   6.5868E+07   4.4135E+09   6.8507E+07   3.6774E+04   7.5103E+11   1.9692E+12   3.2384E+09
   8.097190E-04   1.1251E+07   1.8080E+12   2.4475E+19   4.5675E+12   1.7334E+08   1.2394E+10   1.9207E+08   5.2796E+04   7.5395E+11   1.9744E+12   3.0602E+08
   8.144028E-04   1.9899E+07   1.8107E+12   2.4475E+19   5.8093E+12   3.5670E+08   2.6432E+10   4.1217E+08   7.0340E+04   7.6120E+11   1.9805E+12   4.3332E+07
   8.167447E-04   2.9512E+07   1.8127E+12   2.4475E+19   6.8658E+12   5.8223E+08   4.4090E+10   6.9036E+08   8.5247E+04   7.6972E+11   1.9842E+12   1.1167E+07
   8.202576E-04   3.7594E+07   1.8171E+12   2.4475E+19   9.0425E+12   8.0364E+08   6.1367E+10   9.6606E+08   9.9145E+04   7.8975E+11   1.9912E+12   4.3190E+06
   8.237705E-04   4.3564E+07   1.8237E+12   2.4475E+19   1.1677E+13   1.0163E+09   7.8047E+10   1.2363E+09   1.1679E+05   8.1685E+11   2.0005E+12   1.5771E+06
   8.296253E-04   4.7936E+07   1.8410E+12   2.4475E+19   1.6546E+13   1.2603E+09   9.6233E+10   1.5402E+09   1.4394E+05   8.7251E+11   2.0225E+12   5.3680E+05
   8.354801E-04   5.0396E+07   1.8674E+12   2.4475E+19   2.1464E+13   1.5015E+09   1.1363E+11   1.8375E+09   1.7839E+05   9.3552E+11   2.0539E+12   1.8000E+05
   8.425059E-04   4.9798E+07   1.9119E+12   2.4475E+19   2.6645E+13   1.6893E+09   1.2550E+11   2.0524E+09   2.1752E+05   1.0091E+12   2.1050E+12   7.8013E+04
   8.471897E-04   4.6938E+07   1.9489E+12   2.4475E+19   2.9346E+13   1.7396E+09   1.2751E+11   2.1004E+09   2.4598E+05   1.0513E+12   2.1467E+12   4.4914E+04
   8.565570E-04   4.1211E+07   2.0354E+12   2.4475E+19   3.2564E+13   1.7217E+09   1.2280E+11   2.0443E+09   2.8086E+05   1.1077E+12   2.2435E+12   3.3258E+04
   8.647540E-04   3.3110E+07   2.1183E+12   2.4475E+19   3.3179E+13   1.5327E+09   1.0660E+11   1.7906E+09   3.0099E+05   1.1245E+12   2.3361E+12   2.9436E+04
   8.717800E-04   2.5075E+07   2.1888E+12   2.4475E+19   3.2283E+13   1.2746E+09   8.6284E+10   1.4619E+09   3.0235E+05   1.1148E+12   2.4152E+12   3.5273E+04
   8.788060E-04   1.7519E+07   2.2544E+12   2.4475E+19   3.0370E+13   9.9286E+08   6.5090E+10   1.1139E+09   2.9069E+05   1.0867E+12   2.4897E+12   5.2042E+04
   8.870020E-04   1.0752E+07   2.3215E+12   2.4475E+19   2.7422E+13   7.0625E+08   4.4445E+10   7.7063E+08   2.6517E+05   1.0400E+12   2.5670E+12   1.0277E+05
   8.987120E-04   5.0981E+06   2.3979E+12   2.4475E+19   2.2985E+13   4.2383E+08   2.5179E+10   4.4510E+08   2.1607E+05   9.6658E+11   2.6577E+12   4.2087E+05
   9.104220E-04   1.5409E+06   2.4544E+12   2.4475E+19   1.9022E+13   2.3946E+08   1.3093E+10   2.3916E+08   1.5381E+05   8.9997E+11   2.7281E+12   4.6219E+06
   9.233020E-04   3.1809E+05   2.4990E+12   2.4475E+19   1.5572E+13   1.4450E+08   7.5078E+09   1.4047E+08   9.2420E+04   8.4090E+11   2.7875E+12   1.4071E+08
   9.385250E-04   7.9094E+04   2.5344E+12   2.4475E+19   1.2543E+13   9.1293E+07   4.6818E+09   8.8242E+07   4.2255E+04   7.7284E+11   2.8398E+12   1.5952E+10
   9.572600E-04   1.1813E+05   2.5283E+12   2.4475E+19   9.8952E+12   5.6674E+07   2.8984E+09   5.4695E+07   3.5513E+04   6.5728E+10   2.8363E+12   7.2654E+11
   9.724820E-04   4.0749E+05   2.5208E+12   2.4475E+19   8.2854E+12   3.9566E+07   2.0212E+09   3.8198E+07   1.1223E+04   2.3508E+08   2.8294E+12   7.9890E+11
   9.923890E-04   1.6800E+06   2.5110E+12   2.4475E+19   6.6693E+12   2.5589E+07   1.3078E+09   2.4736E+07   2.8149E+03   3.5819E+06   2.8205E+12   8.0806E+11
   1.000000E-03   1.3305E+06   2.5073E+12   2.4475E+19   6.1613E+12   2.1839E+07   1.1160E+09   2.1111E+07   2.1029E+03   1.8080E+06   2.8171E+12   8.1145E+11
   1.007026E-03   9.7259E+05   2.5039E+12   2.4475E+19   5.7357E+12   1.8925E+07   9.6708E+08   1.8295E+07   2.9809E+03   4.1019E+06   2.8140E+12   8.1458E+11
   1.015223E-03   1.6799E+06   2.4999E+12   2.4475E+19   5.2853E+12   1.6080E+07   8.2128E+08   1.5536E+07   5.5299E+03   2.1679E+07   2.8103E+12   8.1819E+11
   1.024590E-03   2.7099E+06   2.4953E+12   2.4475E+19   4.8285E+12   1.3959E+07   7.0260E+08   1.3150E+07   1.2089E+04   2.9879E+08   2.8062E+12   8.2205E+11
   1.032787E-03   3.2934E+06   2.4914E+12   2.4475E+19   4.4976E+12   1.5906E+07   7.8775E+08   1.3739E+07   2.4974E+04   7.1531E+09   2.8027E+12   8.1869E+11
   1.040984E-03   1.4091E+06   2.4882E+12   2.4475E+19   4.2016E+12   1.5311E+07   8.0631E+08   1.3850E+07   3.9563E+04   1.6509E+11   2.8018E+12   6.6168E+11
   1.049180E-03   1.1963E+06   2.4876E+12   2.4475E+19   3.9538E+12   1.7858E+07   1.0273E+09   1.7050E+07   3.5454E+04   7.3953E+11   2.8098E+12   7.9507E+10
   1.055035E-03   4.9963E+06   2.4874E+12   2.4475E+19   4.0452E+12   6.5850E+07   4.4125E+09   6.8490E+07   5.4687E+04   8.1101E+11   2.8160E+12   3.4971E+09
   1.059719E-03   1.1251E+07   2.4876E+12   2.4475E+19   4.5636E+12   1.7332E+08   1.2393E+10   1.9205E+08   7.8432E+04   8.1404E+11   2.8213E+12   3.3041E+08
   1.064403E-03   1.9899E+07   2.4889E+12   2.4475E+19   5.8052E+12   3.5667E+08   2.6431E+10   4.1215E+08   1.0430E+05   8.2112E+11   2.8276E+12   4.6743E+07
   1.066745E-03   2.9512E+07   2.4902E+12   2.4475E+19   6.8615E+12   5.8219E+08   4.4088E+10   6.9032E+08   1.2620E+05   8.2950E+11   2.8315E+12   1.2035E+07
   1.070258E-03   3.7594E+07   2.4937E+12   2.4475E+19   9.0379E+12   8.0359E+08   6.1364E+10   9.6601E+08   1.4631E+05   8.4922E+11   2.8388E+12   4.6442E+06
   1.073771E-03   4.3564E+07   2.4995E+12   2.4475E+19   1.1672E+13   1.0163E+09   7.8044E+10   1.2363E+09   1.7163E+05   8.7585E+11   2.8485E+12   1.6910E+06
   1.079625E-03   4.7936E+07   2.5158E+12   2.4475E+19   1.6540E+13   1.2602E+09   9.6227E+10   1.5401E+09   2.0973E+05   9.3032E+11   2.8717E+12   5.7237E+05
   1.085480E-03   5.0396E+07   2.5416E+12   2.4475E+19   2.1458E+13   1.5013E+09   1.1362E+11   1.8373E+09   2.5737E+05   9.9166E+11   2.9048E+12   1.9080E+05
   1.092506E-03   4.9798E+07   2.5858E+12   2.4475E+19   2.6636E+13   1.6891E+09   1.2549E+11   2.0521E+09   3.0982E+05   1.0627E+12   2.9584E+12   8.2155E+04
   1.097190E-03   4.6938E+07   2.6227E+12   2.4475E+19   2.9337E+13   1.7393E+09   1.2750E+11   2.1001E+09   3.4730E+05   1.1029E+12   3.0021E+12   4.7121E+04
   1.106557E-03   4.1211E+07   2.7091E+12   2.4475E+19   3.2554E+13   1.7213E+09   1.2278E+11   2.0440E+09   3.8990E+05   1.1553E+12   3.1029E+12   3.4688E+04
   1.114754E-03   3.3110E+07   2.7917E+12   2.4475E+19   3.3168E+13   1.5323E+09   1.0658E+11   1.7902E+09   4.1228E+05   1.1687E+12   3.1989E+12   3.0593E+04
   1.121780E-03   2.5075E+07   2.8617E+12   2.4475E+19   3.2272E+13   1.2742E+09   8.6263E+10   1.4615E+09   4.1005E+05   1.1564E+12   3.2807E+12   3.6589E+04
   1.128806E-03   1.7519E+07   2.9265E+12   2.4475E+19   3.0359E+13   9.9248E+08   6.5070E+10   1.1135E+09   3.9101E+05   1.1261E+12   3.3574E+12   5.3925E+04
   1.137002E-03   1.0752E+07   2.9922E+12   2.4475E+19   2.7411E+13   7.0591E+08   4.4428E+10   7.7029E+08   3.5401E+05   1.0772E+12   3.4368E+12   1.0645E+05
   1.148712E-03   5.0981E+06   3.0660E+12   2.4475E+19   2.2975E+13   4.2355E+08   2.5165E+10   4.4483E+08   2.8631E+05   1.0017E+12   3.5296E+12   4.3616E+05
   1.160422E-03   1.5409E+06   3.1192E+12   2.4475E+19   1.9012E+13   2.3924E+08   1.3081E+10   2.3895E+08   2.0283E+05   9.3383E+11   3.6012E+12   4.7957E+06
   1.173302E-03   3.1809E+05   3.1598E+12   2.4475E+19   1.5562E+13   1.4433E+08   7.4991E+09   1.4030E+08   1.2147E+05   8.7411E+11   3.6612E+12   1.4626E+08
   1.188525E-03   7.9094E+04   3.1899E+12   2.4475E+19   1.2534E+13   9.1164E+07   4.6752E+09   8.8118E+07   5.5422E+04   8.0534E+11   3.7136E+12   1.6623E+10
   1.207260E-03   1.1813E+05   3.1778E+12   2.4475E+19   9.8883E+12   5.6596E+07   2.8944E+09   5.4619E+07   4.6795E+04   6.8906E+10   3.7050E+12   7.6167E+11
   1.222482E-03   4.0749E+05   3.1656E+12   2.4475E+19   8.2799E+12   3.9513E+07   2.0185E+09   3.8148E+07   1.4849E+04   2.4773E+08   3.6936E+12   8.4170E+11
   1.242389E-03   1.6800E+06   3.1498E+12   2.4475E+19   6.6650E+12   2.5557E+07   1.3061E+09   2.4704E+07   3.7435E+03   3.8099E+06   3.6789E+12   8.5669E+11
   1.250000E-03   1.3305E+06   3.1437E+12   2.4475E+19   6.1574E+12   2.1811E+07   1.1146E+09   2.1084E+07   2.8019E+03   1.9303E+06   3.6733E+12   8.6229E+11
   1.257026E-03   9.7259E+05   3.1382E+12   2.4475E+19   5.7321E+12   1.8902E+07   9.6587E+08   1.8272E+07   3.9786E+03   4.3810E+06   3.6681E+12   8.6744E+11
   1.265223E-03   1.6799E+06   3.1317E+12   2.4475E+19   5.2820E+12   1.6060E+07   8.2026E+08   1.5517E+07   7.3952E+03   2.3167E+07   3.6621E+12   8.7341E+11
   1.274590E-03   2.7099E+06   3.1244E+12   2.4475E+19   4.8255E+12   1.3943E+07   7.0175E+08   1.3134E+07   1.6202E+04   3.1987E+08   3.6553E+12   8.7992E+11
   1.282787E-03   3.2934E+06   3.1180E+12   2.4475E+19   4.4949E+12   1.5892E+07   7.8702E+08   1.3725E+07   3.3533E+04   7.6746E+09   3.6495E+12   8.7837E+11
   1.290984E-03   1.4091E+06   3.1122E+12   2.4475E+19   4.1989E+12   1.5298E+07   8.0566E+08   1.3837E+07   5.3197E+04   1.7748E+11   3.6468E+12   7.1134E+11
   1.299180E-03   1.1963E+06   3.1082E+12   2.4475E+19   3.9508E+12   1.7844E+07   1.0266E+09   1.7037E+07   4.7674E+04   7.9584E+11   3.6544E+12   8.5562E+10
   1.305035E-03   4.9963E+06   3.1056E+12   2.4475E+19   4.0419E+12   6.5835E+07   4.4118E+09   6.8476E+07   7.3521E+04   8.7326E+11   3.6605E+12   3.7655E+09
   1.309719E-03   1.1251E+07   3.1040E+12   2.4475E+19   4.5602E+12   1.7330E+08   1.2392E+10   1.9203E+08   1.0539E+05   8.7663E+11   3.6657E+12   3.5582E+08
   1.314403E-03   1.9899E+07   3.1035E+12   2.4475E+19   5.8014E+12   3.5664E+08   2.6430E+10   4.1212E+08   1.3998E+05   8.8376E+11   3.6720E+12   5.0309E+07
   1.316745E-03   2.9512E+07   3.1040E+12   2.4475E+19   6.8576E+12   5.8216E+08   4.4087E+10   6.9029E+08   1.6919E+05   8.9211E+11   3.6759E+12   1.2943E+07
   1.320258E-03   3.7594E+07   3.1064E+12   2.4475E+19   9.0337E+12   8.0355E+08   6.1362E+10   9.6597E+08   1.9566E+05   9.1167E+11   3.6833E+12   4.9857E+06
   1.323771E-03   4.3564E+07   3.1112E+12   2.4475E+19   1.1668E+13   1.0162E+09   7.8041E+10   1.2362E+09   2.2879E+05   9.3798E+11   3.6934E+12   1.8110E+06
   1.329625E-03   4.7936E+07   3.1262E+12   2.4475E+19   1.6534E+13   1.2601E+09   9.6222E+10   1.5400E+09   2.7776E+05   9.9149E+11   3.7175E+12   6.1000E+05
   1.335480E-03   5.0396E+07   3.1511E+12   2.4475E+19   2.1451E+13   1.5012E+09   1.1362E+11   1.8372E+09   3.3831E+05   1.0514E+12   3.7520E+12   2.0229E+05
   1.342506E-03   4.9798E+07   3.1947E+12   2.4475E+19   2.6628E+13   1.6888E+09   1.2547E+11   2.0519E+09   4.0344E+05   1.1201E+12   3.8080E+12   8.6588E+04
   1.347190E-03   4.6938E+07   3.2314E+12   2.4475E+19   2.9327E+13   1.7390E+09   1.2748E+11   2.0998E+09   4.4947E+05   1.1585E+12   3.8535E+12   4.9493E+04
   1.356557E-03   4.1211E+07   3.3176E+12   2.4475E+19   3.2543E+13   1.7209E+09   1.2276E+11   2.0436E+09   4.9884E+05   1.2070E+12   3.9581E+12   3.6240E+04
   1.364754E-03   3.3110E+07   3.3997E+12   2.4475E+19   3.3157E+13   1.5318E+09   1.0656E+11   1.7898E+09   5.2289E+05   1.2171E+12   4.0574E+12   3.1861E+04
   1.371780E-03   2.5075E+07   3.4691E+12   2.4475E+19   3.2260E+13   1.2738E+09   8.6241E+10   1.4610E+09   5.1684E+05   1.2023E+12   4.1417E+12   3.8042E+04
   1.378806E-03   1.7519E+07   3.5330E+12   2.4475E+19   3.0347E+13   9.9206E+08   6.5049E+10   1.1131E+09   4.9040E+05   1.1699E+12   4.2205E+12   5.6023E+04
   1.387002E-03   1.0752E+07   3.5972E+12   2.4475E+19   2.7399E+13   7.0554E+08   4.4409E+10   7.6993E+08   4.4212E+05   1.1190E+12   4.3019E+12   1.1058E+05
   1.398712E-03   5.0981E+06   3.6680E+12   2.4475E+19   2.2963E+13   4.2325E+08   2.5149E+10   4.4454E+08   3.5622E+05   1.0417E+12   4.3965E+12   4.5358E+05
   1.410422E-03   1.5409E+06   3.7178E+12   2.4475E+19   1.9001E+13   2.3900E+08   1.3069E+10   2.3872E+08   2.5187E+05   9.7290E+11   4.4691E+12   4.9964E+06
   1.423302E-03   3.1809E+05   3.7540E+12   2.4475E+19   1.5552E+13   1.4414E+08   7.4894E+09   1.4012E+08   1.5072E+05   9.1289E+11   4.5294E+12   1.5275E+08
   1.438525E-03   7.9094E+04   3.7783E+12   2.4475E+19   1.2525E+13   9.1022E+07   4.6679E+09   8.7980E+07   6.8775E+04   8.4374E+11   4.5813E+12   1.7416E+10
   1.457260E-03   1.1813E+05   3.7593E+12   2.4475E+19   9.8809E+12   5.6512E+07   2.8901E+09   5.4538E+07   5.8374E+04   7.2662E+10   4.5667E+12   8.0318E+11
   1.472482E-03   4.0749E+05   3.7416E+12   2.4475E+19   8.2739E+12   3.9457E+07   2.0156E+09   3.8093E+07   1.8605E+04   2.6266E+08   4.5500E+12   8.9224E+11
   1.492389E-03   1.6800E+06   3.7186E+12   2.4475E+19   6.6604E+12   2.5522E+07   1.3043E+09   2.4670E+07   4.7156E+03   4.0786E+06   4.5284E+12   9.1406E+11
   1.500000E-03   1.3305E+06   3.7099E+12   2.4475E+19   6.1531E+12   2.1782E+07   1.1131E+09   2.1055E+07   3.5364E+03   2.0744E+06   4.5202E+12   9.2224E+11
   1.507026E-03   9.7259E+05   3.7019E+12   2.4475E+19   5.7282E+12   1.8877E+07   9.6457E+08   1.8248E+07   5.0304E+03   4.7097E+06   4.5127E+12   9.2975E+11
   1.515223E-03   1.6799E+06   3.6926E+12   2.4475E+19   5.2786E+12   1.6039E+07   8.1917E+08   1.5496E+07   9.3689E+03   2.4919E+07   4.5040E+12   9.3846E+11
   1.524590E-03   2.7099E+06   3.6820E+12   2.4475E+19   4.8224E+12   1.3925E+07   7.0085E+08   1.3117E+07   2.0572E+04   3.4470E+08   4.4941E+12   9.4805E+11
   1.532787E-03   3.2934E+06   3.6727E+12   2.4475E+19   4.4920E+12   1.5877E+07   7.8625E+08   1.3710E+07   4.2657E+04   8.2883E+09   4.4856E+12   9.4859E+11
   1.540984E-03   1.4091E+06   3.6639E+12   2.4475E+19   4.1960E+12   1.5285E+07   8.0496E+08   1.3824E+07   6.7772E+04   1.9206E+11   4.4807E+12   7.6977E+11
   1.549180E-03   1.1963E+06   3.6563E+12   2.4475E+19   3.9475E+12   1.7830E+07   1.0259E+09   1.7023E+07   6.0756E+04   8.6222E+11   4.4878E+12   9.2698E+10
   1.555035E-03   4.9963E+06   3.6510E+12   2.4475E+19   4.0383E+12   6.5819E+07   4.4110E+09   6.8460E+07   9.3701E+04   9.4670E+11   4.4937E+12   4.0821E+09
   1.559719E-03   1.1251E+07   3.6474E+12   2.4475E+19   4.5563E+12   1.7328E+08   1.2391E+10   1.9201E+08   1.3428E+05   9.5054E+11   4.4987E+12   3.8581E+08
   1.564403E-03   1.9899E+07   3.6449E+12   2.4475E+19   5.7973E+12   3.5662E+08   2.6428E+10   4.1209E+08   1.7817E+05   9.5779E+11   4.5049E+12   5.4523E+07
   1.566745E-03   2.9512E+07   3.6445E+12   2.4475E+19   6.8533E+12   5.8213E+08   4.4085E+10   6.9026E+08   2.1513E+05   9.6613E+11   4.5088E+12   1.4017E+07
   1.570258E-03   3.7594E+07   3.6456E+12   2.4475E+19   9.0289E+12   8.0350E+08   6.1360E+10   9.6592E+08   2.4823E+05   9.8555E+11   4.5164E+12   5.3898E+06
   1.573771E-03   4.3564E+07   3.6494E+12   2.4475E+19   1.1662E+13   1.0161E+09   7.8037E+10   1.2361E+09   2.8941E+05   1.0115E+12   4.5268E+12   1.9530E+06
   1.579625E-03   4.7936E+07   3.6631E+12   2.4475E+19   1.6528E+13   1.2600E+09   9.6216E+10   1.5398E+09   3.4926E+05   1.0640E+12   4.5519E+12   6.5460E+05
   1.585480E-03   5.0396E+07   3.6872E+12   2.4475E+19   2.1443E+13   1.5010E+09   1.1361E+11   1.8370E+09   4.2254E+05   1.1222E+12   4.5881E+12   2.1592E+05
   1.592506E-03   4.9798E+07   3.7304E+12   2.4475E+19   2.6618E+13   1.6885E+09   1.2546E+11   2.0516E+09   4.9978E+05   1.1882E+12   4.6467E+12   9.1860E+04
   1.597190E-03   4.6938E+07   3.7671E+12   2.4475E+19   2.9316E+13   1.7386E+09   1.2746E+11   2.0994E+09   5.5389E+05   1.2246E+12   4.6943E+12   5.2318E+04
   1.606557E-03   4.1211E+07   3.8534E+12   2.4475E+19   3.2530E+13   1.7204E+09   1.2273E+11   2.0431E+09   6.0907E+05   1.2687E+12   4.8033E+12   3.8094E+04
   1.614754E-03   3.3110E+07   3.9355E+12   2.4475E+19   3.3143E+13   1.5313E+09   1.0653E+11   1.7893E+09   6.3417E+05   1.2752E+12   4.9062E+12   3.3381E+04
   1.621780E-03   2.5075E+07   4.0046E+12   2.4475E+19   3.2246E+13   1.2733E+09   8.6214E+10   1.4605E+09   6.2402E+05   1.2575E+12   4.9934E+12   3.9789E+04
   1.628806E-03   1.7519E+07   4.0678E+12   2.4475E+19   3.0333E+13   9.9156E+08   6.5022E+10   1.1126E+09   5.9012E+05   1.2226E+12   5.0746E+12   5.8551E+04
   1.637002E-03   1.0752E+07   4.1308E+12   2.4475E+19   2.7385E+13   7.0510E+08   4.4386E+10   7.6951E+08   5.3064E+05   1.1696E+12   5.1582E+12   1.1558E+05
   1.648712E-03   5.0981E+06   4.1990E+12   2.4475E+19   2.2950E+13   4.2289E+08   2.5131E+10   4.4419E+08   4.2675E+05   1.0902E+12   5.2549E+12   4.7468E+05
   1.660422E-03   1.5409E+06   4.2454E+12   2.4475E+19   1.8988E+13   2.3871E+08   1.3055E+10   2.3845E+08   3.0162E+05   1.0203E+12   5.3286E+12   5.2396E+06
   1.673302E-03   3.1809E+05   4.2772E+12   2.4475E+19   1.5539E+13   1.4392E+08   7.4781E+09   1.3991E+08   1.8056E+05   9.5991E+11   5.3893E+12   1.6062E+08
   1.688525E-03   7.9094E+04   4.2955E+12   2.4475E+19   1.2513E+13   9.0854E+07   4.6593E+09   8.7817E+07   8.2499E+04   8.9025E+11   5.4407E+12   1.8376E+10
   1.707260E-03   1.1813E+05   4.2689E+12   2.4475E+19   9.8722E+12   5.6414E+07   2.8850E+09   5.4442E+07   7.0390E+04   7.7160E+10   5.4193E+12   8.5290E+11
   1.722482E-03   4.0749E+05   4.2451E+12   2.4475E+19   8.2669E+12   3.9391E+07   2.0122E+09   3.8029E+07   2.2529E+04   2.8040E+08   5.3968E+12   9.5228E+11
   1.742389E-03   1.6800E+06   4.2143E+12   2.4475E+19   6.6550E+12   2.5481E+07   1.3022E+09   2.4630E+07   5.7393E+03   4.3940E+06   5.3677E+12   9.8164E+11
   1.750000E-03   1.3305E+06   4.2026E+12   2.4475E+19   6.1483E+12   2.1748E+07   1.1113E+09   2.1022E+07   4.3120E+03   2.2428E+06   5.3567E+12   9.9266E+11
   1.757026E-03   9.7259E+05   4.1919E+12   2.4475E+19   5.7237E+12   1.8847E+07   9.6305E+08   1.8219E+07   6.1436E+03   5.0937E+06   5.3466E+12   1.0028E+12
   1.765223E-03   1.6799E+06   4.1794E+12   2.4475E+19   5.2744E+12   1.6014E+07   8.1789E+08   1.5472E+07   1.1463E+04   2.6964E+07   5.3348E+12   1.0145E+12
   1.774590E-03   2.7099E+06   4.1652E+12   2.4475E+19   4.8186E+12   1.3905E+07   6.9979E+08   1.3097E+07   2.5222E+04   3.7364E+08   5.3215E+12   1.0275E+12
   1.782787E-03   3.2934E+06   4.1529E+12   2.4475E+19   4.4885E+12   1.5860E+07   7.8534E+08   1.3693E+07   5.2386E+04   9.0020E+09   5.3101E+12   1.0303E+12
   1.790984E-03   1.4091E+06   4.1408E+12   2.4475E+19   4.1927E+12   1.5269E+07   8.0414E+08   1.3809E+07   8.3343E+04   2.0898E+11   5.3028E+12   8.3761E+11
   1.799180E-03   1.1963E+06   4.1292E+12   2.4475E+19   3.9438E+12   1.7813E+07   1.0250E+09   1.7006E+07   7.4744E+04   9.3924E+11   5.3094E+12   1.0098E+11
   1.805035E-03   4.9963E+06   4.1212E+12   2.4475E+19   4.0342E+12   6.5800E+07   4.4100E+09   6.8441E+07   1.1528E+05   1.0319E+12   5.3150E+12   4.4495E+09
   1.809719E-03   1.1251E+07   4.1153E+12   2.4475E+19   4.5519E+12   1.7326E+08   1.2390E+10   1.9199E+08   1.6517E+05   1.0363E+12   5.3198E+12   4.2060E+08
   1.814403E-03   1.9899E+07   4.1108E+12   2.4475E+19   5.7925E+12   3.5659E+08   2.6427E+10   4.1206E+08   2.1894E+05   1.0436E+12   5.3259E+12   5.9408E+07
   1.816745E-03   2.9512E+07   4.1094E+12   2.4475E+19   6.8482E+12   5.8209E+08   4.4083E+10   6.9022E+08   2.6412E+05   1.0519E+12   5.3298E+12   1.5262E+07
   1.820258E-03   3.7594E+07   4.1092E+12   2.4475E+19   9.0234E+12   8.0344E+08   6.1357E+10   9.6587E+08   3.0411E+05   1.0712E+12   5.3376E+12   5.8580E+06
   1.823771E-03   4.3564E+07   4.1119E+12   2.4475E+19   1.1656E+13   1.0161E+09   7.8033E+10   1.2361E+09   3.5356E+05   1.0967E+12   5.3484E+12   2.1175E+06
   1.829625E-03   4.7936E+07   4.1243E+12   2.4475E+19   1.6521E+13   1.2599E+09   9.6209E+10   1.5397E+09   4.2428E+05   1.1480E+12   5.3748E+12   7.0628E+05
   1.835480E-03   5.0396E+07   4.1478E+12   2.4475E+19   2.1434E+13   1.5008E+09   1.1359E+11   1.8368E+09   5.1010E+05   1.2043E+12   5.4129E+12   2.3171E+05
   1.842506E-03   4.9798E+07   4.1909E+12   2.4475E+19   2.6607E+13   1.6882E+09   1.2544E+11   2.0513E+09   5.9883E+05   1.2673E+12   5.4745E+12   9.7969E+04
   1.847190E-03   4.6938E+07   4.2279E+12   2.4475E+19   2.9304E+13   1.7382E+09   1.2744E+11   2.0990E+09   6.6057E+05   1.3013E+12   5.5244E+12   5.5594E+04
   1.856557E-03   4.1211E+07   4.3148E+12   2.4475E+19   3.2516E+13   1.7199E+09   1.2271E+11   2.0426E+09   7.2054E+05   1.3404E+12   5.6384E+12   4.0246E+04
   1.864754E-03   3.3110E+07   4.3975E+12   2.4475E+19   3.3128E+13   1.5307E+09   1.0650E+11   1.7887E+09   7.4609E+05   1.3426E+12   5.7456E+12   3.5146E+04
   1.871780E-03   2.5075E+07   4.4667E+12   2.4475E+19   3.2230E+13   1.2727E+09   8.6185E+10   1.4600E+09   7.3153E+05   1.3217E+12   5.8360E+12   4.1818E+04
   1.878806E-03   1.7519E+07   4.5296E+12   2.4475E+19   3.0317E+13   9.9102E+08   6.4995E+10   1.1121E+09   6.9009E+05   1.2840E+12   5.9201E+12   6.1489E+04
   1.887002E-03   1.0752E+07   4.5917E+12   2.4475E+19   2.7370E+13   7.0460E+08   4.4361E+10   7.6903E+08   6.1949E+05   1.2284E+12   6.0063E+12   1.2139E+05
   1.898712E-03   5.0981E+06   4.6577E+12   2.4475E+19   2.2934E+13   4.2248E+08   2.5110E+10   4.4380E+08   4.9781E+05   1.1465E+12   6.1055E+12   4.9920E+05
   1.910422E-03   1.5409E+06   4.7008E+12   2.4475E+19   1.8973E+13   2.3839E+08   1.3038E+10   2.3813E+08   3.5197E+05   1.0752E+12   6.1804E+12   5.5219E+06
   1.923302E-03   3.1809E+05   4.7282E+12   2.4475E+19   1.5525E+13   1.4367E+08   7.4652E+09   1.3966E+08   2.1093E+05   1.0144E+12   6.2416E+12   1.6973E+08
   1.938525E-03   7.9094E+04   4.7406E+12   2.4475E+19   1.2499E+13   9.0662E+07   4.6495E+09   8.7631E+07   9.6541E+04   9.4396E+11   6.2927E+12   1.9484E+10
   1.957260E-03   1.1813E+05   4.7059E+12   2.4475E+19   9.8622E+12   5.6300E+07   2.8792E+09   5.4332E+07   8.2768E+04   8.2303E+10   6.2641E+12   9.0975E+11
   1.972482E-03   4.0749E+05   4.6757E+12   2.4475E+19   8.2590E+12   3.9316E+07   2.0083E+09   3.7956E+07   2.6591E+04   3.0054E+08   6.2354E+12   1.0205E+12
   1.992389E-03   1.6800E+06   4.6366E+12   2.4475E+19   6.6490E+12   2.5435E+07   1.2998E+09   2.4586E+07   6.8044E+03   4.7482E+06   6.1984E+12   1.0578E+12
   2.000000E-03   1.3305E+06   4.6218E+12   2.4475E+19   6.1428E+12   2.1709E+07   1.1093E+09   2.0985E+07   5.1203E+03   2.4312E+06   6.1843E+12   1.0718E+12
   2.007026E-03   9.7259E+05   4.6082E+12   2.4475E+19   5.7187E+12   1.8814E+07   9.6135E+08   1.8187E+07   7.3055E+03   5.5234E+06   6.1715E+12   1.0847E+12
   2.015223E-03   1.6799E+06   4.5924E+12   2.4475E+19   5.2698E+12   1.5987E+07   8.1647E+08   1.5445E+07   1.3653E+04   2.9251E+07   6.1565E+12   1.0996E+12
   2.024590E-03   2.7099E+06   4.5745E+12   2.4475E+19   4.8145E+12   1.3882E+07   6.9863E+08   1.3075E+07   3.0090E+04   4.0594E+08   6.1396E+12   1.1161E+12
   2.032787E-03   3.2934E+06   4.5589E+12   2.4475E+19   4.4848E+12   1.5841E+07   7.8436E+08   1.3674E+07   6.2587E+04   9.7973E+09   6.1251E+12   1.1213E+12
   2.040984E-03   1.4091E+06   4.5433E+12   2.4475E+19   4.1891E+12   1.5252E+07   8.0324E+08   1.3792E+07   9.9683E+04   2.2781E+11   6.1153E+12   9.1308E+11
   2.049180E-03   1.1963E+06   4.5277E+12   2.4475E+19   3.9396E+12   1.7795E+07   1.0241E+09   1.6988E+07   8.9427E+04   1.0248E+12   6.1214E+12   1.1018E+11
   2.055035E-03   4.9963E+06   4.5167E+12   2.4475E+19   4.0297E+12   6.5780E+07   4.4089E+09   6.8421E+07   1.3794E+05   1.1265E+12   6.1268E+12   4.8576E+09
   2.059719E-03   1.1251E+07   4.5085E+12   2.4475E+19   4.5470E+12   1.7324E+08   1.2389E+10   1.9197E+08   1.9757E+05   1.1314E+12   6.1314E+12   4.5924E+08
   2.064403E-03   1.9899E+07   4.5019E+12   2.4475E+19   5.7872E+12   3.5655E+08   2.6425E+10   4.1203E+08   2.6166E+05   1.1389E+12   6.1374E+12   6.4831E+07
   2.066745E-03   2.9512E+07   4.4996E+12   2.4475E+19   6.8427E+12   5.8205E+08   4.4081E+10   6.9018E+08   3.1537E+05   1.1472E+12   6.1414E+12   1.6643E+07
   2.070258E-03   3.7594E+07   4.4981E+12   2.4475E+19   9.0174E+12   8.0338E+08   6.1354E+10   9.6581E+08   3.6241E+05   1.1662E+12   6.1494E+12   6.3775E+06
   2.073771E-03   4.3564E+07   4.4997E+12   2.4475E+19   1.1650E+13   1.0160E+09   7.8029E+10   1.2360E+09   4.2025E+05   1.1913E+12   6.1607E+12   2.3000E+06
   2.079625E-03   4.7936E+07   4.5109E+12   2.4475E+19   1.6512E+13   1.2597E+09   9.6201E+10   1.5396E+09   5.0170E+05   1.2411E+12   6.1884E+12   7.6357E+05
   2.085480E-03   5.0396E+07   4.5339E+12   2.4475E+19   2.1424E+13   1.5005E+09   1.1358E+11   1.8365E+09   5.9970E+05   1.2953E+12   6.2287E+12   2.4921E+05
   2.092506E-03   4.9798E+07   4.5772E+12   2.4475E+19   2.6595E+13   1.6878E+09   1.2542E+11   2.0509E+09   6.9923E+05   1.3548E+12   6.2938E+12   1.0474E+05
   2.097190E-03   4.6938E+07   4.6146E+12   2.4475E+19   2.9290E+13   1.7377E+09   1.2742E+11   2.0986E+09   7.6808E+05   1.3862E+12   6.3462E+12   5.9223E+04
   2.106557E-03   4.1211E+07   4.7028E+12   2.4475E+19   3.2500E+13   1.7193E+09   1.2268E+11   2.0420E+09   8.3187E+05   1.4198E+12   6.4658E+12   4.2630E+04
   2.114754E-03   3.3110E+07   4.7865E+12   2.4475E+19   3.3111E+13   1.5301E+09   1.0647E+11   1.7881E+09   8.5728E+05   1.4173E+12   6.5777E+12   3.7102E+04
   2.121780E-03   2.5075E+07   4.8562E+12   2.4475E+19   3.2213E+13   1.2720E+09   8.6152E+10   1.4593E+09   8.3810E+05   1.3928E+12   6.6717E+12   4.4068E+04
   2.128806E-03   1.7519E+07   4.9191E+12   2.4475E+19   3.0299E+13   9.9040E+08   6.4964E+10   1.1115E+09   7.8912E+05   1.3520E+12   6.7588E+12   6.4745E+04
   2.137002E-03   1.0752E+07   4.9806E+12   2.4475E+19   2.7352E+13   7.0406E+08   4.4333E+10   7.6850E+08   7.0759E+05   1.2935E+12   6.8479E+12   1.2783E+05
   2.148712E-03   5.0981E+06   5.0446E+12   2.4475E+19   2.2918E+13   4.2204E+08   2.5088E+10   4.4337E+08   5.6848E+05   1.2088E+12   6.9499E+12   5.2634E+05
   2.160422E-03   1.5409E+06   5.0848E+12   2.4475E+19   1.8957E+13   2.3804E+08   1.3020E+10   2.3779E+08   4.0224E+05   1.1360E+12   7.0264E+12   5.8341E+06
   2.173302E-03   3.1809E+05   5.1080E+12   2.4475E+19   1.5510E+13   1.4339E+08   7.4512E+09   1.3940E+08   2.4138E+05   1.0745E+12   7.0882E+12   1.7979E+08
   2.188525E-03   7.9094E+04   5.1145E+12   2.4475E+19   1.2485E+13   9.0454E+07   4.6388E+09   8.7429E+07   1.1068E+05   1.0031E+12   7.1392E+12   2.0705E+10
   2.207260E-03   1.1813E+05   5.0715E+12   2.4475E+19   9.8514E+12   5.6178E+07   2.8730E+09   5.4214E+07   9.5290E+04   8.7923E+10   7.1031E+12   9.7188E+11
   2.222482E-03   4.0749E+05   5.0347E+12   2.4475E+19   8.2505E+12   3.9235E+07   2.0042E+09   3.7878E+07   3.0713E+04   3.2243E+08   7.0680E+12   1.0946E+12
   2.242389E-03   1.6800E+06   4.9871E+12   2.4475E+19   6.6425E+12   2.5386E+07   1.2973E+09   2.4538E+07   7.8885E+03   5.1302E+06   7.0228E+12   1.1402E+12
   2.250000E-03   1.3305E+06   4.9691E+12   2.4475E+19   6.1369E+12   2.1668E+07   1.1072E+09   2.0944E+07   5.9438E+03   2.6339E+06   7.0056E+12   1.1573E+12
   2.257026E-03   9.7259E+05   4.9525E+12   2.4475E+19   5.7133E+12   1.8779E+07   9.5953E+08   1.8152E+07   8.4902E+03   5.9852E+06   6.9900E+12   1.1730E+12
   2.265223E-03   1.6799E+06   4.9333E+12   2.4475E+19   5.2649E+12   1.5957E+07   8.1494E+08   1.5416E+07   1.5887E+04   3.1708E+07   6.9718E+12   1.1911E+12
   2.274590E-03   2.7099E+06   4.9116E+12   2.4475E+19   4.8101E+12   1.3858E+07   6.9737E+08   1.3051E+07   3.5062E+04   4.4060E+08   6.9511E+12   1.2113E+12
   2.282787E-03   3.2934E+06   4.8926E+12   2.4475E+19   4.4807E+12   1.5820E+07   7.8330E+08   1.3654E+07   7.3010E+04   1.0649E+10   6.9335E+12   1.2188E+12
   2.290984E-03   1.4091E+06   4.8735E+12   2.4475E+19   4.1852E+12   1.5233E+07   8.0228E+08   1.3774E+07   1.1639E+05   2.4796E+11   6.9212E+12   9.9383E+11
   2.299180E-03   1.1963E+06   4.8538E+12   2.4475E+19   3.9352E+12   1.7775E+07   1.0230E+09   1.6968E+07   1.0443E+05   1.1164E+12   6.9268E+12   1.2002E+11
   2.305035E-03   4.9963E+06   4.8398E+12   2.4475E+19   4.0248E+12   6.5757E+07   4.4078E+09   6.8399E+07   1.6108E+05   1.2277E+12   6.9319E+12   5.2938E+09
   2.309719E-03   1.1251E+07   4.8294E+12   2.4475E+19   4.5419E+12   1.7321E+08   1.2387E+10   1.9194E+08   2.3066E+05   1.2331E+12   6.9364E+12   5.0051E+08
   2.314403E-03   1.9899E+07   4.8207E+12   2.4475E+19   5.7816E+12   3.5651E+08   2.6423E+10   4.1199E+08   3.0522E+05   1.2406E+12   6.9424E+12   7.0623E+07
   2.316745E-03   2.9512E+07   4.8173E+12   2.4475E+19   6.8368E+12   5.8200E+08   4.4079E+10   6.9014E+08   3.6757E+05   1.2488E+12   6.9464E+12   1.8119E+07
   2.320258E-03   3.7594E+07   4.8145E+12   2.4475E+19   9.0109E+12   8.0332E+08   6.1350E+10   9.6574E+08   4.2164E+05   1.2676E+12   6.9547E+12   6.9321E+06
   2.323771E-03   4.3564E+07   4.8151E+12   2.4475E+19   1.1642E+13   1.0159E+09   7.8024E+10   1.2359E+09   4.8780E+05   1.2921E+12   6.9665E+12   2.4948E+06
   2.329625E-03   4.7936E+07   4.8252E+12   2.4475E+19   1.6504E+13   1.2595E+09   9.6193E+10   1.5394E+09   5.7962E+05   1.3405E+12   6.9958E+12   8.2470E+05
   2.335480E-03   5.0396E+07   4.8479E+12   2.4475E+19   2.1413E+13   1.5003E+09   1.1357E+11   1.8363E+09   6.8928E+05   1.3923E+12   7.0384E+12   2.6788E+05
   2.342506E-03   4.9798E+07   4.8917E+12   2.4475E+19   2.6582E+13   1.6874E+09   1.2540E+11   2.0505E+09   7.9878E+05   1.4482E+12   7.1071E+12   1.1196E+05
   2.347190E-03   4.6938E+07   4.9298E+12   2.4475E+19   2.9276E+13   1.7373E+09   1.2740E+11   2.0981E+09   8.7417E+05   1.4768E+12   7.1624E+12   6.3093E+04
   2.356557E-03   4.1211E+07   5.0197E+12   2.4475E+19   3.2483E+13   1.7187E+09   1.2264E+11   2.0414E+09   9.4088E+05   1.5045E+12   7.2878E+12   4.5173E+04
   2.364754E-03   3.3110E+07   5.1047E+12   2.4475E+19   3.3093E+13   1.5294E+09   1.0644E+11   1.7875E+09   9.6568E+05   1.4970E+12   7.4047E+12   3.9187E+04
   2.371780E-03   2.5075E+07   5.1752E+12   2.4475E+19   3.2194E+13   1.2713E+09   8.6117E+10   1.4587E+09   9.4177E+05   1.4686E+12   7.5026E+12   4.6467E+04
   2.378806E-03   1.7519E+07   5.2385E+12   2.4475E+19   3.0281E+13   9.8976E+08   6.4931E+10   1.1109E+09   8.8542E+05   1.4245E+12   7.5930E+12   6.8217E+04
   2.387002E-03   1.0752E+07   5.2996E+12   2.4475E+19   2.7334E+13   7.0348E+08   4.4304E+10   7.6794E+08   7.9334E+05   1.3629E+12   7.6851E+12   1.3469E+05
   2.398712E-03   5.0981E+06   5.3621E+12   2.4475E+19   2.2900E+13   4.2157E+08   2.5064E+10   4.4292E+08   6.3746E+05   1.2752E+12   7.7901E+12   5.5526E+05
   2.410422E-03   1.5409E+06   5.3996E+12   2.4475E+19   1.8940E+13   2.3767E+08   1.3001E+10   2.3743E+08   4.5146E+05   1.2007E+12   7.8684E+12   6.1664E+06
   2.423302E-03   3.1809E+05   5.4189E+12   2.4475E+19   1.5493E+13   1.4310E+08   7.4363E+09   1.3911E+08   2.7129E+05   1.1384E+12   7.9310E+12   1.9048E+08
   2.438525E-03   7.9094E+04   5.4197E+12   2.4475E+19   1.2470E+13   9.0233E+07   4.6276E+09   8.7215E+07   1.2462E+05   1.0658E+12   7.9818E+12   2.1999E+10
   2.457260E-03   1.1813E+05   5.3683E+12   2.4475E+19   9.8400E+12   5.6049E+07   2.8663E+09   5.4089E+07   1.0767E+05   9.3854E+10   7.9384E+12   1.0374E+12
   2.472482E-03   4.0749E+05   5.3248E+12   2.4475E+19   8.2414E+12   3.9150E+07   1.9998E+09   3.7795E+07   3.4794E+04   3.4542E+08   7.8968E+12   1.1725E+12
   2.492389E-03   1.6800E+06   5.2686E+12   2.4475E+19   6.6357E+12   2.5333E+07   1.2946E+09   2.4487E+07   8.9637E+03   5.5290E+06   7.8433E+12   1.2263E+12
   2.500000E-03   1.3305E+06   5.2474E+12   2.4475E+19   6.1307E+12   2.1624E+07   1.1050E+09   2.0902E+07   6.7608E+03   2.8449E+06   7.8231E+12   1.2465E+12
