       Time_s           01           02           03           04           05
   0.0000E+00   1.7689E+02   3.0315E+02   0.0000E+00   0.0000E+00   0.0000E+00
   1.0000E-06   1.7689E+02   3.0315E+02   4.7456E+04   2.0229E-06   8.6670E-02
   2.0000E-06   1.2484E+03   3.0315E+02   9.7742E+04   1.0828E-05   3.2742E+00
   3.0000E-06   1.4335E+03   3.0315E+02   1.0622E+05   1.2226E-05   4.2449E+00
   4.0000E-06   1.4456E+03   3.0315E+02   1.0677E+05   1.2605E-05   4.4136E+00
   5.0000E-06   1.4297E+03   3.0315E+02   1.0604E+05   1.2820E-05   4.4393E+00
   6.0000E-06   1.4099E+03   3.0315E+02   1.0512E+05   1.3003E-05   4.4401E+00
   7.0000E-06   1.3902E+03   3.0315E+02   1.0422E+05   1.3184E-05   4.4390E+00
   8.0000E-06   1.3709E+03   3.0315E+02   1.0335E+05   1.3364E-05   4.4375E+00
   9.0000E-06   1.3522E+03   3.0315E+02   1.0248E+05   1.3537E-05   4.4332E+00
   1.0000E-05   1.3343E+03   3.0315E+02   1.0166E+05   1.3713E-05   4.4318E+00
   1.1000E-05   1.3169E+03   3.0315E+02   1.0087E+05   1.3888E-05   4.4296E+00
   1.2000E-05   1.3001E+03   3.0315E+02   1.0010E+05   1.4061E-05   4.4274E+00
   1.3000E-05   1.2837E+03   3.0315E+02   9.9353E+04   1.4233E-05   4.4254E+00
   1.4000E-05   1.2679E+03   3.0315E+02   9.8628E+04   1.4401E-05   4.4223E+00
   1.5000E-05   1.2527E+03   3.0315E+02   9.7937E+04   1.4572E-05   4.4214E+00
   1.6000E-05   1.2378E+03   3.0315E+02   9.7258E+04   1.4741E-05   4.4195E+00
   1.7000E-05   1.2234E+03   3.0315E+02   9.6599E+04   1.4909E-05   4.4175E+00
   1.8000E-05   1.2094E+03   3.0315E+02   9.5961E+04   1.5075E-05   4.4157E+00
   1.9000E-05   1.1958E+03   3.0315E+02   9.5341E+04   1.5240E-05   4.4138E+00
   2.0000E-05   1.1826E+03   3.0315E+02   9.4739E+04   1.5403E-05   4.4118E+00
   2.1000E-05   1.1698E+03   3.0315E+02   9.4157E+04   1.5567E-05   4.4104E+00
   2.2000E-05   1.1573E+03   3.0315E+02   9.3589E+04   1.5728E-05   4.4088E+00
   2.3000E-05   1.1452E+03   3.0315E+02   9.3037E+04   1.5889E-05   4.4072E+00
   2.4000E-05   1.1334E+03   3.0315E+02   9.2501E+04   1.6050E-05   4.4059E+00
   2.5000E-05   1.1219E+03   3.0315E+02   9.1968E+04   1.6200E-05   4.4021E+00
   2.6000E-05   1.1110E+03   3.0315E+02   9.1469E+04   1.6361E-05   4.4026E+00
   2.7000E-05   1.1001E+03   3.0315E+02   9.0978E+04   1.6522E-05   4.4024E+00
   2.8000E-05   1.0894E+03   3.0315E+02   9.0493E+04   1.6680E-05   4.4011E+00
   2.9000E-05   1.0789E+03   3.0315E+02   9.0015E+04   1.6834E-05   4.3990E+00
   3.0000E-05   1.0688E+03   3.0315E+02   8.9554E+04   1.6986E-05   4.3973E+00
   3.1000E-05   1.0590E+03   3.0315E+02   8.9123E+04   1.7152E-05   4.3994E+00
   3.2000E-05   1.0491E+03   3.0315E+02   8.8669E+04   1.7300E-05   4.3956E+00
   3.3000E-05   1.0396E+03   3.0315E+02   8.8238E+04   1.7451E-05   4.3941E+00
   3.4000E-05   1.0305E+03   3.0315E+02   8.7819E+04   1.7602E-05   4.3930E+00
   3.5000E-05   1.0215E+03   3.0315E+02   8.7410E+04   1.7752E-05   4.3920E+00
   3.6000E-05   1.0127E+03   3.0315E+02   8.7013E+04   1.7905E-05   4.3917E+00
   3.7000E-05   1.0041E+03   3.0315E+02   8.6622E+04   1.8055E-05   4.3909E+00
   3.8000E-05   9.9558E+02   3.0315E+02   8.6236E+04   1.8203E-05   4.3892E+00
   3.9000E-05   9.8734E+02   3.0315E+02   8.5853E+04   1.8339E-05   4.3856E+00
   4.0000E-05   9.7958E+02   3.0315E+02   8.5499E+04   1.8488E-05   4.3865E+00
   4.1000E-05   9.7178E+02   3.0315E+02   8.5144E+04   1.8634E-05   4.3859E+00
   4.2000E-05   9.6410E+02   3.0315E+02   8.4795E+04   1.8780E-05   4.3853E+00
   4.3000E-05   9.5656E+02   3.0315E+02   8.4455E+04   1.8927E-05   4.3851E+00
   4.4000E-05   9.4910E+02   3.0315E+02   8.4117E+04   1.9072E-05   4.3841E+00
   4.5000E-05   9.4180E+02   3.0315E+02   8.3786E+04   1.9216E-05   4.3833E+00
   4.6000E-05   9.3464E+02   3.0315E+02   8.3461E+04   1.9360E-05   4.3825E+00
   4.7000E-05   9.2763E+02   3.0315E+02   8.3143E+04   1.9501E-05   4.3814E+00
   4.8000E-05   9.2078E+02   3.0315E+02   8.2832E+04   1.9641E-05   4.3802E+00
   4.9000E-05   9.1411E+02   3.0315E+02   8.2529E+04   1.9780E-05   4.3794E+00
   5.0000E-05   9.0757E+02   3.0315E+02   8.2236E+04   1.9927E-05   4.3802E+00
   5.1000E-05   9.0099E+02   3.0315E+02   8.1937E+04   2.0062E-05   4.3781E+00
   5.2000E-05   8.9468E+02   3.0315E+02   8.1650E+04   2.0200E-05   4.3772E+00
   5.3000E-05   8.8849E+02   3.0315E+02   8.1368E+04   2.0337E-05   4.3764E+00
   5.4000E-05   8.8244E+02   3.0315E+02   8.1091E+04   2.0473E-05   4.3757E+00
   5.5000E-05   8.7649E+02   3.0315E+02   8.0820E+04   2.0609E-05   4.3752E+00
   5.6000E-05   8.7064E+02   3.0315E+02   8.0553E+04   2.0745E-05   4.3746E+00
   5.7000E-05   8.6488E+02   3.0315E+02   8.0290E+04   2.0882E-05   4.3743E+00
   5.8000E-05   8.5919E+02   3.0315E+02   8.0031E+04   2.1018E-05   4.3738E+00
   5.9000E-05   8.5358E+02   3.0315E+02   7.9777E+04   2.1153E-05   4.3733E+00
   6.0000E-05   8.4807E+02   3.0315E+02   7.9526E+04   2.1288E-05   4.3727E+00
   6.1000E-05   8.4265E+02   3.0315E+02   7.9280E+04   2.1422E-05   4.3721E+00
   6.2000E-05   8.3731E+02   3.0315E+02   7.9038E+04   2.1556E-05   4.3715E+00
   6.3000E-05   8.3207E+02   3.0315E+02   7.8800E+04   2.1688E-05   4.3708E+00
   6.4000E-05   8.2692E+02   3.0315E+02   7.8569E+04   2.1817E-05   4.3696E+00
   6.5000E-05   8.2192E+02   3.0315E+02   7.8343E+04   2.1950E-05   4.3697E+00
   6.6000E-05   8.1695E+02   3.0315E+02   7.8117E+04   2.2081E-05   4.3691E+00
   6.7000E-05   8.1206E+02   3.0315E+02   7.7895E+04   2.2212E-05   4.3687E+00
   6.8000E-05   8.0723E+02   3.0315E+02   7.7676E+04   2.2342E-05   4.3682E+00
   6.9000E-05   8.0248E+02   3.0315E+02   7.7460E+04   2.2471E-05   4.3676E+00
   7.0000E-05   7.9782E+02   3.0315E+02   7.7248E+04   2.2601E-05   4.3672E+00
   7.1000E-05   7.9321E+02   3.0315E+02   7.7035E+04   2.2723E-05   4.3655E+00
   7.2000E-05   7.8879E+02   3.0315E+02   7.6833E+04   2.2853E-05   4.3659E+00
   7.3000E-05   7.8435E+02   3.0315E+02   7.6630E+04   2.2980E-05   4.3655E+00
   7.4000E-05   7.7998E+02   3.0315E+02   7.6430E+04   2.3107E-05   4.3652E+00
   7.5000E-05   7.7566E+02   3.0315E+02   7.6233E+04   2.3233E-05   4.3647E+00
   7.6000E-05   7.7141E+02   3.0315E+02   7.6039E+04   2.3359E-05   4.3643E+00
   7.7000E-05   7.6721E+02   3.0315E+02   7.5848E+04   2.3484E-05   4.3638E+00
   7.8000E-05   7.6308E+02   3.0315E+02   7.5660E+04   2.3610E-05   4.3636E+00
   7.9000E-05   7.5899E+02   3.0315E+02   7.5474E+04   2.3735E-05   4.3632E+00
   8.0000E-05   7.5496E+02   3.0315E+02   7.5291E+04   2.3860E-05   4.3628E+00
   8.1000E-05   7.5098E+02   3.0315E+02   7.5111E+04   2.3984E-05   4.3624E+00
   8.2000E-05   7.4706E+02   3.0315E+02   7.4933E+04   2.4107E-05   4.3619E+00
   8.3000E-05   7.4320E+02   3.0315E+02   7.4758E+04   2.4230E-05   4.3615E+00
   8.4000E-05   7.3940E+02   3.0315E+02   7.4585E+04   2.4352E-05   4.3611E+00
   8.5000E-05   7.3565E+02   3.0315E+02   7.4414E+04   2.4473E-05   4.3604E+00
   8.6000E-05   7.3197E+02   3.0315E+02   7.4248E+04   2.4595E-05   4.3603E+00
   8.7000E-05   7.2832E+02   3.0315E+02   7.4082E+04   2.4715E-05   4.3599E+00
   8.8000E-05   7.2473E+02   3.0315E+02   7.3918E+04   2.4836E-05   4.3595E+00
   8.9000E-05   7.2118E+02   3.0315E+02   7.3756E+04   2.4956E-05   4.3591E+00
   9.0000E-05   7.1768E+02   3.0315E+02   7.3596E+04   2.5075E-05   4.3587E+00
   9.1000E-05   7.1424E+02   3.0315E+02   7.3439E+04   2.5194E-05   4.3583E+00
   9.2000E-05   7.1084E+02   3.0315E+02   7.3284E+04   2.5313E-05   4.3580E+00
   9.3000E-05   7.0748E+02   3.0315E+02   7.3131E+04   2.5431E-05   4.3577E+00
   9.4000E-05   7.0416E+02   3.0315E+02   7.2979E+04   2.5549E-05   4.3573E+00
   9.5000E-05   7.0089E+02   3.0315E+02   7.2829E+04   2.5667E-05   4.3572E+00
   9.6000E-05   6.9764E+02   3.0315E+02   7.2681E+04   2.5784E-05   4.3568E+00
   9.7000E-05   6.9444E+02   3.0315E+02   7.2535E+04   2.5901E-05   4.3565E+00
   9.8000E-05   6.9128E+02   3.0315E+02   7.2390E+04   2.6018E-05   4.3562E+00
   9.9000E-05   6.8816E+02   3.0315E+02   7.2247E+04   2.6134E-05   4.3559E+00
   1.0000E-04   6.8507E+02   3.0315E+02   7.2107E+04   2.6250E-05   4.3556E+00
   1.0100E-04   6.8202E+02   3.0315E+02   7.1967E+04   2.6366E-05   4.3553E+00
   1.1100E-04   6.7901E+02   3.0315E+02   7.1830E+04   2.8444E-05   4.6779E+00
   1.2100E-04   6.5229E+02   3.0315E+02   7.0612E+04   2.9685E-05   4.6898E+00
   1.3100E-04   6.2582E+02   3.0315E+02   6.9401E+04   3.0755E-05   4.6617E+00
   1.4100E-04   6.0223E+02   3.0315E+02   6.8321E+04   3.1818E-05   4.6410E+00
   1.5100E-04   5.8082E+02   3.0315E+02   6.7341E+04   3.2840E-05   4.6198E+00
   1.6100E-04   5.6146E+02   3.0315E+02   6.6451E+04   3.3843E-05   4.6023E+00
   1.7100E-04   5.4378E+02   3.0315E+02   6.5638E+04   3.4822E-05   4.5862E+00
   1.8100E-04   5.2757E+02   3.0315E+02   6.4892E+04   3.5780E-05   4.5720E+00
   1.9100E-04   5.1264E+02   3.0315E+02   6.4203E+04   3.6703E-05   4.5572E+00
   2.0100E-04   4.9895E+02   3.0315E+02   6.3571E+04   3.7603E-05   4.5442E+00
   2.1100E-04   4.8631E+02   3.0315E+02   6.2986E+04   3.8497E-05   4.5344E+00
   2.2100E-04   4.7451E+02   3.0315E+02   6.2440E+04   3.9364E-05   4.5240E+00
   2.3100E-04   4.6352E+02   3.0315E+02   6.1930E+04   4.0223E-05   4.5157E+00
   2.4100E-04   4.5321E+02   3.0315E+02   6.1451E+04   4.1069E-05   4.5081E+00
   2.5100E-04   4.4349E+02   3.0315E+02   6.0999E+04   4.1898E-05   4.5005E+00
   2.6100E-04   4.3436E+02   3.0315E+02   6.0574E+04   4.2705E-05   4.4927E+00
   2.7100E-04   4.2578E+02   3.0315E+02   6.0173E+04   4.3500E-05   4.4859E+00
   2.8100E-04   4.1768E+02   3.0315E+02   5.9796E+04   4.4293E-05   4.4808E+00
   2.9100E-04   4.0997E+02   3.0315E+02   5.9434E+04   4.5060E-05   4.4743E+00
   3.0100E-04   4.0269E+02   3.0315E+02   5.9091E+04   4.5833E-05   4.4702E+00
   3.1100E-04   3.9573E+02   3.0315E+02   5.8762E+04   4.6577E-05   4.4643E+00
   3.2100E-04   3.8914E+02   3.0315E+02   5.8452E+04   4.7312E-05   4.4592E+00
   3.3100E-04   3.8289E+02   3.0315E+02   5.8157E+04   4.8037E-05   4.4548E+00
   3.4100E-04   3.7691E+02   3.0315E+02   5.7874E+04   4.8775E-05   4.4527E+00
   3.5100E-04   3.7113E+02   3.0315E+02   5.7601E+04   4.9483E-05   4.4479E+00
   3.6100E-04   3.6562E+02   3.0315E+02   5.7340E+04   5.0176E-05   4.4433E+00
   3.7100E-04   3.6038E+02   3.0315E+02   5.7092E+04   5.0874E-05   4.4406E+00
   3.8100E-04   3.5533E+02   3.0315E+02   5.6852E+04   5.1553E-05   4.4368E+00
   3.9100E-04   3.5050E+02   3.0315E+02   5.6620E+04   5.2225E-05   4.4335E+00
   4.0100E-04   3.4586E+02   3.0315E+02   5.6397E+04   5.2893E-05   4.4308E+00
   4.1100E-04   3.4139E+02   3.0315E+02   5.6182E+04   5.3548E-05   4.4276E+00
   4.2100E-04   3.3709E+02   3.0315E+02   5.5975E+04   5.4193E-05   4.4246E+00
   4.3100E-04   3.3297E+02   3.0315E+02   5.5776E+04   5.4828E-05   4.4217E+00
   4.4100E-04   3.2900E+02   3.0315E+02   5.5584E+04   5.5466E-05   4.4198E+00
   4.5100E-04   3.2515E+02   3.0315E+02   5.5398E+04   5.6093E-05   4.4175E+00
   4.6100E-04   3.2143E+02   3.0315E+02   5.5217E+04   5.6714E-05   4.4153E+00
   4.7100E-04   3.1783E+02   3.0315E+02   5.5042E+04   5.7324E-05   4.4128E+00
   4.8100E-04   3.1436E+02   3.0315E+02   5.4873E+04   5.7930E-05   4.4107E+00
   4.9100E-04   3.1100E+02   3.0315E+02   5.4710E+04   5.8532E-05   4.4089E+00
   5.0100E-04   3.0774E+02   3.0315E+02   5.4550E+04   5.9121E-05   4.4066E+00
   5.1100E-04   3.0459E+02   3.0315E+02   5.4396E+04   5.9709E-05   4.4049E+00
   5.2100E-04   3.0153E+02   3.0315E+02   5.4245E+04   6.0292E-05   4.4033E+00
   5.3100E-04   2.9856E+02   3.0315E+02   5.4098E+04   6.0866E-05   4.4014E+00
   5.4100E-04   2.9568E+02   3.0315E+02   5.3955E+04   6.1437E-05   4.3998E+00
   5.5100E-04   2.9288E+02   3.0315E+02   5.3816E+04   6.2004E-05   4.3984E+00
   5.6100E-04   2.9016E+02   3.0315E+02   5.3681E+04   6.2559E-05   4.3965E+00
   5.7100E-04   2.8752E+02   3.0315E+02   5.3550E+04   6.3112E-05   4.3951E+00
   5.8100E-04   2.8495E+02   3.0315E+02   5.3423E+04   6.3665E-05   4.3940E+00
   5.9100E-04   2.8244E+02   3.0315E+02   5.3297E+04   6.4209E-05   4.3925E+00
   6.0100E-04   2.8001E+02   3.0315E+02   5.3175E+04   6.4751E-05   4.3913E+00
   6.1100E-04   2.7762E+02   3.0315E+02   5.3053E+04   6.5284E-05   4.3899E+00
   6.2100E-04   2.7531E+02   3.0315E+02   5.2936E+04   6.5811E-05   4.3884E+00
   6.3100E-04   2.7306E+02   3.0315E+02   5.2822E+04   6.6336E-05   4.3872E+00
   6.4100E-04   2.7086E+02   3.0315E+02   5.2710E+04   6.6860E-05   4.3863E+00
   6.5100E-04   2.6871E+02   3.0315E+02   5.2601E+04   6.7376E-05   4.3851E+00
   6.6100E-04   2.6662E+02   3.0315E+02   5.2493E+04   6.7891E-05   4.3841E+00
   6.7100E-04   2.6457E+02   3.0315E+02   5.2389E+04   6.8394E-05   4.3826E+00
   6.8100E-04   2.6258E+02   3.0315E+02   5.2287E+04   6.8899E-05   4.3818E+00
   6.9100E-04   2.6063E+02   3.0315E+02   5.2187E+04   6.9396E-05   4.3806E+00
   7.0100E-04   2.5872E+02   3.0315E+02   5.2089E+04   6.9893E-05   4.3798E+00
   7.1100E-04   2.5686E+02   3.0315E+02   5.1993E+04   7.0384E-05   4.3788E+00
   7.2100E-04   2.5504E+02   3.0315E+02   5.1899E+04   7.0872E-05   4.3779E+00
   7.3100E-04   2.5326E+02   3.0315E+02   5.1807E+04   7.1359E-05   4.3772E+00
   7.4100E-04   2.5151E+02   3.0315E+02   5.1716E+04   7.1839E-05   4.3762E+00
   7.5100E-04   2.4980E+02   3.0315E+02   5.1626E+04   7.2320E-05   4.3755E+00
   7.6100E-04   2.4812E+02   3.0315E+02   5.1538E+04   7.2792E-05   4.3746E+00
   7.7100E-04   2.4648E+02   3.0315E+02   5.1451E+04   7.3265E-05   4.3739E+00
   7.8100E-04   2.4487E+02   3.0315E+02   5.1367E+04   7.3731E-05   4.3730E+00
   7.9100E-04   2.4330E+02   3.0315E+02   5.1284E+04   7.4191E-05   4.3719E+00
   8.0100E-04   2.4176E+02   3.0315E+02   5.1203E+04   7.4650E-05   4.3713E+00
   8.1100E-04   2.4026E+02   3.0315E+02   5.1123E+04   7.5106E-05   4.3705E+00
   8.2100E-04   2.3878E+02   3.0315E+02   5.1044E+04   7.5558E-05   4.3698E+00
   8.3100E-04   2.3733E+02   3.0315E+02   5.0967E+04   7.6010E-05   4.3692E+00
   8.4100E-04   2.3591E+02   3.0315E+02   5.0891E+04   7.6460E-05   4.3687E+00
   8.5100E-04   2.3450E+02   3.0315E+02   5.0815E+04   7.6902E-05   4.3679E+00
   8.6100E-04   2.3313E+02   3.0315E+02   5.0741E+04   7.7344E-05   4.3673E+00
   8.7100E-04   2.3178E+02   3.0315E+02   5.0668E+04   7.7782E-05   4.3666E+00
   8.8100E-04   2.3046E+02   3.0315E+02   5.0596E+04   7.8218E-05   4.3661E+00
   8.9100E-04   2.2916E+02   3.0315E+02   5.0525E+04   7.8650E-05   4.3654E+00
   9.0100E-04   2.2789E+02   3.0315E+02   5.0456E+04   7.9081E-05   4.3649E+00
   9.1100E-04   2.2663E+02   3.0315E+02   5.0387E+04   7.9506E-05   4.3642E+00
   9.2100E-04   2.2540E+02   3.0315E+02   5.0320E+04   7.9928E-05   4.3635E+00
   9.3100E-04   2.2419E+02   3.0315E+02   5.0253E+04   8.0348E-05   4.3630E+00
   9.4100E-04   2.2301E+02   3.0315E+02   5.0188E+04   8.0767E-05   4.3625E+00
   9.5100E-04   2.2184E+02   3.0315E+02   5.0123E+04   8.1183E-05   4.3620E+00
   9.6100E-04   2.2069E+02   3.0315E+02   5.0060E+04   8.1594E-05   4.3614E+00
   9.7100E-04   2.1956E+02   3.0315E+02   4.9997E+04   8.2005E-05   4.3609E+00
   9.8100E-04   2.1845E+02   3.0315E+02   4.9935E+04   8.2419E-05   4.3608E+00
   9.9100E-04   2.1735E+02   3.0315E+02   4.9874E+04   8.2823E-05   4.3601E+00
   1.0010E-03   2.1627E+02   3.0315E+02   4.9813E+04   8.3224E-05   4.3595E+00
   1.1010E-03   2.1522E+02   3.0315E+02   4.9753E+04   9.0965E-05   4.7417E+00
   1.2010E-03   2.0535E+02   3.0315E+02   4.9191E+04   9.4858E-05   4.7180E+00
   1.3010E-03   1.9643E+02   3.0315E+02   4.8666E+04   9.8220E-05   4.6730E+00
   1.4010E-03   1.8880E+02   3.0315E+02   4.8204E+04   1.0150E-04   4.6413E+00
   1.5010E-03   1.8208E+02   3.0315E+02   4.7787E+04   1.0470E-04   4.6174E+00
   1.6010E-03   1.7606E+02   3.0315E+02   4.7401E+04   1.0762E-04   4.5892E+00
   1.7010E-03   1.7075E+02   3.0315E+02   4.7051E+04   1.1047E-04   4.5687E+00
   1.8010E-03   1.6598E+02   3.0315E+02   4.6728E+04   1.1323E-04   4.5522E+00
   1.9010E-03   1.6164E+02   3.0315E+02   4.6426E+04   1.1585E-04   4.5355E+00
   2.0010E-03   1.5769E+02   3.0315E+02   4.6144E+04   1.1839E-04   4.5220E+00
   2.1010E-03   1.5408E+02   3.0315E+02   4.5880E+04   1.2082E-04   4.5089E+00
   2.2010E-03   1.5076E+02   3.0315E+02   4.5632E+04   1.2318E-04   4.4981E+00
   2.3010E-03   1.4770E+02   3.0315E+02   4.5396E+04   1.2546E-04   4.4881E+00
   2.4010E-03   1.4485E+02   3.0315E+02   4.5174E+04   1.2768E-04   4.4797E+00
   2.5010E-03   1.4220E+02   3.0315E+02   4.4960E+04   1.2983E-04   4.4716E+00
   2.6010E-03   1.3971E+02   3.0315E+02   4.4756E+04   1.3190E-04   4.4636E+00
   2.7010E-03   1.3740E+02   3.0315E+02   4.4562E+04   1.3392E-04   4.4567E+00
   2.8010E-03   1.3523E+02   3.0315E+02   4.4377E+04   1.3587E-04   4.4503E+00
   2.9010E-03   1.3319E+02   3.0315E+02   4.4198E+04   1.3779E-04   4.4449E+00
   3.0010E-03   1.3125E+02   3.0315E+02   4.4026E+04   1.3965E-04   4.4398E+00
   3.1010E-03   1.2943E+02   3.0315E+02   4.3860E+04   1.4146E-04   4.4345E+00
   3.2010E-03   1.2770E+02   3.0315E+02   4.3701E+04   1.4322E-04   4.4299E+00
   3.3010E-03   1.2606E+02   3.0315E+02   4.3546E+04   1.4494E-04   4.4255E+00
   3.4010E-03   1.2451E+02   3.0315E+02   4.3398E+04   1.4661E-04   4.4214E+00
   3.5010E-03   1.2303E+02   3.0315E+02   4.3254E+04   1.4825E-04   4.4177E+00
   3.6010E-03   1.2162E+02   3.0315E+02   4.3114E+04   1.4984E-04   4.4140E+00
   3.7010E-03   1.2027E+02   3.0315E+02   4.2978E+04   1.5141E-04   4.4108E+00
   3.8010E-03   1.1898E+02   3.0315E+02   4.2846E+04   1.5294E-04   4.4076E+00
   3.9010E-03   1.1775E+02   3.0315E+02   4.2718E+04   1.5443E-04   4.4045E+00
   4.0010E-03   1.1658E+02   3.0315E+02   4.2593E+04   1.5588E-04   4.4017E+00
   4.1010E-03   1.1545E+02   3.0315E+02   4.2472E+04   1.5732E-04   4.3993E+00
   4.2010E-03   1.1437E+02   3.0315E+02   4.2354E+04   1.5871E-04   4.3965E+00
   4.3010E-03   1.1333E+02   3.0315E+02   4.2238E+04   1.6009E-04   4.3942E+00
   4.4010E-03   1.1232E+02   3.0315E+02   4.2126E+04   1.6144E-04   4.3922E+00
   4.5010E-03   1.1136E+02   3.0315E+02   4.2016E+04   1.6275E-04   4.3899E+00
   4.6010E-03   1.1043E+02   3.0315E+02   4.1909E+04   1.6404E-04   4.3878E+00
   4.7010E-03   1.0953E+02   3.0315E+02   4.1805E+04   1.6531E-04   4.3859E+00
   4.8010E-03   1.0867E+02   3.0315E+02   4.1703E+04   1.6656E-04   4.3840E+00
   4.9010E-03   1.0783E+02   3.0315E+02   4.1604E+04   1.6778E-04   4.3824E+00
   5.0010E-03   1.0703E+02   3.0315E+02   4.1506E+04   1.6898E-04   4.3806E+00
   5.1010E-03   1.0625E+02   3.0315E+02   4.1411E+04   1.7015E-04   4.3788E+00
   5.2010E-03   1.0549E+02   3.0315E+02   4.1317E+04   1.7131E-04   4.3773E+00
   5.3010E-03   1.0476E+02   3.0315E+02   4.1226E+04   1.7245E-04   4.3759E+00
   5.4010E-03   1.0405E+02   3.0315E+02   4.1137E+04   1.7356E-04   4.3745E+00
   5.5010E-03   1.0337E+02   3.0315E+02   4.1049E+04   1.7466E-04   4.3731E+00
   5.6010E-03   1.0270E+02   3.0315E+02   4.0962E+04   1.7574E-04   4.3718E+00
   5.7010E-03   1.0205E+02   3.0315E+02   4.0878E+04   1.7681E-04   4.3706E+00
   5.8010E-03   1.0143E+02   3.0315E+02   4.0795E+04   1.7785E-04   4.3693E+00
   5.9010E-03   1.0082E+02   3.0315E+02   4.0713E+04   1.7888E-04   4.3682E+00
   6.0010E-03   1.0022E+02   3.0315E+02   4.0633E+04   1.7988E-04   4.3669E+00
   6.1010E-03   9.9649E+01   3.0315E+02   4.0555E+04   1.8088E-04   4.3659E+00
   6.2010E-03   9.9089E+01   3.0315E+02   4.0478E+04   1.8185E-04   4.3647E+00
   6.3010E-03   9.8545E+01   3.0315E+02   4.0402E+04   1.8281E-04   4.3637E+00
   6.4010E-03   9.8016E+01   3.0315E+02   4.0328E+04   1.8377E-04   4.3628E+00
   6.5010E-03   9.7499E+01   3.0315E+02   4.0254E+04   1.8470E-04   4.3619E+00
   6.6010E-03   9.6995E+01   3.0315E+02   4.0183E+04   1.8562E-04   4.3610E+00
   6.7010E-03   9.6505E+01   3.0315E+02   4.0112E+04   1.8652E-04   4.3601E+00
   6.8010E-03   9.6026E+01   3.0315E+02   4.0042E+04   1.8742E-04   4.3593E+00
   6.9010E-03   9.5559E+01   3.0315E+02   3.9973E+04   1.8830E-04   4.3584E+00
   7.0010E-03   9.5103E+01   3.0315E+02   3.9906E+04   1.8916E-04   4.3576E+00
   7.1010E-03   9.4659E+01   3.0315E+02   3.9840E+04   1.9002E-04   4.3569E+00
   7.2010E-03   9.4224E+01   3.0315E+02   3.9775E+04   1.9086E-04   4.3561E+00
   7.3010E-03   9.3800E+01   3.0315E+02   3.9710E+04   1.9169E-04   4.3554E+00
   7.4010E-03   9.3385E+01   3.0315E+02   3.9647E+04   1.9252E-04   4.3547E+00
   7.5010E-03   9.2979E+01   3.0315E+02   3.9585E+04   1.9332E-04   4.3540E+00
   7.6010E-03   9.2583E+01   3.0315E+02   3.9523E+04   1.9412E-04   4.3533E+00
   7.7010E-03   9.2195E+01   3.0315E+02   3.9463E+04   1.9491E-04   4.3527E+00
   7.8010E-03   9.1815E+01   3.0315E+02   3.9403E+04   1.9569E-04   4.3520E+00
   7.9010E-03   9.1445E+01   3.0315E+02   3.9344E+04   1.9645E-04   4.3514E+00
   8.0010E-03   9.1082E+01   3.0315E+02   3.9286E+04   1.9721E-04   4.3508E+00
   8.1010E-03   9.0726E+01   3.0315E+02   3.9229E+04   1.9795E-04   4.3503E+00
   8.2010E-03   9.0378E+01   3.0315E+02   3.9173E+04   1.9869E-04   4.3497E+00
   8.3010E-03   9.0037E+01   3.0315E+02   3.9118E+04   1.9942E-04   4.3492E+00
   8.4010E-03   8.9703E+01   3.0315E+02   3.9063E+04   2.0014E-04   4.3486E+00
   8.5010E-03   8.9376E+01   3.0315E+02   3.9009E+04   2.0084E-04   4.3481E+00
   8.6010E-03   8.9055E+01   3.0315E+02   3.8956E+04   2.0154E-04   4.3476E+00
   8.7010E-03   8.8741E+01   3.0315E+02   3.8904E+04   2.0224E-04   4.3471E+00
   8.8010E-03   8.8432E+01   3.0315E+02   3.8852E+04   2.0292E-04   4.3466E+00
   8.9010E-03   8.8130E+01   3.0315E+02   3.8801E+04   2.0359E-04   4.3461E+00
   9.0010E-03   8.7833E+01   3.0315E+02   3.8750E+04   2.0426E-04   4.3457E+00
   9.1010E-03   8.7541E+01   3.0315E+02   3.8701E+04   2.0492E-04   4.3453E+00
   9.2010E-03   8.7256E+01   3.0315E+02   3.8651E+04   2.0557E-04   4.3448E+00
   9.3010E-03   8.6975E+01   3.0315E+02   3.8603E+04   2.0621E-04   4.3444E+00
   9.4010E-03   8.6700E+01   3.0315E+02   3.8555E+04   2.0685E-04   4.3440E+00
   9.5010E-03   8.6429E+01   3.0315E+02   3.8508E+04   2.0747E-04   4.3436E+00
   9.6010E-03   8.6164E+01   3.0315E+02   3.8461E+04   2.0810E-04   4.3432E+00
   9.7010E-03   8.5902E+01   3.0315E+02   3.8415E+04   2.0871E-04   4.3428E+00
   9.8010E-03   8.5646E+01   3.0315E+02   3.8370E+04   2.0932E-04   4.3425E+00
   9.9010E-03   8.5394E+01   3.0315E+02   3.8325E+04   2.0992E-04   4.3421E+00
   1.0001E-02   8.5146E+01   3.0315E+02   3.8280E+04   2.1051E-04   4.3417E+00
   1.1001E-02   8.4903E+01   3.0315E+02   3.8236E+04   2.2106E-04   4.5464E+00
   1.2001E-02   8.2733E+01   3.0315E+02   3.7834E+04   2.2638E-04   4.5368E+00
   1.3001E-02   8.0703E+01   3.0315E+02   3.7441E+04   2.3060E-04   4.5080E+00
   1.4001E-02   7.8975E+01   3.0315E+02   3.7092E+04   2.3439E-04   4.4841E+00
   1.5001E-02   7.7488E+01   3.0315E+02   3.6781E+04   2.3789E-04   4.4654E+00
   1.6001E-02   7.6189E+01   3.0315E+02   3.6499E+04   2.4102E-04   4.4482E+00
   1.7001E-02   7.5056E+01   3.0315E+02   3.6247E+04   2.4394E-04   4.4353E+00
   1.8001E-02   7.4048E+01   3.0315E+02   3.6017E+04   2.4654E-04   4.4224E+00
   1.9001E-02   7.3160E+01   3.0315E+02   3.5809E+04   2.4895E-04   4.4122E+00
   2.0001E-02   7.2366E+01   3.0315E+02   3.5620E+04   2.5119E-04   4.4035E+00
   2.1001E-02   7.1651E+01   3.0315E+02   3.5446E+04   2.5323E-04   4.3955E+00
   2.2001E-02   7.1008E+01   3.0315E+02   3.5288E+04   2.5512E-04   4.3885E+00
   2.3001E-02   7.0427E+01   3.0315E+02   3.5142E+04   2.5684E-04   4.3821E+00
   2.4001E-02   6.9901E+01   3.0315E+02   3.5008E+04   2.5842E-04   4.3761E+00
   2.5001E-02   6.9427E+01   3.0315E+02   3.4886E+04   2.5989E-04   4.3712E+00
   2.6001E-02   6.8995E+01   3.0315E+02   3.4774E+04   2.6125E-04   4.3667E+00
   2.7001E-02   6.8601E+01   3.0315E+02   3.4670E+04   2.6250E-04   4.3626E+00
   2.8001E-02   6.8241E+01   3.0315E+02   3.4574E+04   2.6365E-04   4.3588E+00
   2.9001E-02   6.7912E+01   3.0315E+02   3.4486E+04   2.6472E-04   4.3555E+00
   3.0001E-02   6.7611E+01   3.0315E+02   3.4405E+04   2.6573E-04   4.3526E+00
   3.1001E-02   6.7334E+01   3.0315E+02   3.4329E+04   2.6664E-04   4.3497E+00
   3.2001E-02   6.7080E+01   3.0315E+02   3.4260E+04   2.6750E-04   4.3473E+00
   3.3001E-02   6.6845E+01   3.0315E+02   3.4195E+04   2.6830E-04   4.3451E+00
   3.4001E-02   6.6628E+01   3.0315E+02   3.4135E+04   2.6904E-04   4.3429E+00
   3.5001E-02   6.6429E+01   3.0315E+02   3.4079E+04   2.6972E-04   4.3410E+00
   3.6001E-02   6.6245E+01   3.0315E+02   3.4027E+04   2.7035E-04   4.3391E+00
   3.7001E-02   6.6075E+01   3.0315E+02   3.3980E+04   2.7095E-04   4.3375E+00
   3.8001E-02   6.5919E+01   3.0315E+02   3.3935E+04   2.7150E-04   4.3360E+00
   3.9001E-02   6.5773E+01   3.0315E+02   3.3894E+04   2.7201E-04   4.3346E+00
   4.0001E-02   6.5639E+01   3.0315E+02   3.3856E+04   2.7248E-04   4.3333E+00
   4.1001E-02   6.5515E+01   3.0315E+02   3.3820E+04   2.7292E-04   4.3321E+00
   4.2001E-02   6.5400E+01   3.0315E+02   3.3787E+04   2.7333E-04   4.3311E+00
   4.3001E-02   6.5293E+01   3.0315E+02   3.3756E+04   2.7371E-04   4.3300E+00
   4.4001E-02   6.5195E+01   3.0315E+02   3.3728E+04   2.7406E-04   4.3290E+00
   4.5001E-02   6.5103E+01   3.0315E+02   3.3701E+04   2.7439E-04   4.3282E+00
   4.6001E-02   6.5018E+01   3.0315E+02   3.3677E+04   2.7469E-04   4.3274E+00
   4.7001E-02   6.4940E+01   3.0315E+02   3.3654E+04   2.7498E-04   4.3266E+00
   4.8001E-02   6.4867E+01   3.0315E+02   3.3632E+04   2.7524E-04   4.3260E+00
   4.9001E-02   6.4799E+01   3.0315E+02   3.3613E+04   2.7549E-04   4.3253E+00
   5.0001E-02   6.4736E+01   3.0315E+02   3.3594E+04   2.7571E-04   4.3247E+00
   5.1001E-02   6.4678E+01   3.0315E+02   3.3577E+04   2.7593E-04   4.3242E+00
   5.2001E-02   6.4624E+01   3.0315E+02   3.3561E+04   2.7612E-04   4.3237E+00
   5.3001E-02   6.4624E+01   3.0315E+02   3.3561E+04   2.7646E-04   4.3290E+00
   5.4001E-02   6.4533E+01   3.0315E+02   3.3534E+04   2.7652E-04   4.3239E+00
   5.5001E-02   6.4481E+01   3.0315E+02   3.3519E+04   2.7666E-04   4.3226E+00
   5.6001E-02   6.4481E+01   3.0315E+02   3.3519E+04   2.7693E-04   4.3268E+00
   5.7001E-02   6.4407E+01   3.0315E+02   3.3497E+04   2.7697E-04   4.3225E+00
   5.8001E-02   6.4365E+01   3.0315E+02   3.3484E+04   2.7708E-04   4.3215E+00
   5.9001E-02   6.4365E+01   3.0315E+02   3.3484E+04   2.7730E-04   4.3249E+00
   6.0001E-02   6.4306E+01   3.0315E+02   3.3467E+04   2.7733E-04   4.3215E+00
   6.1001E-02   6.4306E+01   3.0315E+02   3.3467E+04   2.7752E-04   4.3245E+00
   6.2001E-02   6.4306E+01   3.0315E+02   3.3467E+04   2.7771E-04   4.3274E+00
   6.3001E-02   6.4228E+01   3.0315E+02   3.3443E+04   2.7765E-04   4.3213E+00
   6.4001E-02   6.4228E+01   3.0315E+02   3.3443E+04   2.7781E-04   4.3237E+00
   6.5001E-02   6.4178E+01   3.0315E+02   3.3428E+04   2.7781E-04   4.3204E+00
   6.6001E-02   6.4178E+01   3.0315E+02   3.3428E+04   2.7794E-04   4.3224E+00
   6.7001E-02   6.4178E+01   3.0315E+02   3.3428E+04   2.7806E-04   4.3244E+00
   6.8001E-02   6.4178E+01   3.0315E+02   3.3428E+04   2.7819E-04   4.3264E+00
   6.9001E-02   6.4108E+01   3.0315E+02   3.3407E+04   2.7812E-04   4.3207E+00
   7.0001E-02   6.4108E+01   3.0315E+02   3.3407E+04   2.7822E-04   4.3222E+00
   7.1001E-02   6.4108E+01   3.0315E+02   3.3407E+04   2.7831E-04   4.3236E+00
   7.2001E-02   6.4108E+01   3.0315E+02   3.3407E+04   2.7840E-04   4.3251E+00
   7.3001E-02   6.4047E+01   3.0315E+02   3.3389E+04   2.7831E-04   4.3196E+00
   7.4001E-02   6.4047E+01   3.0315E+02   3.3389E+04   2.7838E-04   4.3207E+00
   7.5001E-02   6.4047E+01   3.0315E+02   3.3389E+04   2.7845E-04   4.3218E+00
   7.6001E-02   6.4047E+01   3.0315E+02   3.3389E+04   2.7851E-04   4.3228E+00
   7.7001E-02   6.4047E+01   3.0315E+02   3.3389E+04   2.7858E-04   4.3238E+00
   7.8001E-02   6.4047E+01   3.0315E+02   3.3389E+04   2.7864E-04   4.3248E+00
   7.9001E-02   6.4047E+01   3.0315E+02   3.3389E+04   2.7870E-04   4.3258E+00
   8.0001E-02   6.3981E+01   3.0315E+02   3.3368E+04   2.7857E-04   4.3194E+00
   8.1001E-02   6.3981E+01   3.0315E+02   3.3368E+04   2.7861E-04   4.3200E+00
   8.2001E-02   6.3981E+01   3.0315E+02   3.3368E+04   2.7864E-04   4.3205E+00
   8.3001E-02   6.3981E+01   3.0315E+02   3.3368E+04   2.7868E-04   4.3211E+00
   8.4001E-02   6.3981E+01   3.0315E+02   3.3368E+04   2.7871E-04   4.3216E+00
   8.5001E-02   6.3981E+01   3.0315E+02   3.3368E+04   2.7874E-04   4.3222E+00
   8.6001E-02   6.3981E+01   3.0315E+02   3.3368E+04   2.7878E-04   4.3227E+00
   8.7001E-02   6.3981E+01   3.0315E+02   3.3368E+04   2.7881E-04   4.3233E+00
   8.8001E-02   6.3981E+01   3.0315E+02   3.3368E+04   2.7884E-04   4.3238E+00
   8.9001E-02   6.3981E+01   3.0315E+02   3.3368E+04   2.7887E-04   4.3243E+00
   9.0001E-02   6.3926E+01   3.0315E+02   3.3368E+04   2.7867E-04   4.3175E+00
   9.1001E-02   6.3923E+01   3.0315E+02   3.3350E+04   2.7876E-04   4.3186E+00
   9.2001E-02   6.3923E+01   3.0315E+02   3.3350E+04   2.7877E-04   4.3188E+00
   9.3001E-02   6.3923E+01   3.0315E+02   3.3350E+04   2.7878E-04   4.3189E+00
   9.4001E-02   6.3923E+01   3.0315E+02   3.3350E+04   2.7878E-04   4.3191E+00
   9.5001E-02   6.3923E+01   3.0315E+02   3.3350E+04   2.7879E-04   4.3192E+00
   9.6001E-02   6.3923E+01   3.0315E+02   3.3350E+04   2.7880E-04   4.3194E+00
   9.7001E-02   6.3923E+01   3.0315E+02   3.3350E+04   2.7881E-04   4.3195E+00
   9.8001E-02   6.3923E+01   3.0315E+02   3.3350E+04   2.7881E-04   4.3196E+00
   9.9001E-02   6.3903E+01   3.0315E+02   3.3350E+04   2.7873E-04   4.3171E+00
   1.0000E-01   6.3923E+01   3.0315E+02   3.3350E+04   2.7883E-04   4.3199E+00
   1.1000E-01   6.3923E+01   3.0315E+02   3.3350E+04   2.7889E-04   4.3212E+00
   1.2000E-01   6.3923E+01   3.0315E+02   3.3350E+04   2.7895E-04   4.3224E+00
   1.3000E-01   6.3923E+01   3.0315E+02   3.3350E+04   2.7901E-04   4.3235E+00
   1.4000E-01   6.3923E+01   3.0315E+02   3.3350E+04   2.7905E-04   4.3245E+00
   1.5000E-01   6.3923E+01   3.0315E+02   3.3350E+04   2.7910E-04   4.3254E+00
   1.6000E-01   6.3923E+01   3.0315E+02   3.3350E+04   2.7913E-04   4.3263E+00
   1.7000E-01   6.3854E+01   3.0315E+02   3.3323E+04   2.7870E-04   4.3151E+00
   1.8000E-01   6.3923E+01   3.0315E+02   3.3350E+04   2.7891E-04   4.3233E+00
   1.9000E-01   6.3923E+01   3.0315E+02   3.3350E+04   2.7898E-04   4.3246E+00
   2.0000E-01   6.3923E+01   3.0315E+02   3.3350E+04   2.7904E-04   4.3259E+00
   2.1000E-01   6.3854E+01   3.0315E+02   3.3323E+04   2.7866E-04   4.3156E+00
   2.2000E-01   6.3923E+01   3.0315E+02   3.3350E+04   2.7887E-04   4.3238E+00
   2.3000E-01   6.3923E+01   3.0315E+02   3.3350E+04   2.7896E-04   4.3254E+00
   2.4000E-01   6.3923E+01   3.0315E+02   3.3350E+04   2.7904E-04   4.3269E+00
   2.5000E-01   6.3854E+01   3.0315E+02   3.3323E+04   2.7868E-04   4.3169E+00
   2.6000E-01   6.3854E+01   3.0315E+02   3.3323E+04   2.7847E-04   4.3140E+00
   2.7000E-01   6.3923E+01   3.0315E+02   3.3350E+04   2.7871E-04   4.3226E+00
   2.8000E-01   6.3923E+01   3.0315E+02   3.3350E+04   2.7884E-04   4.3249E+00
   2.9000E-01   6.3923E+01   3.0315E+02   3.3350E+04   2.7896E-04   4.3270E+00
   3.0000E-01   6.3854E+01   3.0315E+02   3.3323E+04   2.7859E-04   4.3168E+00
   3.1000E-01   6.3854E+01   3.0315E+02   3.3323E+04   2.7841E-04   4.3143E+00
   3.2000E-01   6.3923E+01   3.0315E+02   3.3350E+04   2.7874E-04   4.3243E+00
   3.3000E-01   6.3923E+01   3.0315E+02   3.3350E+04   2.7889E-04   4.3269E+00
   3.4000E-01   6.3854E+01   3.0315E+02   3.3323E+04   2.7859E-04   4.3178E+00
   3.5000E-01   6.3854E+01   3.0315E+02   3.3323E+04   2.7844E-04   4.3158E+00
   3.6000E-01   6.3923E+01   3.0315E+02   3.3350E+04   2.7878E-04   4.3261E+00
   3.7000E-01   6.3854E+01   3.0315E+02   3.3323E+04   2.7853E-04   4.3178E+00
   3.8000E-01   6.3854E+01   3.0315E+02   3.3323E+04   2.7841E-04   4.3161E+00
   3.9000E-01   6.3923E+01   3.0315E+02   3.3350E+04   2.7877E-04   4.3267E+00
   4.0000E-01   6.3854E+01   3.0315E+02   3.3323E+04   2.7852E-04   4.3184E+00
   4.1000E-01   6.3854E+01   3.0315E+02   3.3323E+04   2.7842E-04   4.3171E+00
   4.2000E-01   6.3854E+01   3.0315E+02   3.3323E+04   2.7834E-04   4.3161E+00
   4.3000E-01   6.3923E+01   3.0315E+02   3.3350E+04   2.7875E-04   4.3274E+00
   4.4000E-01   6.3854E+01   3.0315E+02   3.3323E+04   2.7855E-04   4.3199E+00
   4.5000E-01   6.3854E+01   3.0315E+02   3.3323E+04   2.7848E-04   4.3191E+00
   4.6000E-01   6.3854E+01   3.0315E+02   3.3323E+04   2.7843E-04   4.3185E+00
   4.7000E-01   6.3854E+01   3.0315E+02   3.3323E+04   2.7839E-04   4.3182E+00
   4.8000E-01   6.3854E+01   3.0315E+02   3.3323E+04   2.7837E-04   4.3182E+00
   4.9000E-01   6.3854E+01   3.0315E+02   3.3323E+04   2.7836E-04   4.3183E+00
   5.0000E-01   6.3854E+01   3.0315E+02   3.3323E+04   2.7836E-04   4.3186E+00
   5.1000E-01   6.3854E+01   3.0315E+02   3.3323E+04   2.7837E-04   4.3190E+00
   5.2000E-01   6.3854E+01   3.0315E+02   3.3323E+04   2.7839E-04   4.3196E+00
   5.3000E-01   6.3854E+01   3.0315E+02   3.3323E+04   2.7842E-04   4.3203E+00
   5.4000E-01   6.3854E+01   3.0315E+02   3.3323E+04   2.7845E-04   4.3212E+00
   5.5000E-01   6.3854E+01   3.0315E+02   3.3323E+04   2.7850E-04   4.3221E+00
   5.6000E-01   6.3854E+01   3.0315E+02   3.3323E+04   2.7854E-04   4.3231E+00
   5.7000E-01   6.3854E+01   3.0315E+02   3.3323E+04   2.7860E-04   4.3243E+00
   5.8000E-01   6.3854E+01   3.0315E+02   3.3323E+04   2.7866E-04   4.3255E+00
   5.9000E-01   6.3791E+01   3.0315E+02   3.3269E+04   2.7813E-04   4.3132E+00
   6.0000E-01   6.3854E+01   3.0315E+02   3.3323E+04   2.7830E-04   4.3205E+00
   6.1000E-01   6.3854E+01   3.0315E+02   3.3323E+04   2.7844E-04   4.3229E+00
   6.2000E-01   6.3854E+01   3.0315E+02   3.3323E+04   2.7857E-04   4.3252E+00
   6.3000E-01   6.3791E+01   3.0315E+02   3.3269E+04   2.7821E-04   4.3156E+00
   6.4000E-01   6.3854E+01   3.0315E+02   3.3323E+04   2.7841E-04   4.3233E+00
   6.5000E-01   6.3854E+01   3.0315E+02   3.3323E+04   2.7859E-04   4.3264E+00
   6.6000E-01   6.3791E+01   3.0315E+02   3.3269E+04   2.7826E-04   4.3172E+00
   6.7000E-01   6.3791E+01   3.0315E+02   3.3269E+04   2.7789E-04   4.3118E+00
   6.8000E-01   6.3854E+01   3.0315E+02   3.3323E+04   2.7824E-04   4.3217E+00
   6.9000E-01   6.3854E+01   3.0315E+02   3.3323E+04   2.7850E-04   4.3261E+00
   7.0000E-01   6.3791E+01   3.0315E+02   3.3269E+04   2.7810E-04   4.3160E+00
   7.1000E-01   6.3798E+01   3.0315E+02   3.3265E+04   2.7781E-04   4.3122E+00
   7.2000E-01   6.3798E+01   3.0315E+02   3.3265E+04   2.7754E-04   4.3083E+00
   7.3000E-01   6.3862E+01   3.0315E+02   3.3283E+04   2.7770E-04   4.3154E+00
   7.4000E-01   6.3862E+01   3.0315E+02   3.3283E+04   2.7771E-04   4.3158E+00
   7.5000E-01   6.3862E+01   3.0315E+02   3.3283E+04   2.7774E-04   4.3165E+00
   7.6000E-01   6.3862E+01   3.0315E+02   3.3283E+04   2.7778E-04   4.3175E+00
   7.7000E-01   6.3798E+01   3.0315E+02   3.3265E+04   2.7749E-04   4.3089E+00
   7.8000E-01   6.3798E+01   3.0315E+02   3.3265E+04   2.7737E-04   4.3073E+00
   7.9000E-01   6.3862E+01   3.0315E+02   3.3283E+04   2.7761E-04   4.3157E+00
   8.0000E-01   6.3862E+01   3.0315E+02   3.3283E+04   2.7775E-04   4.3181E+00
   8.1000E-01   6.3798E+01   3.0315E+02   3.3265E+04   2.7751E-04   4.3103E+00
   8.2000E-01   6.3798E+01   3.0315E+02   3.3265E+04   2.7746E-04   4.3099E+00
   8.3000E-01   6.3798E+01   3.0315E+02   3.3265E+04   2.7745E-04   4.3099E+00
   8.4000E-01   6.3798E+01   3.0315E+02   3.3265E+04   2.7745E-04   4.3103E+00
   8.5000E-01   6.3798E+01   3.0315E+02   3.3265E+04   2.7748E-04   4.3110E+00
   8.6000E-01   6.3798E+01   3.0315E+02   3.3265E+04   2.7752E-04   4.3120E+00
   8.7000E-01   6.3798E+01   3.0315E+02   3.3265E+04   2.7758E-04   4.3132E+00
   8.8000E-01   6.3798E+01   3.0315E+02   3.3265E+04   2.7765E-04   4.3146E+00
   8.9000E-01   6.3798E+01   3.0315E+02   3.3265E+04   2.7774E-04   4.3163E+00
   9.0000E-01   6.3798E+01   3.0315E+02   3.3265E+04   2.7784E-04   4.3181E+00
   9.1000E-01   6.3791E+01   3.0315E+02   3.3269E+04   2.7794E-04   4.3195E+00
   9.2000E-01   6.3791E+01   3.0315E+02   3.3269E+04   2.7810E-04   4.3223E+00
   9.3000E-01   6.3791E+01   3.0315E+02   3.3269E+04   2.7826E-04   4.3251E+00
   9.4000E-01   6.3731E+01   3.0315E+02   3.3233E+04   2.7830E-04   4.3219E+00
   9.5000E-01   6.3731E+01   3.0315E+02   3.3233E+04   2.7807E-04   4.3186E+00
   9.6000E-01   6.3731E+01   3.0315E+02   3.3233E+04   2.7789E-04   4.3162E+00
   9.7000E-01   6.3791E+01   3.0315E+02   3.3269E+04   2.7818E-04   4.3250E+00
   9.8000E-01   6.3731E+01   3.0315E+02   3.3233E+04   2.7795E-04   4.3176E+00
   9.9000E-01   6.3731E+01   3.0315E+02   3.3233E+04   2.7786E-04   4.3166E+00
   1.0000E+00   6.3791E+01   3.0315E+02   3.3269E+04   2.7827E-04   4.3273E+00
   1.1000E+00   6.3731E+01   3.0315E+02   3.3233E+04   2.7871E-04   4.3330E+00
   1.2000E+00   6.3612E+01   3.0315E+02   3.3189E+04   2.7752E-04   4.3095E+00
   1.3000E+00   6.3612E+01   3.0315E+02   3.3189E+04   2.7910E-04   4.3370E+00
   1.4000E+00   6.3465E+01   3.0315E+02   3.3133E+04   2.7784E-04   4.3104E+00
   1.5000E+00   6.3514E+01   3.0315E+02   3.3142E+04   2.8032E-04   4.3552E+00
   1.6000E+00   6.3234E+01   3.0315E+02   3.3051E+04   2.7724E-04   4.2913E+00
   1.7000E+00   6.3465E+01   3.0315E+02   3.3133E+04   2.8406E-04   4.4158E+00
   1.8000E+00   6.2751E+01   3.0315E+02   3.2891E+04   2.7202E-04   4.1839E+00
   1.9000E+00   6.3741E+01   3.0315E+02   3.3186E+04   2.9273E-04   4.5765E+00
   2.0000E+00   6.1907E+01   3.0315E+02   3.2615E+04   2.6138E-04   3.9712E+00
   2.1000E+00   6.4545E+01   3.0315E+02   3.3412E+04   3.1376E-04   4.9738E+00
   2.2000E+00   6.0133E+01   3.0315E+02   3.2028E+04   2.4069E-04   3.5566E+00
   2.3000E+00   6.6250E+01   3.0315E+02   3.3889E+04   3.5803E-04   5.8332E+00
   2.4000E+00   5.6993E+01   3.0315E+02   3.0930E+04   2.1218E-04   2.9754E+00
   2.5000E+00   6.8649E+01   3.0315E+02   3.4532E+04   4.3357E-04   7.3301E+00
   2.6000E+00   5.2683E+01   3.0315E+02   2.9282E+04   1.8098E-04   2.3488E+00
   2.7000E+00   7.1422E+01   3.0315E+02   3.5229E+04   5.5068E-04   9.7013E+00
   2.8000E+00   4.7644E+01   3.0315E+02   2.7126E+04   1.6788E-04   1.9733E+00
   2.9000E+00   7.0468E+01   3.0315E+02   3.4973E+04   5.1063E-04   8.8877E+00
   3.0000E+00   4.9112E+01   3.0315E+02   2.7757E+04   1.7511E-04   2.1247E+00
   3.1000E+00   7.0004E+01   3.0315E+02   3.4839E+04   5.0007E-04   8.6584E+00
   3.2000E+00   4.9430E+01   3.0315E+02   2.7877E+04   1.7990E-04   2.2000E+00
   3.3000E+00   6.9242E+01   3.0315E+02   3.4626E+04   4.7750E-04   8.1880E+00
   3.4000E+00   5.0277E+01   3.0315E+02   2.8221E+04   1.8658E-04   2.3238E+00
   3.5000E+00   6.8525E+01   3.0315E+02   3.4421E+04   4.5880E-04   7.7956E+00
   3.6000E+00   5.0993E+01   3.0315E+02   2.8505E+04   1.9327E-04   2.4445E+00
   3.7000E+00   6.7765E+01   3.0315E+02   3.4201E+04   4.3984E-04   7.3994E+00
   3.8000E+00   5.1760E+01   3.0315E+02   2.8804E+04   2.0061E-04   2.5786E+00
   3.9000E+00   6.6972E+01   3.0315E+02   3.3967E+04   4.2138E-04   7.0139E+00
   4.0000E+00   5.2542E+01   3.0315E+02   2.9103E+04   2.0851E-04   2.7237E+00
   4.1000E+00   6.6147E+01   3.0315E+02   3.3720E+04   4.0350E-04   6.6409E+00
   4.2000E+00   5.3332E+01   3.0315E+02   2.9400E+04   2.1700E-04   2.8805E+00
   4.3000E+00   6.5289E+01   3.0315E+02   3.3457E+04   3.8618E-04   6.2801E+00
   4.4000E+00   5.4131E+01   3.0315E+02   2.9694E+04   2.2620E-04   3.0508E+00
   4.5000E+00   6.4390E+01   3.0315E+02   3.3177E+04   3.6642E-04   5.8826E+00
   4.6000E+00   5.5160E+01   3.0315E+02   3.0070E+04   2.3846E-04   3.2808E+00
   4.7000E+00   6.3273E+01   3.0315E+02   3.2824E+04   3.4745E-04   5.4867E+00
   4.8000E+00   5.6125E+01   3.0315E+02   3.0411E+04   2.5162E-04   3.5260E+00
   4.9000E+00   6.2101E+01   3.0315E+02   3.2443E+04   3.2797E-04   5.0880E+00
   5.0000E+00   5.7202E+01   3.0315E+02   3.0785E+04   2.6647E-04   3.8095E+00
   5.1000E+00   6.0893E+01   3.0315E+02   3.2040E+04   3.1212E-04   4.7523E+00
   5.2000E+00   5.8037E+01   3.0315E+02   3.1067E+04   2.7728E-04   4.0256E+00
   5.3000E+00   6.0100E+01   3.0315E+02   3.1763E+04   3.0532E-04   4.5924E+00
   5.4000E+00   5.8269E+01   3.0315E+02   3.1130E+04   2.8473E-04   4.1542E+00
   5.5000E+00   5.9400E+01   3.0315E+02   3.1512E+04   2.9936E-04   4.4544E+00
   5.6000E+00   5.8476E+01   3.0315E+02   3.1186E+04   2.8985E-04   4.2477E+00
   5.7000E+00   5.8951E+01   3.0315E+02   3.1342E+04   2.9671E-04   4.3855E+00
   5.8000E+00   5.8488E+01   3.0315E+02   3.1175E+04   2.9316E-04   4.3009E+00
   5.9000E+00   5.8597E+01   3.0315E+02   3.1205E+04   2.9571E-04   4.3483E+00
   6.0000E+00   5.8385E+01   3.0315E+02   3.1122E+04   2.9480E-04   4.3211E+00
   6.1000E+00   5.8357E+01   3.0315E+02   3.1105E+04   2.9591E-04   4.3371E+00
   6.2000E+00   5.8221E+01   3.0315E+02   3.1051E+04   2.9574E-04   4.3264E+00
   6.3000E+00   5.8157E+01   3.0315E+02   3.1021E+04   2.9643E-04   4.3336E+00
   6.4000E+00   5.8046E+01   3.0315E+02   3.0974E+04   2.9653E-04   4.3285E+00
   6.5000E+00   5.7968E+01   3.0315E+02   3.0940E+04   2.9701E-04   4.3315E+00
   6.6000E+00   5.7871E+01   3.0315E+02   3.0897E+04   2.9727E-04   4.3297E+00
   6.7000E+00   5.7785E+01   3.0315E+02   3.0860E+04   2.9761E-04   4.3300E+00
   6.8000E+00   5.7698E+01   3.0315E+02   3.0820E+04   2.9795E-04   4.3302E+00
   6.9000E+00   5.7609E+01   3.0315E+02   3.0783E+04   2.9823E-04   4.3293E+00
   7.0000E+00   5.7527E+01   3.0315E+02   3.0746E+04   2.9858E-04   4.3299E+00
   7.1000E+00   5.7440E+01   3.0315E+02   3.0708E+04   2.9884E-04   4.3289E+00
   7.2000E+00   5.7361E+01   3.0315E+02   3.0671E+04   2.9916E-04   4.3293E+00
   7.3000E+00   5.7279E+01   3.0315E+02   3.0635E+04   2.9951E-04   4.3297E+00
   7.4000E+00   5.7194E+01   3.0315E+02   3.0598E+04   2.9973E-04   4.3283E+00
   7.5000E+00   5.7119E+01   3.0315E+02   3.0564E+04   3.0007E-04   4.3292E+00
   7.6000E+00   5.7038E+01   3.0315E+02   3.0527E+04   3.0034E-04   4.3285E+00
   7.7000E+00   5.6962E+01   3.0315E+02   3.0493E+04   3.0067E-04   4.3291E+00
   7.8000E+00   5.6882E+01   3.0315E+02   3.0457E+04   3.0091E-04   4.3281E+00
   7.9000E+00   5.6808E+01   3.0315E+02   3.0425E+04   3.0119E-04   4.3281E+00
   8.0000E+00   5.6735E+01   3.0315E+02   3.0391E+04   3.0151E-04   4.3286E+00
   8.1000E+00   5.6658E+01   3.0315E+02   3.0356E+04   3.0180E-04   4.3285E+00
   8.2000E+00   5.6583E+01   3.0315E+02   3.0322E+04   3.0203E-04   4.3276E+00
   8.3000E+00   5.6513E+01   3.0315E+02   3.0289E+04   3.0232E-04   4.3280E+00
   8.4000E+00   5.6440E+01   3.0315E+02   3.0257E+04   3.0259E-04   4.3278E+00
   8.5000E+00   5.6369E+01   3.0315E+02   3.0223E+04   3.0288E-04   4.3280E+00
   8.6000E+00   5.6297E+01   3.0315E+02   3.0190E+04   3.0313E-04   4.3275E+00
   8.7000E+00   5.6228E+01   3.0315E+02   3.0159E+04   3.0341E-04   4.3278E+00
   8.8000E+00   5.6158E+01   3.0315E+02   3.0126E+04   3.0367E-04   4.3275E+00
   8.9000E+00   5.6089E+01   3.0315E+02   3.0095E+04   3.0390E-04   4.3270E+00
   9.0000E+00   5.6024E+01   3.0315E+02   3.0066E+04   3.0418E-04   4.3274E+00
   9.1000E+00   5.5956E+01   3.0315E+02   3.0032E+04   3.0448E-04   4.3280E+00
   9.2000E+00   5.5885E+01   3.0315E+02   3.0001E+04   3.0466E-04   4.3264E+00
   9.3000E+00   5.5824E+01   3.0315E+02   2.9972E+04   3.0496E-04   4.3273E+00
   9.4000E+00   5.5757E+01   3.0315E+02   2.9941E+04   3.0519E-04   4.3268E+00
   9.5000E+00   5.5693E+01   3.0315E+02   2.9910E+04   3.0547E-04   4.3273E+00
   9.6000E+00   5.5626E+01   3.0315E+02   2.9880E+04   3.0567E-04   4.3263E+00
   9.7000E+00   5.5566E+01   3.0315E+02   2.9851E+04   3.0594E-04   4.3268E+00
   9.8000E+00   5.5502E+01   3.0315E+02   2.9821E+04   3.0618E-04   4.3267E+00
   9.9000E+00   5.5440E+01   3.0315E+02   2.9792E+04   3.0642E-04   4.3266E+00
   1.0000E+01   5.5378E+01   3.0315E+02   2.9763E+04   3.0668E-04   4.3268E+00
   1.0100E+01   5.5315E+01   3.0315E+02   2.9734E+04   3.0689E-04   4.3261E+00
   1.0200E+01   5.5256E+01   3.0315E+02   2.9705E+04   3.0717E-04   4.3270E+00
   1.0300E+01   5.5192E+01   3.0315E+02   2.9675E+04   3.0736E-04   4.3259E+00
   1.0400E+01   5.5135E+01   3.0315E+02   2.9649E+04   3.0762E-04   4.3264E+00
   1.0500E+01   5.5075E+01   3.0315E+02   2.9619E+04   3.0787E-04   4.3265E+00
   1.0600E+01   5.5014E+01   3.0315E+02   2.9591E+04   3.0806E-04   4.3257E+00
   1.0700E+01   5.4958E+01   3.0315E+02   2.9564E+04   3.0833E-04   4.3264E+00
   1.0800E+01   5.4898E+01   3.0315E+02   2.9536E+04   3.0852E-04   4.3256E+00
   1.0900E+01   5.4843E+01   3.0315E+02   2.9510E+04   3.0878E-04   4.3262E+00
   1.1000E+01   5.4784E+01   3.0315E+02   2.9481E+04   3.0901E-04   4.3261E+00
   1.1100E+01   5.4726E+01   3.0315E+02   2.9454E+04   3.0922E-04   4.3257E+00
   1.1200E+01   5.4671E+01   3.0315E+02   2.9428E+04   3.0946E-04   4.3260E+00
   1.1300E+01   5.4614E+01   3.0315E+02   2.9400E+04   3.0969E-04   4.3259E+00
   1.1400E+01   5.4557E+01   3.0315E+02   2.9374E+04   3.0988E-04   4.3253E+00
   1.1500E+01   5.4504E+01   3.0315E+02   2.9346E+04   3.1018E-04   4.3265E+00
   1.1600E+01   5.4444E+01   3.0315E+02   2.9319E+04   3.1033E-04   4.3251E+00
   1.1700E+01   5.4392E+01   3.0315E+02   2.9294E+04   3.1055E-04   4.3254E+00
   1.1800E+01   5.4339E+01   3.0315E+02   2.9268E+04   3.1080E-04   4.3258E+00
   1.1900E+01   5.4284E+01   3.0315E+02   2.9242E+04   3.1099E-04   4.3252E+00
   1.2000E+01   5.4232E+01   3.0315E+02   2.9217E+04   3.1124E-04   4.3257E+00
   1.2100E+01   5.4176E+01   3.0315E+02   2.9190E+04   3.1143E-04   4.3252E+00
   1.2200E+01   5.4125E+01   3.0315E+02   2.9165E+04   3.1165E-04   4.3253E+00
   1.2300E+01   5.4073E+01   3.0315E+02   2.9141E+04   3.1187E-04   4.3253E+00
   1.2400E+01   5.4020E+01   3.0315E+02   2.9113E+04   3.1213E-04   4.3260E+00
   1.2500E+01   5.3964E+01   3.0315E+02   2.9088E+04   3.1227E-04   4.3244E+00
   1.2600E+01   5.3917E+01   3.0315E+02   2.9065E+04   3.1252E-04   4.3254E+00
   1.2700E+01   5.3865E+01   3.0315E+02   2.9040E+04   3.1273E-04   4.3252E+00
   1.2800E+01   5.3813E+01   3.0315E+02   2.9015E+04   3.1292E-04   4.3249E+00
   1.2900E+01   5.3764E+01   3.0315E+02   2.8991E+04   3.1315E-04   4.3252E+00
   1.3000E+01   5.3712E+01   3.0315E+02   2.8966E+04   3.1336E-04   4.3251E+00
   1.3100E+01   5.3662E+01   3.0315E+02   2.8942E+04   3.1356E-04   4.3249E+00
   1.3200E+01   5.3662E+01   3.0315E+02   2.8942E+04   3.1428E-04   4.3359E+00
   1.3300E+01   5.3544E+01   3.0315E+02   2.8886E+04   3.1391E-04   4.3224E+00
   1.3400E+01   5.3544E+01   3.0315E+02   2.8886E+04   3.1450E-04   4.3317E+00
   1.3500E+01   5.3453E+01   3.0315E+02   2.8839E+04   3.1442E-04   4.3244E+00
   1.3600E+01   5.3407E+01   3.0315E+02   2.8818E+04   3.1454E-04   4.3233E+00
   1.3700E+01   5.3368E+01   3.0315E+02   2.8797E+04   3.1483E-04   4.3252E+00
   1.3800E+01   5.3317E+01   3.0315E+02   2.8774E+04   3.1501E-04   4.3246E+00
   1.3900E+01   5.3269E+01   3.0315E+02   2.8750E+04   3.1523E-04   4.3249E+00
   1.4000E+01   5.3220E+01   3.0315E+02   2.8727E+04   3.1542E-04   4.3245E+00
   1.4100E+01   5.3174E+01   3.0315E+02   2.8704E+04   3.1564E-04   4.3248E+00
   1.4200E+01   5.3126E+01   3.0315E+02   2.8680E+04   3.1584E-04   4.3247E+00
   1.4300E+01   5.3078E+01   3.0315E+02   2.8657E+04   3.1604E-04   4.3245E+00
   1.4400E+01   5.3078E+01   3.0315E+02   2.8657E+04   3.1667E-04   4.3342E+00
   1.4500E+01   5.2972E+01   3.0315E+02   2.8604E+04   3.1646E-04   4.3237E+00
   1.4600E+01   5.2972E+01   3.0315E+02   2.8604E+04   3.1695E-04   4.3315E+00
   1.4700E+01   5.2882E+01   3.0315E+02   2.8562E+04   3.1681E-04   4.3232E+00
   1.4800E+01   5.2844E+01   3.0315E+02   2.8542E+04   3.1705E-04   4.3244E+00
   1.4900E+01   5.2798E+01   3.0315E+02   2.8520E+04   3.1724E-04   4.3243E+00
   1.5000E+01   5.2753E+01   3.0315E+02   2.8498E+04   3.1746E-04   4.3245E+00
   1.5100E+01   5.2707E+01   3.0315E+02   2.8476E+04   3.1766E-04   4.3245E+00
   1.5200E+01   5.2707E+01   3.0315E+02   2.8476E+04   3.1824E-04   4.3334E+00
   1.5300E+01   5.2607E+01   3.0315E+02   2.8427E+04   3.1808E-04   4.3240E+00
   1.5400E+01   5.2564E+01   3.0315E+02   2.8406E+04   3.1819E-04   4.3230E+00
   1.5500E+01   5.2527E+01   3.0315E+02   2.8388E+04   3.1844E-04   4.3243E+00
   1.5600E+01   5.2483E+01   3.0315E+02   2.8365E+04   3.1865E-04   4.3244E+00
   1.5700E+01   5.2437E+01   3.0315E+02   2.8344E+04   3.1883E-04   4.3241E+00
   1.5800E+01   5.2437E+01   3.0315E+02   2.8344E+04   3.1940E-04   4.3329E+00
   1.5900E+01   5.2341E+01   3.0315E+02   2.8297E+04   3.1922E-04   4.3233E+00
   1.6000E+01   5.2341E+01   3.0315E+02   2.8297E+04   3.1972E-04   4.3311E+00
   1.6100E+01   5.2255E+01   3.0315E+02   2.8254E+04   3.1967E-04   4.3242E+00
   1.6200E+01   5.2211E+01   3.0315E+02   2.8234E+04   3.1976E-04   4.3228E+00
   1.6300E+01   5.2176E+01   3.0315E+02   2.8216E+04   3.2001E-04   4.3242E+00
   1.6400E+01   5.2132E+01   3.0315E+02   2.8194E+04   3.2021E-04   4.3241E+00
   1.6500E+01   5.2132E+01   3.0315E+02   2.8194E+04   3.2075E-04   4.3324E+00
   1.6600E+01   5.2039E+01   3.0315E+02   2.8149E+04   3.2060E-04   4.3234E+00
   1.6700E+01   5.2000E+01   3.0315E+02   2.8130E+04   3.2076E-04   4.3234E+00
   1.6800E+01   5.1961E+01   3.0315E+02   2.8110E+04   3.2099E-04   4.3241E+00
   1.6900E+01   5.1918E+01   3.0315E+02   2.8089E+04   3.2118E-04   4.3240E+00
   1.7000E+01   5.1918E+01   3.0315E+02   2.8089E+04   3.2170E-04   4.3319E+00
   1.7100E+01   5.1828E+01   3.0315E+02   2.8046E+04   3.2156E-04   4.3234E+00
