<<<<<<< HEAD
          Time         dTime           E/N             E            AR           AR*          AR^+          E(W)        AR(W)*       AR(W)^+
=======
          Time         dTime           E/N             E            AR           AR*          AR^+          E(W)       AR(W)^+             1             2             3             4             5             6             7             V             J           MuN
  5.000000E-07  5.000000E-07  5.328922E+01  9.999995E-01  1.834734E+19  0.000000E+00  9.999995E-01  0.000000E+00  0.000000E+00  0.000000E+00  0.000000E+00  0.000000E+00  0.000000E+00  0.000000E+00  0.000000E+00  9.999985E-01  6.250000E+02  0.000000E+00
  1.000000E-06  5.000000E-07  1.052663E+02  1.343339E+04  1.834734E+19  2.144790E+07  1.343339E+04  0.000000E+00  0.000000E+00  4.813123E+13  7.667702E+03  2.424133E+12  2.196364E+04  2.576070E+05  1.180536E+12  2.424134E+12  6.250000E+02  7.905476E-07
  1.500000E-06  5.000000E-07  1.546513E+02  4.371263E+04  1.834734E+19  2.467361E+08  4.371263E+04  0.000000E+00  0.000000E+00  4.583389E+14  3.147458E+05  8.352579E+13  9.285807E+05  3.409207E+07  1.358085E+13  8.352583E+13  6.250000E+02  4.688163E-06
  2.000000E-06  5.000000E-07  2.002284E+02  7.447265E+04  1.834734E+19  9.235229E+08  7.447265E+04  0.000000E+00  0.000000E+00  1.386000E+15  2.121526E+06  4.130379E+14  6.344378E+06  4.776209E+08  5.083255E+13  4.130383E+14  6.250000E+02  1.134413E-05
  2.500000E-06  5.000000E-07  2.408751E+02  1.031156E+05  1.834734E+19  2.283200E+09  1.031156E+05  0.000000E+00  0.000000E+00  2.807844E+15  7.553887E+06  1.096407E+15  2.277186E+07  2.919282E+09  1.256719E+14  1.096410E+15  6.250000E+02  1.996111E-05
  3.000000E-06  5.000000E-07  2.755907E+02  1.286394E+05  1.834734E+19  4.483079E+09  1.286394E+05  0.000000E+00  0.000000E+00  4.593872E+15  1.906193E+07  2.128726E+15  5.777657E+07  1.125488E+10  2.467577E+14  2.128737E+15  6.250000E+02  2.960795E-05
  3.500000E-06  5.000000E-07  3.035204E+02  1.504560E+05  1.834734E+19  7.510097E+09  1.504560E+05  0.000000E+00  0.000000E+00  6.543518E+15  3.819976E+07  3.405839E+15  1.162268E+08  3.158487E+10  4.133708E+14  3.405871E+15  6.250000E+02  3.933838E-05
  4.000000E-06  5.000000E-07  3.239763E+02  1.680629E+05  1.834734E+19  1.100029E+10  1.680629E+05  0.000000E+00  0.000000E+00  8.423487E+15  6.357563E+07  4.746893E+15  1.939645E+08  6.776363E+10  6.054783E+14  4.746960E+15  6.250000E+02  4.822671E-05
  4.500000E-06  5.000000E-07  3.364549E+02  1.808937E+05  1.834734E+19  1.552994E+10  1.808937E+05  0.000000E+00  0.000000E+00  9.968597E+15  9.772673E+07  5.919166E+15  2.986904E+08  1.350603E+11  8.547992E+14  5.919301E+15  6.250000E+02  5.525472E-05
  5.000000E-06  5.000000E-07  3.406489E+02  1.887689E+05  1.834734E+19  2.046893E+10  1.887689E+05  0.000000E+00  0.000000E+00  1.099817E+16  1.353555E+08  6.726296E+15  4.141286E+08  2.346271E+11  1.126651E+15  6.726531E+15  6.250000E+02  5.983573E-05
  5.500000E-06  5.000000E-07  3.364550E+02  1.914224E+05  1.834734E+19  2.544070E+10  1.914224E+05  0.000000E+00  0.000000E+00  1.135733E+16  1.709897E+08  7.013840E+15  5.233334E+08  3.624483E+11  1.400307E+15  7.014203E+15  6.250000E+02  6.142016E-05
  6.000000E-06  5.000000E-07  3.239764E+02  1.887728E+05  1.834734E+19  3.019765E+10  1.887728E+05  0.000000E+00  0.000000E+00  1.099839E+16  1.996931E+08  6.726434E+15  6.109733E+08  5.106631E+11  1.662140E+15  6.726946E+15  6.250000E+02  5.983696E-05
  6.500000E-06  5.000000E-07  3.035205E+02  1.809018E+05  1.834734E+19  3.439118E+10  1.809018E+05  0.000000E+00  0.000000E+00  9.969041E+15  2.164263E+08  5.919429E+15  6.614818E+08  6.623420E+11  1.892960E+15  5.920092E+15  6.250000E+02  5.525718E-05
  7.000000E-06  5.000000E-07  2.755908E+02  1.680758E+05  1.834734E+19  3.763832E+10  1.680758E+05  0.000000E+00  0.000000E+00  8.424131E+15  2.175453E+08  4.747256E+15  6.637144E+08  7.933200E+11  2.071688E+15  4.748049E+15  6.250000E+02  4.823039E-05
  7.500000E-06  5.000000E-07  2.408753E+02  1.504750E+05  1.834734E+19  3.997311E+10  1.504750E+05  0.000000E+00  0.000000E+00  6.544347E+15  2.033471E+08  3.406271E+15  6.187051E+08  8.947959E+11  2.200201E+15  3.407167E+15  6.250000E+02  3.934337E-05
  8.000000E-06  5.000000E-07  2.002285E+02  1.286680E+05  1.834734E+19  4.136817E+10  1.286680E+05  0.000000E+00  0.000000E+00  4.594894E+15  1.759354E+08  2.129199E+15  5.332591E+08  9.583422E+11  2.276987E+15  2.130158E+15  6.250000E+02  2.961454E-05
  8.500000E-06  5.000000E-07  1.546515E+02  1.031616E+05  1.834734E+19  4.187210E+10  1.031616E+05  0.000000E+00  0.000000E+00  2.809097E+15  1.385942E+08  1.096896E+15  4.178044E+08  9.818325E+11  2.304724E+15  1.097878E+15  6.250000E+02  1.997001E-05
  9.000000E-06  5.000000E-07  1.052665E+02  7.455909E+04  1.834734E+19  4.141954E+10  7.455909E+04  0.000000E+00  0.000000E+00  1.387609E+15  9.525984E+07  4.135173E+14  2.848725E+08  9.607239E+11  2.279815E+15  4.144783E+14  6.250000E+02  1.135730E-05
  9.500000E-06  5.000000E-07  5.328943E+01  4.395132E+04  1.834734E+19  4.052157E+10  4.395132E+04  0.000000E+00  0.000000E+00  4.608416E+14  5.197309E+07  8.398188E+13  1.533339E+08  9.195185E+11  2.230388E+15  8.490159E+13  6.250000E+02  4.713763E-06
  1.000000E-05  5.000000E-07  2.165726E-04  1.539702E+04  1.834734E+19  3.944806E+10  1.539702E+04  0.000000E+00  0.000000E+00  5.516686E+13  1.616432E+07  2.778483E+12  4.630165E+07  8.714438E+11  2.171301E+15  3.650146E+12  6.250000E+02  9.061065E-07
  1.050000E-05  5.000000E-07  5.328900E+01  9.379202E+03  1.834734E+19  3.837638E+10  9.379202E+03  0.000000E+00  0.000000E+00  0.000000E+00  3.036430E+05  0.000000E+00  0.000000E+00  8.247380E+11  2.112313E+15  8.250830E+11  6.250000E+02  4.249617E-10
  1.100000E-05  5.000000E-07  1.052661E+02  1.522527E+04  1.834734E+19  3.736068E+10  1.522527E+04  0.000000E+00  0.000000E+00  5.455148E+13  1.513822E+07  2.747490E+12  4.336246E+07  7.816595E+11  2.056407E+15  3.529354E+12  6.250000E+02  8.959991E-07
  1.150000E-05  5.000000E-07  1.546511E+02  4.390737E+04  1.834734E+19  3.657354E+10  4.390737E+04  0.000000E+00  0.000000E+00  4.603807E+14  4.686243E+07  8.389790E+13  1.382562E+08  7.490694E+11  2.013081E+15  8.464712E+13  6.250000E+02  4.709049E-06
  1.200000E-05  5.000000E-07  2.002282E+02  7.453893E+04  1.834734E+19  3.626469E+10  7.453893E+04  0.000000E+00  0.000000E+00  1.387234E+15  8.338176E+07  4.134055E+14  2.493514E+08  7.364716E+11  1.996081E+15  4.141422E+14  6.250000E+02  1.135423E-05
  1.250000E-05  5.000000E-07  2.408750E+02  1.031508E+05  1.834734E+19  3.666398E+10  1.031508E+05  0.000000E+00  0.000000E+00  2.808804E+15  1.213429E+08  1.096782E+15  3.657990E+08  7.527785E+11  2.018059E+15  1.097535E+15  6.250000E+02  1.996793E-05
  1.300000E-05  5.000000E-07  2.755906E+02  1.286630E+05  1.834734E+19  3.757861E+10  1.286630E+05  0.000000E+00  0.000000E+00  4.594713E+15  1.598125E+08  2.129116E+15  4.843906E+08  7.908053E+11  2.068402E+15  2.129907E+15  6.250000E+02  2.961337E-05
  1.350000E-05  5.000000E-07  3.035203E+02  1.504747E+05  1.834734E+19  3.961062E+10  1.504747E+05  0.000000E+00  0.000000E+00  6.544332E+15  2.015026E+08  3.406263E+15  6.130930E+08  8.786408E+11  2.180248E+15  3.407142E+15  6.250000E+02  3.934327E-05
  1.400000E-05  5.000000E-07  3.239763E+02  1.680798E+05  1.834734E+19  4.266356E+10  1.680798E+05  0.000000E+00  0.000000E+00  8.424331E+15  2.465966E+08  4.747369E+15  7.523475E+08  1.019300E+12  2.348288E+15  4.748389E+15  6.250000E+02  4.823154E-05
  1.450000E-05  5.000000E-07  3.364549E+02  1.809101E+05  1.834734E+19  4.637780E+10  1.809101E+05  0.000000E+00  0.000000E+00  9.969498E+15  2.918724E+08  5.919701E+15  8.920739E+08  1.204504E+12  2.552728E+15  5.920906E+15  6.250000E+02  5.525972E-05
  1.500000E-05  5.000000E-07  3.406489E+02  1.887856E+05  1.834734E+19  5.048774E+10  1.887856E+05  0.000000E+00  0.000000E+00  1.099914E+16  3.338915E+08  6.726893E+15  1.021562E+09  1.427447E+12  2.778947E+15  6.728321E+15  6.250000E+02  5.984104E-05
  1.550000E-05  5.000000E-07  3.364550E+02  1.914403E+05  1.834734E+19  5.464706E+10  1.914403E+05  0.000000E+00  0.000000E+00  1.135839E+16  3.673231E+08  7.014495E+15  1.124234E+09  1.672329E+12  3.007884E+15  7.016168E+15  6.250000E+02  6.142590E-05
  1.600000E-05  5.000000E-07  3.239765E+02  1.887926E+05  1.834734E+19  5.861134E+10  1.887926E+05  0.000000E+00  0.000000E+00  1.099955E+16  3.876297E+08  6.727141E+15  1.185977E+09  1.923762E+12  3.226086E+15  6.729065E+15  6.250000E+02  5.984325E-05
  1.650000E-05  5.000000E-07  3.035206E+02  1.809248E+05  1.834734E+19  6.220718E+10  1.809248E+05  0.000000E+00  0.000000E+00  9.970308E+15  3.915242E+08  5.920182E+15  1.196648E+09  2.167051E+12  3.424008E+15  5.922350E+15  6.250000E+02  5.526421E-05
  1.700000E-05  5.000000E-07  2.755910E+02  1.681032E+05  1.834734E+19  6.470820E+10  1.681032E+05  0.000000E+00  0.000000E+00  8.425507E+15  3.740674E+08  4.748031E+15  1.141251E+09  2.344805E+12  3.561669E+15  4.750377E+15  6.250000E+02  4.823827E-05
  1.750000E-05  5.000000E-07  2.408754E+02  1.505094E+05  1.834734E+19  6.617996E+10  1.505094E+05  0.000000E+00  0.000000E+00  6.545843E+15  3.367409E+08  3.407050E+15  1.024570E+09  2.452681E+12  3.642678E+15  3.409503E+15  6.250000E+02  3.935236E-05
  1.800000E-05  5.000000E-07  2.002287E+02  1.287142E+05  1.834734E+19  6.667547E+10  1.287142E+05  0.000000E+00  0.000000E+00  4.596544E+15  2.836672E+08  2.129964E+15  8.597933E+08  2.489546E+12  3.669952E+15  2.132455E+15  6.250000E+02  2.962518E-05
  1.850000E-05  5.000000E-07  1.546517E+02  1.032320E+05  1.834734E+19  6.657022E+10  1.032320E+05  0.000000E+00  0.000000E+00  2.811014E+15  2.204938E+08  1.097644E+15  6.646981E+08  2.481693E+12  3.664159E+15  1.100127E+15  6.250000E+02  1.998364E-05
  1.900000E-05  5.000000E-07  1.052667E+02  7.468796E+04  1.834734E+19  6.544759E+10  7.468796E+04  0.000000E+00  0.000000E+00  1.390007E+15  1.507815E+08  4.142320E+14  4.509090E+08  2.398697E+12  3.602367E+15  4.166312E+14  6.250000E+02  1.137693E-05
  1.950000E-05  5.000000E-07  5.328965E+01  4.429916E+04  1.834734E+19  6.389932E+10  4.429916E+04  0.000000E+00  0.000000E+00  4.644888E+14  8.260610E+07  8.464654E+13  2.437091E+08  2.286549E+12  3.517147E+15  8.693339E+13  6.250000E+02  4.751069E-06
  2.000000E-05  5.000000E-07  4.331451E-04  1.745277E+04  1.834734E+19  6.219556E+10  1.745277E+04  0.000000E+00  0.000000E+00  6.253249E+13  2.888807E+07  3.149454E+12  8.274803E+07  2.166241E+12  3.423368E+15  5.316096E+12  6.250000E+02  1.027086E-06
  2.050000E-05  5.000000E-07  5.328879E+01  1.270448E+04  1.834734E+19  6.050502E+10  1.270448E+04  0.000000E+00  0.000000E+00  0.000000E+00  6.565773E+05  0.000000E+00  0.000000E+00  2.050080E+12  3.330318E+15  2.050549E+12  6.250000E+02  1.176737E-09
  2.100000E-05  5.000000E-07  1.052659E+02  1.714024E+04  1.834734E+19  5.889096E+10  1.714024E+04  0.000000E+00  0.000000E+00  6.141273E+13  2.686337E+07  3.093057E+12  7.694840E+07  1.942161E+12  3.241477E+15  5.035595E+12  6.250000E+02  1.008694E-06
  2.150000E-05  5.000000E-07  1.546510E+02  4.418966E+04  1.834734E+19  5.751881E+10  4.418966E+04  0.000000E+00  0.000000E+00  4.633406E+14  7.417387E+07  8.443729E+13  2.188319E+08  1.852712E+12  3.165951E+15  8.629028E+13  6.250000E+02  4.739324E-06
  2.200000E-05  5.000000E-07  2.002280E+02  7.463408E+04  1.834734E+19  5.664057E+10  7.463408E+04  0.000000E+00  0.000000E+00  1.389005E+15  1.303973E+08  4.139332E+14  3.899505E+08  1.796566E+12  3.117611E+15  4.157302E+14  6.250000E+02  1.136872E-05
  2.250000E-05  5.000000E-07  2.408748E+02  1.031994E+05  1.834734E+19  5.648776E+10  1.031994E+05  0.000000E+00  0.000000E+00  2.810126E+15  1.870397E+08  1.097298E+15  5.638476E+08  1.786886E+12  3.109200E+15  1.099085E+15  6.250000E+02  1.997733E-05
  2.300000E-05  5.000000E-07  2.755905E+02  1.286938E+05  1.834734E+19  5.689029E+10  1.286938E+05  0.000000E+00  0.000000E+00  4.595815E+15  2.419982E+08  2.129626E+15  7.334950E+08  1.812443E+12  3.131356E+15  2.131439E+15  6.250000E+02  2.962047E-05
  2.350000E-05  5.000000E-07  3.035202E+02  1.504975E+05  1.834734E+19  5.840773E+10  1.504975E+05  0.000000E+00  0.000000E+00  6.545322E+15  2.971701E+08  3.406779E+15  9.041713E+08  1.910419E+12  3.214879E+15  3.408690E+15  6.250000E+02  3.934923E-05
  2.400000E-05  5.000000E-07  3.239762E+02  1.680984E+05  1.834734E+19  6.087081E+10  1.680984E+05  0.000000E+00  0.000000E+00  8.425268E+15  3.518741E+08  4.747896E+15  1.073541E+09  2.074943E+12  3.350452E+15  4.749972E+15  6.250000E+02  4.823690E-05
  2.450000E-05  5.000000E-07  3.364549E+02  1.809266E+05  1.834734E+19  6.387121E+10  1.809266E+05  0.000000E+00  0.000000E+00  9.970407E+15  4.020013E+08  5.920241E+15  1.228670E+09  2.284537E+12  3.515600E+15  5.922526E+15  6.250000E+02  5.526476E-05
  2.500000E-05  5.000000E-07  3.406489E+02  1.888014E+05  1.834734E+19  6.754659E+10  1.888014E+05  0.000000E+00  0.000000E+00  1.100006E+16  4.467445E+08  6.727457E+15  1.366842E+09  2.555023E+12  3.717900E+15  6.730013E+15  6.250000E+02  5.984606E-05
  2.550000E-05  5.000000E-07  3.364550E+02  1.914562E+05  1.834734E+19  7.121493E+10  1.914562E+05  0.000000E+00  0.000000E+00  1.135933E+16  4.787278E+08  7.015079E+15  1.465201E+09  2.840077E+12  3.919813E+15  7.017920E+15  6.250000E+02  6.143101E-05
  2.600000E-05  5.000000E-07  3.239765E+02  1.888094E+05  1.834734E+19  7.471874E+10  1.888094E+05  0.000000E+00  0.000000E+00  1.100053E+16  4.942012E+08  6.727742E+15  1.512039E+09  3.126419E+12  4.112670E+15  6.730869E+15  6.250000E+02  5.984859E-05
  2.650000E-05  5.000000E-07  3.035207E+02  1.809436E+05  1.834734E+19  7.792128E+10  1.809436E+05  0.000000E+00  0.000000E+00  9.971346E+15  4.904778E+08  5.920798E+15  1.499088E+09  3.400167E+12  4.288944E+15  5.924200E+15  6.250000E+02  5.526996E-05
  2.700000E-05  5.000000E-07  2.755911E+02  1.681252E+05  1.834734E+19  8.004366E+10  1.681252E+05  0.000000E+00  0.000000E+00  8.426609E+15  4.627797E+08  4.748652E+15  1.411906E+09  3.587913E+12  4.405764E+15  4.752242E+15  6.250000E+02  4.824458E-05
  2.750000E-05  5.000000E-07  2.408756E+02  1.505369E+05  1.834734E+19  8.127854E+10  1.505369E+05  0.000000E+00  0.000000E+00  6.547039E+15  4.136420E+08  3.407672E+15  1.258549E+09  3.699472E+12  4.473734E+15  3.411373E+15  6.250000E+02  3.935955E-05
  2.800000E-05  5.000000E-07  2.002289E+02  1.287518E+05  1.834734E+19  8.165929E+10  1.287518E+05  0.000000E+00  0.000000E+00  4.597885E+15  3.475163E+08  2.130585E+15  1.053320E+09  3.734214E+12  4.494691E+15  2.134321E+15  6.250000E+02  2.963382E-05
  2.850000E-05  5.000000E-07  1.546519E+02  1.032871E+05  1.834734E+19  8.083248E+10  1.032871E+05  0.000000E+00  0.000000E+00  2.812515E+15  2.678763E+08  1.098231E+15  8.075367E+08  3.658979E+12  4.449182E+15  1.101890E+15  6.250000E+02  1.999431E-05
  2.900000E-05  5.000000E-07  1.052669E+02  7.478830E+04  1.834734E+19  7.932281E+10  7.478830E+04  0.000000E+00  0.000000E+00  1.391875E+15  1.829935E+08  4.147885E+14  5.472382E+08  3.523581E+12  4.366087E+15  4.183127E+14  6.250000E+02  1.139221E-05
  2.950000E-05  5.000000E-07  5.328986E+01  4.456539E+04  1.834734E+19  7.739664E+10  4.456539E+04  0.000000E+00  0.000000E+00  4.672803E+14  1.006561E+08  8.515524E+13  2.969613E+08  3.354534E+12  4.260067E+15  8.851016E+13  6.250000E+02  4.779621E-06
  3.000000E-05  5.000000E-07  6.497177E-04  1.871524E+04  1.834734E+19  7.532573E+10  1.871524E+04  0.000000E+00  0.000000E+00  6.705587E+13  3.751747E+07  3.377274E+12  1.074664E+08  3.177421E+12  4.146080E+15  6.555200E+12  6.250000E+02  1.101382E-06
  3.050000E-05  5.000000E-07  5.328858E+01  1.443455E+04  1.834734E+19  7.327782E+10  1.443455E+04  0.000000E+00  0.000000E+00  0.000000E+00  9.220555E+05  0.000000E+00  0.000000E+00  3.006998E+12  4.033359E+15  3.007530E+12  6.250000E+02  2.067459E-09
  3.100000E-05  5.000000E-07  1.052657E+02  1.832744E+04  1.834734E+19  7.131828E+10  1.832744E+04  0.000000E+00  0.000000E+00  6.566640E+13  3.478544E+07  3.307293E+12  9.964067E+07  2.848327E+12  3.925502E+15  6.156093E+12  6.250000E+02  1.078560E-06
  3.150000E-05  5.000000E-07  1.546508E+02  4.440615E+04  1.834734E+19  6.960962E+10  4.440615E+04  0.000000E+00  0.000000E+00  4.656107E+14  9.020546E+07  8.485098E+13  2.661292E+08  2.713480E+12  3.831453E+15  8.756479E+13  6.250000E+02  4.762544E-06
  3.200000E-05  5.000000E-07  2.002278E+02  7.470776E+04  1.834734E+19  6.840444E+10  7.470776E+04  0.000000E+00  0.000000E+00  1.390376E+15  1.576355E+08  4.143418E+14  4.714055E+08  2.620333E+12  3.765118E+15  4.169627E+14  6.250000E+02  1.137995E-05
  3.250000E-05  5.000000E-07  2.408747E+02  1.032368E+05  1.834734E+19  6.793264E+10  1.032368E+05  0.000000E+00  0.000000E+00  2.811145E+15  2.250169E+08  1.097695E+15  6.783333E+08  2.584312E+12  3.739149E+15  1.100280E+15  6.250000E+02  1.998457E-05
  3.300000E-05  5.000000E-07  2.755903E+02  1.287179E+05  1.834734E+19  6.829582E+10  1.287179E+05  0.000000E+00  0.000000E+00  4.596676E+15  2.905692E+08  2.130025E+15  8.807134E+08  2.612019E+12  3.759139E+15  2.132638E+15  6.250000E+02  2.962603E-05
  3.350000E-05  5.000000E-07  3.035201E+02  1.505150E+05  1.834734E+19  6.949363E+10  1.505150E+05  0.000000E+00  0.000000E+00  6.546085E+15  3.536147E+08  3.407175E+15  1.075910E+09  2.704444E+12  3.825069E+15  3.409881E+15  6.250000E+02  3.935381E-05
  3.400000E-05  5.000000E-07  3.239761E+02  1.681126E+05  1.834734E+19  7.166416E+10  1.681126E+05  0.000000E+00  0.000000E+00  8.425978E+15  4.143018E+08  4.748297E+15  1.264004E+09  2.876021E+12  3.944539E+15  4.751174E+15  6.250000E+02  4.824097E-05
  3.450000E-05  5.000000E-07  3.364548E+02  1.809391E+05  1.834734E+19  7.445038E+10  1.809391E+05  0.000000E+00  0.000000E+00  9.971097E+15  4.686184E+08  5.920650E+15  1.432278E+09  3.104001E+12  4.097899E+15  5.923756E+15  6.250000E+02  5.526858E-05
  3.500000E-05  5.000000E-07  3.406489E+02  1.888132E+05  1.834734E+19  7.782095E+10  1.888132E+05  0.000000E+00  0.000000E+00  1.100075E+16  5.147298E+08  6.727875E+15  1.574848E+09  3.391416E+12  4.283421E+15  6.731268E+15  6.250000E+02  5.984977E-05
  3.550000E-05  5.000000E-07  3.364551E+02  1.914679E+05  1.834734E+19  8.126851E+10  1.914679E+05  0.000000E+00  0.000000E+00  1.136003E+16  5.463443E+08  7.015508E+15  1.672149E+09  3.698559E+12  4.473182E+15  7.019208E+15  6.250000E+02  6.143477E-05
  3.600000E-05  5.000000E-07  3.239766E+02  1.888217E+05  1.834734E+19  8.451159E+10  1.888217E+05  0.000000E+00  0.000000E+00  1.100124E+16  5.590089E+08  6.728179E+15  1.710322E+09  3.999637E+12  4.651688E+15  6.732180E+15  6.250000E+02  5.985248E-05
  3.650000E-05  5.000000E-07  3.035208E+02  1.809567E+05  1.834734E+19  8.719338E+10  1.809567E+05  0.000000E+00  0.000000E+00  9.972067E+15  5.488810E+08  5.921226E+15  1.677591E+09  4.257504E+12  4.799299E+15  5.925486E+15  6.250000E+02  5.527396E-05
  3.700000E-05  5.000000E-07  2.755912E+02  1.681405E+05  1.834734E+19  8.918082E+10  1.681405E+05  0.000000E+00  0.000000E+00  8.427377E+15  5.156540E+08  4.749085E+15  1.573221E+09  4.453803E+12  4.908692E+15  4.753540E+15  6.250000E+02  4.824898E-05
  3.750000E-05  5.000000E-07  2.408757E+02  1.505554E+05  1.834734E+19  9.000175E+10  1.505554E+05  0.000000E+00  0.000000E+00  6.547842E+15  4.580922E+08  3.408090E+15  1.393794E+09  4.536177E+12  4.953877E+15  3.412628E+15  6.250000E+02  3.936438E-05
  3.800000E-05  5.000000E-07  2.002291E+02  1.287768E+05  1.834734E+19  9.030142E+10  1.287768E+05  0.000000E+00  0.000000E+00  4.598780E+15  3.843694E+08  2.131000E+15  1.165021E+09  4.566434E+12  4.970372E+15  2.135568E+15  6.250000E+02  2.963959E-05
  3.850000E-05  5.000000E-07  1.546521E+02  1.287763E+05  1.834734E+19  9.011496E+10  1.287763E+05  0.000000E+00  0.000000E+00  3.506587E+15  3.723359E+08  1.369252E+15  1.122440E+09  4.547595E+12  4.960108E+15  2.135540E+15  6.250000E+02  2.492850E-05
  3.900000E-05  5.000000E-07  1.052671E+02  7.486367E+04  1.834734E+19  8.835147E+10  7.486367E+04  0.000000E+00  0.000000E+00  1.393277E+15  2.040276E+08  4.152065E+14  6.101400E+08  4.371351E+12  4.863043E+15  4.195785E+14  6.250000E+02  1.140369E-05
  3.950000E-05  5.000000E-07  5.329007E+01  4.476297E+04  1.834734E+19  8.618295E+10  4.476297E+04  0.000000E+00  0.000000E+00  4.693520E+14  1.125798E+08  8.553277E+13  3.321393E+08  4.159400E+12  4.743683E+15  8.969261E+13  6.250000E+02  4.800812E-06
  4.000000E-05  5.000000E-07  8.662902E-04  1.954582E+04  1.834734E+19  8.387423E+10  1.954582E+04  0.000000E+00  0.000000E+00  7.003179E+13  4.362920E+07  3.527157E+12  1.249731E+08  3.939537E+12  4.616606E+15  7.467262E+12  6.250000E+02  1.150261E-06
  4.050000E-05  5.000000E-07  5.328836E+01  1.550704E+04  1.834734E+19  8.159551E+10  1.550704E+04  0.000000E+00  0.000000E+00  0.000000E+00  1.136620E+06  0.000000E+00  0.000000E+00  3.728383E+12  4.491181E+15  3.728954E+12  6.250000E+02  3.062829E-09
  4.100000E-05  5.000000E-07  1.052655E+02  1.911178E+04  1.834734E+19  7.941080E+10  1.911178E+04  0.000000E+00  0.000000E+00  6.847667E+13  4.039016E+07  3.448833E+12  1.156950E+08  3.531402E+12  4.370930E+15  6.980772E+12  6.250000E+02  1.124718E-06
  4.150000E-05  5.000000E-07  1.546506E+02  4.456725E+04  1.834734E+19  7.748342E+10  4.456725E+04  0.000000E+00  0.000000E+00  4.672998E+14  1.007732E+08  8.515879E+13  2.973066E+08  3.362061E+12  4.264843E+15  8.852123E+13  6.250000E+02  4.779821E-06
  4.200000E-05  5.000000E-07  2.002277E+02  7.476305E+04  1.834734E+19  7.606490E+10  7.476305E+04  0.000000E+00  0.000000E+00  1.391405E+15  1.754184E+08  4.146485E+14  5.245851E+08  3.240086E+12  4.186765E+15  4.178891E+14  6.250000E+02  1.138837E-05
  4.250000E-05  5.000000E-07  2.408745E+02  1.032648E+05  1.834734E+19  7.538455E+10  1.032648E+05  0.000000E+00  0.000000E+00  2.811908E+15  2.497680E+08  1.097993E+15  7.529479E+08  3.182385E+12  4.149317E+15  1.101176E+15  6.250000E+02  1.998999E-05
  4.300000E-05  5.000000E-07  2.755902E+02  1.287357E+05  1.834734E+19  7.559027E+10  1.287357E+05  0.000000E+00  0.000000E+00  4.597309E+15  3.216482E+08  2.130319E+15  9.749137E+08  3.199778E+12  4.160640E+15  2.133520E+15  6.250000E+02  2.963011E-05
  4.350000E-05  5.000000E-07  3.035200E+02  1.505270E+05  1.834734E+19  7.616710E+10  1.505270E+05  0.000000E+00  0.000000E+00  6.546607E+15  3.876033E+08  3.407447E+15  1.179324E+09  3.248800E+12  4.192390E+15  3.410697E+15  6.250000E+02  3.935695E-05
  4.400000E-05  5.000000E-07  3.239761E+02  1.681219E+05  1.834734E+19  7.791550E+10  1.681219E+05  0.000000E+00  0.000000E+00  8.426442E+15  4.504666E+08  4.748558E+15  1.374340E+09  3.399662E+12  4.288625E+15  4.751959E+15  6.250000E+02  4.824363E-05
  4.450000E-05  5.000000E-07  3.364548E+02  1.809471E+05  1.834734E+19  8.049868E+10  1.809471E+05  0.000000E+00  0.000000E+00  9.971539E+15  5.067111E+08  5.920913E+15  1.548704E+09  3.628821E+12  4.430809E+15  5.924544E+15  6.250000E+02  5.527103E-05
  4.500000E-05  5.000000E-07  3.406489E+02  1.888204E+05  1.834734E+19  8.350915E+10  1.888204E+05  0.000000E+00  0.000000E+00  1.100117E+16  5.523743E+08  6.728131E+15  1.690023E+09  3.905316E+12  4.596512E+15  6.732038E+15  6.250000E+02  5.985206E-05
  4.550000E-05  5.000000E-07  3.364551E+02  1.914750E+05  1.834734E+19  8.678190E+10  1.914750E+05  0.000000E+00  0.000000E+00  1.136045E+16  5.834307E+08  7.015767E+15  1.785656E+09  4.217415E+12  4.776650E+15  7.019986E+15  6.250000E+02  6.143704E-05
  4.600000E-05  5.000000E-07  3.239767E+02  1.888291E+05  1.834734E+19  8.991132E+10  1.888291E+05  0.000000E+00  0.000000E+00  1.100167E+16  5.947491E+08  6.728442E+15  1.819672E+09  4.527066E+12  4.948900E+15  6.732971E+15  6.250000E+02  5.985482E-05
  4.650000E-05  5.000000E-07  3.035209E+02  1.809647E+05  1.834734E+19  9.241665E+10  1.809647E+05  0.000000E+00  0.000000E+00  9.972509E+15  5.817872E+08  5.921489E+15  1.778165E+09  4.782869E+12  5.086798E+15  5.926273E+15  6.250000E+02  5.527641E-05
  4.700000E-05  5.000000E-07  2.755913E+02  1.681496E+05  1.834734E+19  9.417955E+10  1.681496E+05  0.000000E+00  0.000000E+00  8.427832E+15  5.445866E+08  4.749341E+15  1.661493E+09  4.967081E+12  5.183832E+15  4.754310E+15  6.250000E+02  4.825158E-05
  4.750000E-05  5.000000E-07  2.408759E+02  1.505667E+05  1.834734E+19  9.494606E+10  1.505667E+05  0.000000E+00  0.000000E+00  6.548333E+15  4.832941E+08  3.408346E+15  1.470473E+09  5.048263E+12  5.226022E+15  3.413395E+15  6.250000E+02  3.936733E-05
  4.800000E-05  5.000000E-07  2.002292E+02  1.287906E+05  1.834734E+19  9.472020E+10  1.287906E+05  0.000000E+00  0.000000E+00  4.599272E+15  4.032211E+08  2.131228E+15  1.222161E+09  5.024273E+12  5.213590E+15  2.136254E+15  6.250000E+02  2.964276E-05
  4.850000E-05  5.000000E-07  1.546523E+02  1.033481E+05  1.834734E+19  9.413501E+10  1.033481E+05  0.000000E+00  0.000000E+00  2.814174E+15  3.121445E+08  1.098879E+15  9.409871E+08  4.962384E+12  5.181380E+15  1.103842E+15  6.250000E+02  2.000611E-05
  4.900000E-05  5.000000E-07  1.052673E+02  7.489877E+04  1.834734E+19  9.226455E+10  7.489877E+04  0.000000E+00  0.000000E+00  1.393931E+15  2.131638E+08  4.154012E+14  6.374618E+08  4.767138E+12  5.078426E+15  4.201690E+14  6.250000E+02  1.140904E-05
  4.950000E-05  5.000000E-07  5.329029E+01  4.485431E+04  1.834734E+19  8.999048E+10  4.485431E+04  0.000000E+00  0.000000E+00  4.703097E+14  1.177935E+08  8.570731E+13  3.475208E+08  4.535041E+12  4.953257E+15  9.024281E+13  6.250000E+02  4.810608E-06
  5.000000E-05  5.000000E-07  1.082863E-03  1.990624E+04  1.834734E+19  8.757870E+10  1.990624E+04  0.000000E+00  0.000000E+00  7.132316E+13  4.639621E+07  3.592197E+12  1.328990E+08  4.295216E+12  4.820508E+15  7.888009E+12  6.250000E+02  1.171471E-06
  5.050000E-05  5.000000E-07  5.328815E+01  1.596002E+04  1.834734E+19  8.519719E+10  1.596002E+04  0.000000E+00  0.000000E+00  0.000000E+00  1.269800E+06  0.000000E+00  0.000000E+00  4.064794E+12  4.689424E+15  4.065368E+12  6.250000E+02  4.063701E-09
  5.100000E-05  5.000000E-07  1.052652E+02  1.945250E+04  1.834734E+19  8.291502E+10  1.945250E+04  0.000000E+00  0.000000E+00  6.969746E+13  4.292434E+07  3.510318E+12  1.229540E+08  3.849945E+12  4.563810E+15  7.360826E+12  6.250000E+02  1.144769E-06
  5.150000E-05  5.000000E-07  1.546504E+02  4.464175E+04  1.834734E+19  8.089204E+10  4.464175E+04  0.000000E+00  0.000000E+00  4.680810E+14  1.053822E+08  8.530115E+13  3.109045E+08  3.664372E+12  4.452460E+15  8.896592E+13  6.250000E+02  4.787811E-06
  5.200000E-05  5.000000E-07  2.002275E+02  7.478876E+04  1.834734E+19  7.938106E+10  7.478876E+04  0.000000E+00  0.000000E+00  1.391883E+15  1.831290E+08  4.147911E+14  5.476434E+08  3.528757E+12  4.369293E+15  4.183204E+14  6.250000E+02  1.139228E-05
  5.250000E-05  5.000000E-07  2.408743E+02  1.032778E+05  1.834734E+19  7.861092E+10  1.032778E+05  0.000000E+00  0.000000E+00  2.812262E+15  2.604907E+08  1.098132E+15  7.852722E+08  3.460619E+12  4.326903E+15  1.101593E+15  6.250000E+02  1.999251E-05
  5.300000E-05  5.000000E-07  2.755901E+02  1.287436E+05  1.834734E+19  7.863102E+10  1.287436E+05  0.000000E+00  0.000000E+00  4.597592E+15  3.346077E+08  2.130450E+15  1.014194E+09  3.462389E+12  4.328009E+15  2.133913E+15  6.250000E+02  2.963193E-05
  5.350000E-05  5.000000E-07  3.035199E+02  1.505321E+05  1.834734E+19  7.881915E+10  1.505321E+05  0.000000E+00  0.000000E+00  6.546828E+15  4.011127E+08  3.407562E+15  1.220428E+09  3.478976E+12  4.338364E+15  3.411042E+15  6.250000E+02  3.935828E-05
  5.400000E-05  5.000000E-07  3.239760E+02  1.681264E+05  1.834734E+19  8.078690E+10  1.681264E+05  0.000000E+00  0.000000E+00  8.426669E+15  4.670801E+08  4.748686E+15  1.425026E+09  3.654853E+12  4.446673E+15  4.752342E+15  6.250000E+02  4.824492E-05
  5.450000E-05  5.000000E-07  3.364548E+02  1.809513E+05  1.834734E+19  8.348955E+10  1.809513E+05  0.000000E+00  0.000000E+00  9.971770E+15  5.255498E+08  5.921050E+15  1.606282E+09  3.903482E+12  4.595432E+15  5.924956E+15  6.250000E+02  5.527231E-05
  5.500000E-05  5.000000E-07  3.406489E+02  1.888245E+05  1.834734E+19  8.656371E+10  1.888245E+05  0.000000E+00  0.000000E+00  1.100140E+16  5.725912E+08  6.728277E+15  1.751878E+09  4.196235E+12  4.764641E+15  6.732475E+15  6.250000E+02  5.985335E-05
  5.550000E-05  5.000000E-07  3.364551E+02  1.914791E+05  1.834734E+19  8.980164E+10  1.914791E+05  0.000000E+00  0.000000E+00  1.136069E+16  6.037452E+08  7.015916E+15  1.847831E+09  4.516027E+12  4.942863E+15  7.020434E+15  6.250000E+02  6.143835E-05
  5.600000E-05  5.000000E-07  3.239767E+02  1.888333E+05  1.834734E+19  9.280808E+10  1.888333E+05  0.000000E+00  0.000000E+00  1.100192E+16  6.139242E+08  6.728590E+15  1.878339E+09  4.823470E+12  5.108343E+15  6.733415E+15  6.250000E+02  5.985614E-05
  5.650000E-05  5.000000E-07  3.035209E+02  1.809692E+05  1.834734E+19  9.521209E+10  1.809692E+05  0.000000E+00  0.000000E+00  9.972756E+15  5.994001E+08  5.921636E+15  1.831997E+09  5.076591E+12  5.240665E+15  5.926714E+15  6.250000E+02  5.527778E-05
  5.700000E-05  5.000000E-07  2.755915E+02  1.681549E+05  1.834734E+19  9.696009E+10  1.681549E+05  0.000000E+00  0.000000E+00  8.428095E+15  5.606824E+08  4.749490E+15  1.710600E+09  5.264705E+12  5.336878E+15  4.754756E+15  6.250000E+02  4.825309E-05
  5.750000E-05  5.000000E-07  2.408760E+02  1.505731E+05  1.834734E+19  9.764082E+10  1.505731E+05  0.000000E+00  0.000000E+00  6.548611E+15  4.970320E+08  3.408491E+15  1.512272E+09  5.338888E+12  5.374347E+15  3.413831E+15  6.250000E+02  3.936900E-05
  5.800000E-05  5.000000E-07  2.002294E+02  1.287994E+05  1.834734E+19  9.741421E+10  1.287994E+05  0.000000E+00  0.000000E+00  4.599584E+15  4.147176E+08  2.131373E+15  1.257006E+09  5.314136E+12  5.361874E+15  2.136688E+15  6.250000E+02  2.964477E-05
  5.850000E-05  5.000000E-07  1.546525E+02  1.033612E+05  1.834734E+19  9.676335E+10  1.033612E+05  0.000000E+00  0.000000E+00  2.814532E+15  3.209006E+08  1.099018E+15  9.673832E+08  5.243361E+12  5.326049E+15  1.104262E+15  6.250000E+02  2.000865E-05
  5.900000E-05  5.000000E-07  1.052675E+02  7.492250E+04  1.834734E+19  9.482166E+10  7.492250E+04  0.000000E+00  0.000000E+00  1.394372E+15  2.191411E+08  4.155328E+14  6.553366E+08  5.035042E+12  5.219175E+15  4.205686E+14  6.250000E+02  1.141266E-05
  5.950000E-05  5.000000E-07  5.329050E+01  4.491581E+04  1.834734E+19  9.247802E+10  4.491581E+04  0.000000E+00  0.000000E+00  4.709546E+14  1.212155E+08  8.582483E+13  3.576168E+08  4.789223E+12  5.090176E+15  9.061453E+13  6.250000E+02  4.817204E-06
  6.000000E-05  5.000000E-07  1.299435E-03  2.014162E+04  1.834734E+19  8.999889E+10  2.014162E+04  0.000000E+00  0.000000E+00  7.216654E+13  4.824213E+07  3.634673E+12  1.381865E+08  4.535888E+12  4.953720E+15  8.171150E+12  6.250000E+02  1.185323E-06
  6.050000E-05  5.000000E-07  5.328793E+01  1.625267E+04  1.834734E+19  8.755136E+10  1.625267E+04  0.000000E+00  0.000000E+00  0.000000E+00  1.391128E+06  0.000000E+00  0.000000E+00  4.292535E+12  4.819003E+15  4.293133E+12  6.250000E+02  5.098320E-09
  6.100000E-05  5.000000E-07  1.052650E+02  1.967534E+04  1.834734E+19  8.520551E+10  1.967534E+04  0.000000E+00  0.000000E+00  7.049587E+13  4.461540E+07  3.550530E+12  1.277980E+08  4.065589E+12  4.689883E+15  7.616697E+12  6.250000E+02  1.157883E-06
  6.150000E-05  5.000000E-07  1.546502E+02  4.469197E+04  1.834734E+19  8.311970E+10  4.469197E+04  0.000000E+00  0.000000E+00  4.686075E+14  1.084061E+08  8.539711E+13  3.198258E+08  3.868975E+12  4.575075E+15  8.926651E+13  6.250000E+02  4.793197E-06
  6.200000E-05  5.000000E-07  2.002273E+02  7.480613E+04  1.834734E+19  8.154616E+10  7.480613E+04  0.000000E+00  0.000000E+00  1.392207E+15  1.881675E+08  4.148874E+14  5.627109E+08  3.723875E+12  4.488464E+15  4.186119E+14  6.250000E+02  1.139493E-05
  6.250000E-05  5.000000E-07  2.408742E+02  1.032866E+05  1.834734E+19  8.071772E+10  1.032866E+05  0.000000E+00  0.000000E+00  2.812502E+15  2.674947E+08  1.098225E+15  8.063864E+08  3.648596E+12  4.442865E+15  1.101875E+15  6.250000E+02  1.999422E-05
  6.300000E-05  5.000000E-07  2.755899E+02  1.287493E+05  1.834734E+19  8.076168E+10  1.287493E+05  0.000000E+00  0.000000E+00  4.597797E+15  3.436898E+08  2.130545E+15  1.041721E+09  3.652571E+12  4.445285E+15  2.134198E+15  6.250000E+02  2.963325E-05
  6.350000E-05  5.000000E-07  3.035198E+02  1.505372E+05  1.834734E+19  8.142426E+10  1.505372E+05  0.000000E+00  0.000000E+00  6.547052E+15  4.143844E+08  3.407679E+15  1.260808E+09  3.712750E+12  4.481755E+15  3.411393E+15  6.250000E+02  3.935963E-05
  6.400000E-05  5.000000E-07  3.239759E+02  1.681304E+05  1.834734E+19  8.325368E+10  1.681304E+05  0.000000E+00  0.000000E+00  8.426869E+15  4.813536E+08  4.748799E+15  1.468573E+09  3.881458E+12  4.582450E+15  4.752682E+15  6.250000E+02  4.824607E-05
  6.450000E-05  5.000000E-07  3.364547E+02  1.809547E+05  1.834734E+19  8.586565E+10  1.809547E+05  0.000000E+00  0.000000E+00  9.971959E+15  5.405171E+08  5.921162E+15  1.652028E+09  4.128829E+12  4.726218E+15  5.925292E+15  6.250000E+02  5.527336E-05
  6.500000E-05  5.000000E-07  3.406489E+02  1.888276E+05  1.834734E+19  8.885249E+10  1.888276E+05  0.000000E+00  0.000000E+00  1.100159E+16  5.877405E+08  6.728389E+15  1.798228E+09  4.421069E+12  4.890620E+15  6.732812E+15  6.250000E+02  5.985435E-05
  6.550000E-05  5.000000E-07  3.364552E+02  1.914822E+05  1.834734E+19  9.201841E+10  1.914822E+05  0.000000E+00  0.000000E+00  1.136087E+16  6.186587E+08  7.016029E+15  1.893476E+09  4.741737E+12  5.064878E+15  7.020773E+15  6.250000E+02  6.143933E-05
  6.600000E-05  5.000000E-07  3.239768E+02  1.888364E+05  1.834734E+19  9.497427E+10  1.888364E+05  0.000000E+00  0.000000E+00  1.100210E+16  6.282642E+08  6.728704E+15  1.922213E+09  5.051263E+12  5.227575E+15  6.733757E+15  6.250000E+02  5.985715E-05
  6.650000E-05  5.000000E-07  3.035210E+02  1.809727E+05  1.834734E+19  9.732759E+10  1.809727E+05  0.000000E+00  0.000000E+00  9.972948E+15  6.127298E+08  5.921749E+15  1.872738E+09  5.304690E+12  5.357106E+15  5.927056E+15  6.250000E+02  5.527884E-05
  6.700000E-05  5.000000E-07  2.755916E+02  1.681587E+05  1.834734E+19  9.894051E+10  1.681587E+05  0.000000E+00  0.000000E+00  8.428288E+15  5.721475E+08  4.749598E+15  1.745579E+09  5.481966E+12  5.445885E+15  4.755082E+15  6.250000E+02  4.825419E-05
  6.750000E-05  5.000000E-07  2.408762E+02  1.505780E+05  1.834734E+19  9.965111E+10  1.505780E+05  0.000000E+00  0.000000E+00  6.548824E+15  5.072817E+08  3.408601E+15  1.543458E+09  5.560993E+12  5.484997E+15  3.414164E+15  6.250000E+02  3.937028E-05
  6.800000E-05  5.000000E-07  2.002296E+02  1.288066E+05  1.834734E+19  9.958323E+10  1.288066E+05  0.000000E+00  0.000000E+00  4.599841E+15  4.239753E+08  2.131492E+15  1.285066E+09  5.553419E+12  5.481261E+15  2.137047E+15  6.250000E+02  2.964643E-05
  6.850000E-05  5.000000E-07  1.546527E+02  1.033728E+05  1.834734E+19  9.903552E+10  1.033728E+05  0.000000E+00  0.000000E+00  2.814848E+15  3.284729E+08  1.099142E+15  9.902105E+08  5.492499E+12  5.451114E+15  1.104635E+15  6.250000E+02  2.001090E-05
  6.900000E-05  5.000000E-07  1.052677E+02  7.494352E+04  1.834734E+19  9.703176E+10  7.494352E+04  0.000000E+00  0.000000E+00  1.394763E+15  2.243117E+08  4.156494E+14  6.707993E+08  5.272491E+12  5.340823E+15  4.209226E+14  6.250000E+02  1.141586E-05
  6.950000E-05  5.000000E-07  5.329072E+01  4.497012E+04  1.834734E+19  9.462816E+10  4.497012E+04  0.000000E+00  0.000000E+00  4.715240E+14  1.241838E+08  8.592860E+13  3.663739E+08  5.014514E+12  5.208524E+15  9.094360E+13  6.250000E+02  4.823029E-06
  7.000000E-05  5.000000E-07  1.516008E-03  2.034503E+04  1.834734E+19  9.209079E+10  2.034503E+04  0.000000E+00  0.000000E+00  7.289533E+13  4.986196E+07  3.671379E+12  1.428264E+08  4.749199E+12  5.068862E+15  8.421215E+12  6.250000E+02  1.197294E-06
  7.050000E-05  5.000000E-07  5.328772E+01  1.650353E+04  1.834734E+19  8.958633E+10  1.650353E+04  0.000000E+00  0.000000E+00  0.000000E+00  1.520293E+06  0.000000E+00  0.000000E+00  4.494398E+12  4.931012E+15  4.495006E+12  6.250000E+02  6.153412E-09
  7.100000E-05  5.000000E-07  1.052648E+02  1.986797E+04  1.834734E+19  8.718539E+10  1.986797E+04  0.000000E+00  0.000000E+00  7.118607E+13  4.609907E+07  3.585292E+12  1.320478E+08  4.256724E+12  4.798859E+15  7.842609E+12  6.250000E+02  1.169219E-06
  7.150000E-05  5.000000E-07  1.546500E+02  4.473638E+04  1.834734E+19  8.504707E+10  4.473638E+04  0.000000E+00  0.000000E+00  4.690732E+14  1.110301E+08  8.548197E+13  3.275671E+08  4.050483E+12  4.681162E+15  8.953288E+13  6.250000E+02  4.797960E-06
  7.200000E-05  5.000000E-07  2.002271E+02  7.482155E+04  1.834734E+19  8.342290E+10  7.482155E+04  0.000000E+00  0.000000E+00  1.392493E+15  1.925378E+08  4.149729E+14  5.757800E+08  3.897253E+12  4.591764E+15  4.188708E+14  6.250000E+02  1.139728E-05
  7.250000E-05  5.000000E-07  2.408740E+02  1.032944E+05  1.834734E+19  8.254342E+10  1.032944E+05  0.000000E+00  0.000000E+00  2.812714E+15  2.735657E+08  1.098308E+15  8.246879E+08  3.815513E+12  4.543356E+15  1.102125E+15  6.250000E+02  1.999573E-05
  7.300000E-05  5.000000E-07  2.755898E+02  1.287534E+05  1.834734E+19  8.223236E+10  1.287534E+05  0.000000E+00  0.000000E+00  4.597941E+15  3.499594E+08  2.130612E+15  1.060725E+09  3.786810E+12  4.526234E+15  2.134399E+15  6.250000E+02  2.963418E-05
  7.350000E-05  5.000000E-07  3.035197E+02  1.505399E+05  1.834734E+19  8.272156E+10  1.505399E+05  0.000000E+00  0.000000E+00  6.547167E+15  4.209940E+08  3.407739E+15  1.280918E+09  3.832000E+12  4.553161E+15  3.411572E+15  6.250000E+02  3.936032E-05
  7.400000E-05  5.000000E-07  3.239759E+02  1.681321E+05  1.834734E+19  8.429514E+10  1.681321E+05  0.000000E+00  0.000000E+00  8.426956E+15  4.873800E+08  4.748848E+15  1.486960E+09  3.979175E+12  4.639774E+15  4.752828E+15  6.250000E+02  4.824657E-05
  7.450000E-05  5.000000E-07  3.364547E+02  1.809559E+05  1.834734E+19  8.668431E+10  1.809559E+05  0.000000E+00  0.000000E+00  9.972026E+15  5.456742E+08  5.921202E+15  1.667790E+09  4.207935E+12  4.771279E+15  5.925411E+15  6.250000E+02  5.527373E-05
  7.500000E-05  5.000000E-07  3.406489E+02  1.888288E+05  1.834734E+19  8.967805E+10  1.888288E+05  0.000000E+00  0.000000E+00  1.100166E+16  5.932050E+08  6.728430E+15  1.814947E+09  4.503605E+12  4.936060E+15  6.732936E+15  6.250000E+02  5.985472E-05
  7.550000E-05  5.000000E-07  3.364552E+02  1.914833E+05  1.834734E+19  9.282400E+10  1.914833E+05  0.000000E+00  0.000000E+00  1.136094E+16  6.240786E+08  7.016071E+15  1.910064E+09  4.825125E+12  5.109220E+15  7.020898E+15  6.250000E+02  6.143970E-05
  7.600000E-05  5.000000E-07  3.239769E+02  1.888376E+05  1.834734E+19  9.575864E+10  1.888376E+05  0.000000E+00  0.000000E+00  1.100217E+16  6.334568E+08  6.728746E+15  1.938100E+09  5.135042E+12  5.270748E+15  6.733883E+15  6.250000E+02  5.985752E-05
  7.650000E-05  5.000000E-07  3.035211E+02  1.809741E+05  1.834734E+19  9.818337E+10  1.809741E+05  0.000000E+00  0.000000E+00  9.973027E+15  6.181223E+08  5.921796E+15  1.889219E+09  5.398385E+12  5.404210E+15  5.927197E+15  6.250000E+02  5.527928E-05
  7.700000E-05  5.000000E-07  2.755917E+02  1.681603E+05  1.834734E+19  9.973540E+10  1.681603E+05  0.000000E+00  0.000000E+00  8.428366E+15  5.767495E+08  4.749642E+15  1.759619E+09  5.570404E+12  5.489637E+15  4.755214E+15  6.250000E+02  4.825464E-05
  7.750000E-05  5.000000E-07  2.408763E+02  1.505798E+05  1.834734E+19  1.003901E+11  1.505798E+05  0.000000E+00  0.000000E+00  6.548904E+15  5.110497E+08  3.408643E+15  1.554922E+09  5.643773E+12  5.525671E+15  3.414288E+15  6.250000E+02  3.937076E-05
  7.800000E-05  5.000000E-07  2.002298E+02  1.288090E+05  1.834734E+19  1.002938E+11  1.288090E+05  0.000000E+00  0.000000E+00  4.599927E+15  4.270088E+08  2.131532E+15  1.294261E+09  5.632960E+12  5.520375E+15  2.137166E+15  6.250000E+02  2.964698E-05
  7.850000E-05  5.000000E-07  1.546529E+02  1.033739E+05  1.834734E+19  9.925367E+10  1.033739E+05  0.000000E+00  0.000000E+00  2.814879E+15  3.292000E+08  1.099154E+15  9.924025E+08  5.516723E+12  5.463121E+15  1.104671E+15  6.250000E+02  2.001112E-05
  7.900000E-05  5.000000E-07  1.052679E+02  7.494556E+04  1.834734E+19  9.724400E+10  7.494556E+04  0.000000E+00  0.000000E+00  1.394801E+15  2.248085E+08  4.156607E+14  6.722849E+08  5.295582E+12  5.352505E+15  4.209570E+14  6.250000E+02  1.141617E-05
  7.950000E-05  5.000000E-07  5.329093E+01  4.497532E+04  1.834734E+19  9.483188E+10  4.497532E+04  0.000000E+00  0.000000E+00  4.715785E+14  1.244655E+08  8.593853E+13  3.672051E+08  5.036128E+12  5.219737E+15  9.097515E+13  6.250000E+02  4.823586E-06
  8.000000E-05  5.000000E-07  1.732580E-03  2.036428E+04  1.834734E+19  9.228894E+10  2.036428E+04  0.000000E+00  0.000000E+00  7.296430E+13  5.001652E+07  3.674853E+12  1.432691E+08  4.769659E+12  5.079769E+15  8.445140E+12  6.250000E+02  1.198427E-06
  8.050000E-05  5.000000E-07  5.328751E+01  1.652738E+04  1.834734E+19  8.978062E+10  1.652738E+04  0.000000E+00  0.000000E+00  0.000000E+00  1.608122E+06  0.000000E+00  0.000000E+00  4.513914E+12  4.941706E+15  4.514521E+12  6.250000E+02  7.123952E-09
  8.100000E-05  5.000000E-07  1.052646E+02  1.988644E+04  1.834734E+19  8.737524E+10  1.988644E+04  0.000000E+00  0.000000E+00  7.125224E+13  4.624240E+07  3.588625E+12  1.324584E+08  4.275283E+12  4.809309E+15  7.864502E+12  6.250000E+02  1.170306E-06
  8.150000E-05  5.000000E-07  1.546498E+02  4.474066E+04  1.834734E+19  8.523059E+10  4.474066E+04  0.000000E+00  0.000000E+00  4.691180E+14  1.112803E+08  8.549014E+13  3.283053E+08  4.067982E+12  4.691263E+15  8.955855E+13  6.250000E+02  4.798419E-06
  8.200000E-05  5.000000E-07  2.002270E+02  7.482303E+04  1.834734E+19  8.360144E+10  7.482303E+04  0.000000E+00  0.000000E+00  1.392521E+15  1.929537E+08  4.149812E+14  5.770238E+08  3.913952E+12  4.601591E+15  4.188957E+14  6.250000E+02  1.139750E-05
  8.250000E-05  5.000000E-07  2.408739E+02  1.032952E+05  1.834734E+19  8.271708E+10  1.032952E+05  0.000000E+00  0.000000E+00  2.812735E+15  2.741432E+08  1.098316E+15  8.264290E+08  3.831585E+12  4.552915E+15  1.102149E+15  6.250000E+02  1.999587E-05
  8.300000E-05  5.000000E-07  2.755897E+02  1.287539E+05  1.834734E+19  8.243351E+10  1.287539E+05  0.000000E+00  0.000000E+00  4.597961E+15  3.508170E+08  2.130621E+15  1.063324E+09  3.805359E+12  4.537306E+15  2.134427E+15  6.250000E+02  2.963431E-05
  8.350000E-05  5.000000E-07  3.035196E+02  1.505401E+05  1.834734E+19  8.283372E+10  1.505401E+05  0.000000E+00  0.000000E+00  6.547177E+15  4.215654E+08  3.407744E+15  1.282657E+09  3.842398E+12  4.559334E+15  3.411587E+15  6.250000E+02  3.936038E-05
  8.400000E-05  5.000000E-07  3.239758E+02  1.681323E+05  1.834734E+19  8.437722E+10  1.681323E+05  0.000000E+00  0.000000E+00  8.426963E+15  4.878550E+08  4.748852E+15  1.488409E+09  3.986929E+12  4.644292E+15  4.752840E+15  6.250000E+02  4.824661E-05
  8.450000E-05  5.000000E-07  3.364547E+02  1.809564E+05  1.834734E+19  8.699596E+10  1.809564E+05  0.000000E+00  0.000000E+00  9.972051E+15  5.476373E+08  5.921217E+15  1.673790E+09  4.238246E+12  4.788432E+15  5.925457E+15  6.250000E+02  5.527387E-05
  8.500000E-05  5.000000E-07  3.406489E+02  1.888292E+05  1.834734E+19  8.999284E+10  1.888292E+05  0.000000E+00  0.000000E+00  1.100168E+16  5.952887E+08  6.728446E+15  1.821323E+09  4.535279E+12  4.953387E+15  6.732983E+15  6.250000E+02  5.985486E-05
  8.550000E-05  5.000000E-07  3.364552E+02  1.914837E+05  1.834734E+19  9.314559E+10  1.914837E+05  0.000000E+00  0.000000E+00  1.136097E+16  6.262421E+08  7.016087E+15  1.916686E+09  4.858616E+12  5.126920E+15  7.020948E+15  6.250000E+02  6.143985E-05
  8.600000E-05  5.000000E-07  3.239769E+02  1.888381E+05  1.834734E+19  9.605464E+10  1.888381E+05  0.000000E+00  0.000000E+00  1.100220E+16  6.354164E+08  6.728762E+15  1.944096E+09  5.166837E+12  5.287041E+15  6.733930E+15  6.250000E+02  5.985767E-05
  8.650000E-05  5.000000E-07  3.035212E+02  1.809745E+05  1.834734E+19  9.841504E+10  1.809745E+05  0.000000E+00  0.000000E+00  9.973049E+15  6.195822E+08  5.921809E+15  1.893681E+09  5.423891E+12  5.416962E+15  5.927235E+15  6.250000E+02  5.527940E-05
  8.700000E-05  5.000000E-07  2.755919E+02  1.681610E+05  1.834734E+19  1.001276E+11  1.681610E+05  0.000000E+00  0.000000E+00  8.428405E+15  5.790200E+08  4.749664E+15  1.766546E+09  5.614298E+12  5.511223E+15  4.755280E+15  6.250000E+02  4.825486E-05
  8.750000E-05  5.000000E-07  2.408765E+02  1.505813E+05  1.834734E+19  1.009766E+11  1.505813E+05  0.000000E+00  0.000000E+00  6.548967E+15  5.140404E+08  3.408676E+15  1.564022E+09  5.709911E+12  5.557954E+15  3.414387E+15  6.250000E+02  3.937114E-05
  8.800000E-05  5.000000E-07  2.002299E+02  1.288115E+05  1.834734E+19  1.010501E+11  1.288115E+05  0.000000E+00  0.000000E+00  4.600019E+15  4.302370E+08  2.131574E+15  1.304045E+09  5.718226E+12  5.561999E+15  2.137294E+15  6.250000E+02  2.964757E-05
  8.850000E-05  5.000000E-07  1.546531E+02  1.033786E+05  1.834734E+19  1.001485E+11  1.033786E+05  0.000000E+00  0.000000E+00  2.815006E+15  3.321831E+08  1.099203E+15  1.001395E+09  5.616649E+12  5.512377E+15  1.104821E+15  6.250000E+02  2.001202E-05
  8.900000E-05  5.000000E-07  1.052681E+02  7.495399E+04  1.834734E+19  9.811510E+10  7.495399E+04  0.000000E+00  0.000000E+00  1.394958E+15  2.268478E+08  4.157075E+14  6.783835E+08  5.390881E+12  5.400452E+15  4.210991E+14  6.250000E+02  1.141745E-05
  8.950000E-05  5.000000E-07  5.329114E+01  4.499704E+04  1.834734E+19  9.567941E+10  4.499704E+04  0.000000E+00  0.000000E+00  4.718062E+14  1.256385E+08  8.598003E+13  3.706657E+08  5.126547E+12  5.266387E+15  9.110700E+13  6.250000E+02  4.825915E-06
  9.000000E-05  5.000000E-07  1.949153E-03  2.044440E+04  1.834734E+19  9.311352E+10  2.044440E+04  0.000000E+00  0.000000E+00  7.325139E+13  5.066197E+07  3.689312E+12  1.451180E+08  4.855272E+12  5.125155E+15  8.545221E+12  6.250000E+02  1.203142E-06
  9.050000E-05  5.000000E-07  5.328729E+01  1.662546E+04  1.834734E+19  9.058113E+10  1.662546E+04  0.000000E+00  0.000000E+00  0.000000E+00  1.720225E+06  0.000000E+00  0.000000E+00  4.594767E+12  4.985767E+15  4.595379E+12  6.250000E+02  8.094021E-09
  9.100000E-05  5.000000E-07  1.052644E+02  1.996229E+04  1.834734E+19  8.815488E+10  1.996229E+04  0.000000E+00  0.000000E+00  7.152400E+13  4.683296E+07  3.602312E+12  1.341500E+08  4.351919E+12  4.852222E+15  7.954831E+12  6.250000E+02  1.174770E-06
  9.150000E-05  5.000000E-07  1.546496E+02  4.475843E+04  1.834734E+19  8.599008E+10  4.475843E+04  0.000000E+00  0.000000E+00  4.693044E+14  1.123165E+08  8.552411E+13  3.313624E+08  4.140804E+12  4.733067E+15  8.966534E+13  6.250000E+02  4.800325E-06
  9.200000E-05  5.000000E-07  2.002268E+02  7.482920E+04  1.834734E+19  8.433855E+10  7.482920E+04  0.000000E+00  0.000000E+00  1.392636E+15  1.946710E+08  4.150154E+14  5.821593E+08  3.983275E+12  4.642163E+15  4.189993E+14  6.250000E+02  1.139844E-05
  9.250000E-05  5.000000E-07  2.408737E+02  1.032983E+05  1.834734E+19  8.343337E+10  1.032983E+05  0.000000E+00  0.000000E+00  2.812820E+15  2.765255E+08  1.098350E+15  8.336106E+08  3.898232E+12  4.592341E+15  1.102249E+15  6.250000E+02  1.999648E-05
  9.300000E-05  5.000000E-07  2.755896E+02  1.287558E+05  1.834734E+19  8.311928E+10  1.287558E+05  0.000000E+00  0.000000E+00  4.598030E+15  3.537408E+08  2.130653E+15  1.072186E+09  3.868937E+12  4.575052E+15  2.134523E+15  6.250000E+02  2.963475E-05
  9.350000E-05  5.000000E-07  3.035195E+02  1.505418E+05  1.834734E+19  8.367392E+10  1.505418E+05  0.000000E+00  0.000000E+00  6.547251E+15  4.258463E+08  3.407783E+15  1.295682E+09  3.920742E+12  4.605580E+15  3.411704E+15  6.250000E+02  3.936082E-05
  9.400000E-05  5.000000E-07  3.239757E+02  1.681340E+05  1.834734E+19  8.542860E+10  1.681340E+05  0.000000E+00  0.000000E+00  8.427052E+15  4.939391E+08  4.748901E+15  1.506971E+09  4.086906E+12  4.702162E+15  4.752990E+15  6.250000E+02  4.824712E-05
  9.450000E-05  5.000000E-07  3.364546E+02  1.809578E+05  1.834734E+19  8.794729E+10  1.809578E+05  0.000000E+00  0.000000E+00  9.972130E+15  5.536303E+08  5.921263E+15  1.692107E+09  4.331447E+12  4.840796E+15  5.925597E+15  6.250000E+02  5.527430E-05
  9.500000E-05  5.000000E-07  3.406489E+02  1.888304E+05  1.834734E+19  9.086465E+10  1.888304E+05  0.000000E+00  0.000000E+00  1.100175E+16  6.010595E+08  6.728490E+15  1.838979E+09  4.623575E+12  5.001373E+15  6.733116E+15  6.250000E+02  5.985525E-05
  9.550000E-05  5.000000E-07  3.364553E+02  1.914849E+05  1.834734E+19  9.397427E+10  1.914849E+05  0.000000E+00  0.000000E+00  1.136104E+16  6.318175E+08  7.016131E+15  1.933750E+09  4.945451E+12  5.172532E+15  7.021078E+15  6.250000E+02  6.144023E-05
  9.600000E-05  5.000000E-07  3.239770E+02  1.888393E+05  1.834734E+19  9.688146E+10  1.888393E+05  0.000000E+00  0.000000E+00  1.100227E+16  6.408902E+08  6.728806E+15  1.960843E+09  5.256169E+12  5.332550E+15  6.734064E+15  6.250000E+02  5.985806E-05
  9.650000E-05  5.000000E-07  3.035213E+02  1.809760E+05  1.834734E+19  9.928345E+10  1.809760E+05  0.000000E+00  0.000000E+00  9.973129E+15  6.250544E+08  5.921857E+15  1.910406E+09  5.520034E+12  5.464761E+15  5.927379E+15  6.250000E+02  5.527985E-05
  9.700000E-05  5.000000E-07  2.755920E+02  1.681624E+05  1.834734E+19  1.008256E+11  1.681624E+05  0.000000E+00  0.000000E+00  8.428474E+15  5.830617E+08  4.749703E+15  1.778877E+09  5.692854E+12  5.549646E+15  4.755398E+15  6.250000E+02  4.825526E-05
  9.750000E-05  5.000000E-07  2.408766E+02  1.505825E+05  1.834734E+19  1.014893E+11  1.505825E+05  0.000000E+00  0.000000E+00  6.549023E+15  5.166547E+08  3.408705E+15  1.571976E+09  5.768040E+12  5.586173E+15  3.414474E+15  6.250000E+02  3.937147E-05
  9.800000E-05  5.000000E-07  2.002301E+02  1.288127E+05  1.834734E+19  1.013916E+11  1.288127E+05  0.000000E+00  0.000000E+00  4.600060E+15  4.316952E+08  2.131593E+15  1.308465E+09  5.756949E+12  5.580800E+15  2.137352E+15  6.250000E+02  2.964784E-05
  9.850000E-05  5.000000E-07  1.546533E+02  1.033796E+05  1.834734E+19  1.003312E+11  1.033796E+05  0.000000E+00  0.000000E+00  2.815032E+15  3.327920E+08  1.099214E+15  1.003231E+09  5.637157E+12  5.522431E+15  1.104852E+15  6.250000E+02  2.001221E-05
  9.900000E-05  5.000000E-07  1.052683E+02  7.495570E+04  1.834734E+19  9.829118E+10  7.495570E+04  0.000000E+00  0.000000E+00  1.394990E+15  2.272601E+08  4.157170E+14  6.796164E+08  5.410247E+12  5.410144E+15  4.211279E+14  6.250000E+02  1.141771E-05
  9.950000E-05  5.000000E-07  5.329136E+01  4.500147E+04  1.834734E+19  9.585064E+10  4.500147E+04  0.000000E+00  0.000000E+00  4.718527E+14  1.258758E+08  8.598849E+13  3.713657E+08  5.144914E+12  5.275812E+15  9.113390E+13  6.250000E+02  4.826391E-06
  1.000000E-04  5.000000E-07  2.165726E-03  2.046059E+04  1.834734E+19  9.328012E+10  2.046059E+04  0.000000E+00  0.000000E+00  7.330940E+13  5.079280E+07  3.692234E+12  1.454927E+08  4.872661E+12  5.134325E+15  8.565537E+12  6.250000E+02  1.204095E-06
>>>>>>> b3289e2943d1bf2c37d5d49fe9e2fd77aa03abdc
