       Time_s           01           02           03           04           05
   0.0000E+00   5.8000E-02   4.0000E+02   0.0000E+00   0.0000E+00   0.0000E+00
   1.0000E-09   5.8000E-02   4.0000E+02   4.8046E+03   2.2451E-14   2.3830E-13
   3.0000E-09   2.8900E-01   4.0000E+02   1.0371E+04   3.5099E-14   1.8563E-12
   7.0000E-09   7.5100E-01   4.0000E+02   1.3859E+04   5.8791E-14   8.0798E-12
   1.5000E-08   1.6750E+00   4.0000E+02   2.0029E+04   7.5045E-14   2.3003E-11
   3.1000E-08   3.5250E+00   4.0000E+02   2.4659E+04   1.1527E-13   7.4355E-11
   6.2000E-08   7.1100E+00   4.0000E+02   4.0524E+04   1.1994E-13   1.5606E-10
   6.3000E-08   7.2250E+00   4.0000E+02   4.0575E+04   1.2200E-13   1.6130E-10
   6.4000E-08   7.3400E+00   4.0000E+02   4.0624E+04   1.2406E-13   1.6664E-10
   6.5000E-08   7.4550E+00   4.0000E+02   4.0671E+04   1.2613E-13   1.7207E-10
   6.6000E-08   7.5700E+00   4.0000E+02   4.0716E+04   1.2818E-13   1.7757E-10
   6.7000E-08   7.6850E+00   4.0000E+02   4.0760E+04   1.3023E-13   1.8315E-10
   6.8000E-08   7.8000E+00   4.0000E+02   4.0803E+04   1.3228E-13   1.8881E-10
   6.9000E-08   7.9150E+00   4.0000E+02   4.0845E+04   1.3432E-13   1.9456E-10
   7.0000E-08   8.0300E+00   4.0000E+02   4.0885E+04   1.3636E-13   2.0038E-10
   7.1000E-08   8.1500E+00   4.0000E+02   4.0925E+04   1.3848E-13   2.0654E-10
   7.2000E-08   8.2650E+00   4.0000E+02   4.0963E+04   1.4052E-13   2.1253E-10
   7.3000E-08   8.3800E+00   4.0000E+02   4.1000E+04   1.4255E-13   2.1860E-10
   7.4000E-08   8.4950E+00   4.0000E+02   4.1035E+04   1.4457E-13   2.2474E-10
   7.5000E-08   8.6100E+00   4.0000E+02   4.1071E+04   1.4658E-13   2.3096E-10
   7.6000E-08   8.7250E+00   4.0000E+02   4.1105E+04   1.4859E-13   2.3726E-10
   7.7000E-08   8.8400E+00   4.0000E+02   4.1139E+04   1.5060E-13   2.4362E-10
   7.8000E-08   8.9550E+00   4.0000E+02   4.1172E+04   1.5259E-13   2.5006E-10
   7.9000E-08   9.0700E+00   4.0000E+02   4.1205E+04   1.5460E-13   2.5660E-10
   8.0000E-08   9.1900E+00   4.0000E+02   4.1205E+04   1.5664E-13   2.6343E-10
   8.1000E-08   9.3050E+00   4.0000E+02   4.1271E+04   1.5867E-13   2.7018E-10
   8.2000E-08   9.4200E+00   4.0000E+02   4.1302E+04   1.6065E-13   2.7694E-10
   8.3000E-08   9.5350E+00   4.0000E+02   4.1302E+04   1.6262E-13   2.8375E-10
   8.4000E-08   9.6500E+00   4.0000E+02   4.1362E+04   1.6460E-13   2.9068E-10
   8.5000E-08   9.7650E+00   4.0000E+02   4.1392E+04   1.6657E-13   2.9766E-10
   8.6000E-08   9.8800E+00   4.0000E+02   4.1422E+04   1.6852E-13   3.0470E-10
   8.7000E-08   1.0020E+01   4.0000E+02   4.1458E+04   1.7090E-13   3.1337E-10
   8.8000E-08   1.0150E+01   4.0000E+02   4.1491E+04   1.7309E-13   3.2150E-10
   8.9000E-08   1.0250E+01   4.0000E+02   4.1516E+04   1.7477E-13   3.2783E-10
   9.0000E-08   1.0350E+01   4.0000E+02   4.1541E+04   1.7647E-13   3.3423E-10
   9.1000E-08   1.0450E+01   4.0000E+02   4.1541E+04   1.7817E-13   3.4072E-10
   9.2000E-08   1.0550E+01   4.0000E+02   4.1565E+04   1.7986E-13   3.4724E-10
   9.3000E-08   1.0650E+01   4.0000E+02   4.1614E+04   1.8151E-13   3.5376E-10
   9.4000E-08   1.0800E+01   4.0000E+02   4.1650E+04   1.8402E-13   3.6370E-10
   9.5000E-08   1.0950E+01   4.0000E+02   4.1685E+04   1.8652E-13   3.7376E-10
   9.6000E-08   1.1050E+01   4.0000E+02   4.1685E+04   1.8822E-13   3.8062E-10
   9.7000E-08   1.1150E+01   4.0000E+02   4.1732E+04   1.8983E-13   3.8735E-10
   9.8000E-08   1.1250E+01   4.0000E+02   4.1732E+04   1.9154E-13   3.9433E-10
   9.9000E-08   1.1350E+01   4.0000E+02   4.1779E+04   1.9313E-13   4.0113E-10
   1.0000E-07   1.1500E+01   4.0000E+02   4.1779E+04   1.9568E-13   4.1181E-10
   1.0100E-07   1.1650E+01   4.0000E+02   4.1849E+04   1.9803E-13   4.2219E-10
   1.0200E-07   1.1750E+01   4.0000E+02   4.1849E+04   1.9973E-13   4.2947E-10
   1.0300E-07   1.1850E+01   4.0000E+02   4.1894E+04   2.0130E-13   4.3654E-10
   1.0400E-07   1.1950E+01   4.0000E+02   4.1894E+04   2.0300E-13   4.4394E-10
   1.0500E-07   1.2050E+01   4.0000E+02   4.1939E+04   2.0457E-13   4.5110E-10
   1.0600E-07   1.2150E+01   4.0000E+02   4.1939E+04   2.0626E-13   4.5862E-10
   1.0700E-07   1.2300E+01   4.0000E+02   4.1995E+04   2.0862E-13   4.6958E-10
   1.0800E-07   1.2450E+01   4.0000E+02   4.2028E+04   2.1104E-13   4.8082E-10
   1.0900E-07   1.2550E+01   4.0000E+02   4.2028E+04   2.1273E-13   4.8857E-10
   1.1000E-07   1.2650E+01   4.0000E+02   4.2073E+04   2.1425E-13   4.9597E-10
   1.1100E-07   1.2750E+01   4.0000E+02   4.2073E+04   2.1594E-13   5.0384E-10
   1.1200E-07   1.2850E+01   4.0000E+02   4.2095E+04   2.1754E-13   5.1155E-10
   1.1300E-07   1.3000E+01   4.0000E+02   4.2117E+04   2.1998E-13   5.2332E-10
   1.1400E-07   1.3150E+01   4.0000E+02   4.2183E+04   2.2219E-13   5.3469E-10
   1.1500E-07   1.3250E+01   4.0000E+02   4.2205E+04   2.2378E-13   5.4262E-10
   1.1600E-07   1.3350E+01   4.0000E+02   4.2226E+04   2.2538E-13   5.5060E-10
   1.1700E-07   1.3450E+01   4.0000E+02   4.2248E+04   2.2696E-13   5.5864E-10
   1.1800E-07   1.3550E+01   4.0000E+02   4.2269E+04   2.2855E-13   5.6672E-10
   1.1900E-07   1.3700E+01   4.0000E+02   4.2301E+04   2.3092E-13   5.7893E-10
   1.2000E-07   1.3850E+01   4.0000E+02   4.2333E+04   2.3328E-13   5.9125E-10
   1.2100E-07   1.3950E+01   4.0000E+02   4.2333E+04   2.3497E-13   5.9984E-10
   1.2200E-07   1.4050E+01   4.0000E+02   4.2354E+04   2.3653E-13   6.0817E-10
   1.2300E-07   1.4150E+01   4.0000E+02   4.2375E+04   2.3810E-13   6.1654E-10
   1.2400E-07   1.4250E+01   4.0000E+02   4.2397E+04   2.3966E-13   6.2497E-10
   1.2500E-07   1.4350E+01   4.0000E+02   4.2439E+04   2.4108E-13   6.3310E-10
   1.2600E-07   1.4500E+01   4.0000E+02   4.2471E+04   2.4341E-13   6.4589E-10
   1.2700E-07   1.4650E+01   4.0000E+02   4.2471E+04   2.4594E-13   6.5935E-10
   1.2800E-07   1.4750E+01   4.0000E+02   4.2503E+04   2.4742E-13   6.6784E-10
   1.2900E-07   1.4850E+01   4.0000E+02   4.2524E+04   2.4896E-13   6.7657E-10
   1.3000E-07   1.4950E+01   4.0000E+02   4.2565E+04   2.5037E-13   6.8496E-10
   1.3100E-07   1.5050E+01   4.0000E+02   4.2565E+04   2.5206E-13   6.9420E-10
   1.3200E-07   1.5200E+01   4.0000E+02   4.2617E+04   2.5424E-13   7.0720E-10
   1.3300E-07   1.5350E+01   4.0000E+02   4.2617E+04   2.5677E-13   7.2127E-10
   1.3400E-07   1.5450E+01   4.0000E+02   4.2669E+04   2.5810E-13   7.2974E-10
   1.3500E-07   1.5550E+01   4.0000E+02   4.2689E+04   2.5964E-13   7.3886E-10
   1.3600E-07   1.5650E+01   4.0000E+02   4.2710E+04   2.6119E-13   7.4802E-10
   1.3700E-07   1.5750E+01   4.0000E+02   4.2710E+04   2.6288E-13   7.5768E-10
   1.3800E-07   1.5850E+01   4.0000E+02   4.2730E+04   2.6442E-13   7.6696E-10
   1.3900E-07   1.6000E+01   4.0000E+02   4.2751E+04   2.6679E-13   7.8115E-10
   1.4000E-07   1.6150E+01   4.0000E+02   4.2782E+04   2.6907E-13   7.9522E-10
   1.4100E-07   1.6250E+01   4.0000E+02   4.2813E+04   2.7052E-13   8.0445E-10
   1.4200E-07   1.6350E+01   4.0000E+02   4.2833E+04   2.7204E-13   8.1396E-10
   1.4300E-07   1.6450E+01   4.0000E+02   4.2874E+04   2.7341E-13   8.2306E-10
   1.4400E-07   1.6550E+01   4.0000E+02   4.2894E+04   2.7494E-13   8.3271E-10
   1.4500E-07   1.6700E+01   4.0000E+02   4.2924E+04   2.7722E-13   8.4722E-10
   1.4600E-07   1.6850E+01   4.0000E+02   4.2955E+04   2.7950E-13   8.6186E-10
   1.4700E-07   1.6950E+01   4.0000E+02   4.2955E+04   2.8121E-13   8.7227E-10
   1.4800E-07   1.7050E+01   4.0000E+02   4.2975E+04   2.8276E-13   8.8224E-10
   1.4900E-07   1.7150E+01   4.0000E+02   4.3015E+04   2.8413E-13   8.9173E-10
   1.5000E-07   1.7250E+01   4.0000E+02   4.3035E+04   2.8568E-13   9.0182E-10
   1.5100E-07   1.7350E+01   4.0000E+02   4.3035E+04   2.8740E-13   9.1250E-10
   1.5200E-07   1.7500E+01   4.0000E+02   4.3085E+04   2.8952E-13   9.2717E-10
   1.5300E-07   1.7650E+01   4.0000E+02   4.3085E+04   2.9207E-13   9.4337E-10
   1.5400E-07   1.7750E+01   4.0000E+02   4.3115E+04   2.9353E-13   9.5345E-10
   1.5500E-07   1.7850E+01   4.0000E+02   4.3135E+04   2.9507E-13   9.6387E-10
   1.5600E-07   1.7950E+01   4.0000E+02   4.3174E+04   2.9644E-13   9.7377E-10
   1.5700E-07   1.8050E+01   4.0000E+02   4.3194E+04   2.9800E-13   9.8435E-10
   1.5800E-07   1.8200E+01   4.0000E+02   4.3224E+04   3.0030E-13   1.0002E-09
   1.5900E-07   1.8350E+01   4.0000E+02   4.3253E+04   3.0260E-13   1.0161E-09
   1.6000E-07   1.8450E+01   4.0000E+02   4.3273E+04   3.0417E-13   1.0270E-09
   1.6100E-07   1.8550E+01   4.0000E+02   4.3292E+04   3.0574E-13   1.0379E-09
   1.6200E-07   1.8650E+01   4.0000E+02   4.3312E+04   3.0732E-13   1.0489E-09
   1.6300E-07   1.8750E+01   4.0000E+02   4.3332E+04   3.0891E-13   1.0599E-09
   1.6400E-07   1.8850E+01   4.0000E+02   4.3351E+04   3.1050E-13   1.0711E-09
   1.6500E-07   1.9000E+01   4.0000E+02   4.3381E+04   3.1282E-13   1.0877E-09
   1.6600E-07   1.9150E+01   4.0000E+02   4.3410E+04   3.1517E-13   1.1045E-09
   1.6700E-07   1.9250E+01   4.0000E+02   4.3429E+04   3.1680E-13   1.1160E-09
   1.6800E-07   1.9350E+01   4.0000E+02   4.3449E+04   3.1843E-13   1.1276E-09
   1.6900E-07   1.9450E+01   4.0000E+02   4.3468E+04   3.2006E-13   1.1392E-09
   1.7000E-07   1.9550E+01   4.0000E+02   4.3488E+04   3.2171E-13   1.1510E-09
   1.7100E-07   1.9700E+01   4.0000E+02   4.3517E+04   3.2409E-13   1.1684E-09
   1.7200E-07   1.9850E+01   4.0000E+02   4.3546E+04   3.2648E-13   1.1859E-09
   1.7300E-07   1.9950E+01   4.0000E+02   4.3565E+04   3.2815E-13   1.1980E-09
   1.7400E-07   2.0050E+01   4.0000E+02   4.3584E+04   3.2983E-13   1.2102E-09
   1.7500E-07   2.0150E+01   4.0000E+02   4.3603E+04   3.3153E-13   1.2225E-09
   1.7600E-07   2.0250E+01   4.0000E+02   4.3622E+04   3.3323E-13   1.2349E-09
   1.7700E-07   2.0350E+01   4.0000E+02   4.3641E+04   3.3494E-13   1.2473E-09
   1.7800E-07   2.0500E+01   4.0000E+02   4.3670E+04   3.3738E-13   1.2657E-09
   1.7900E-07   2.0650E+01   4.0000E+02   4.3698E+04   3.3984E-13   1.2843E-09
   1.8000E-07   2.0750E+01   4.0000E+02   4.3717E+04   3.4160E-13   1.2971E-09
   1.8100E-07   2.0850E+01   4.0000E+02   4.3736E+04   3.4337E-13   1.3101E-09
   1.8200E-07   2.0950E+01   4.0000E+02   4.3755E+04   3.4515E-13   1.3233E-09
   1.8300E-07   2.1050E+01   4.0000E+02   4.3774E+04   3.4695E-13   1.3365E-09
   1.8400E-07   2.1200E+01   4.0000E+02   4.3803E+04   3.4947E-13   1.3558E-09
   1.8500E-07   2.1350E+01   4.0000E+02   4.3831E+04   3.5204E-13   1.3754E-09
   1.8600E-07   2.1450E+01   4.0000E+02   4.3850E+04   3.5390E-13   1.3892E-09
   1.8700E-07   2.1550E+01   4.0000E+02   4.3869E+04   3.5579E-13   1.4031E-09
   1.8800E-07   2.1650E+01   4.0000E+02   4.3887E+04   3.5769E-13   1.4172E-09
   1.8900E-07   2.1750E+01   4.0000E+02   4.3906E+04   3.5962E-13   1.4314E-09
   1.9000E-07   2.1850E+01   4.0000E+02   4.3925E+04   3.6156E-13   1.4457E-09
   1.9100E-07   2.2000E+01   4.0000E+02   4.3953E+04   3.6424E-13   1.4664E-09
   1.9200E-07   2.2150E+01   4.0000E+02   4.3981E+04   3.6696E-13   1.4875E-09
   1.9300E-07   2.2250E+01   4.0000E+02   4.3999E+04   3.6898E-13   1.5024E-09
   1.9400E-07   2.2350E+01   4.0000E+02   4.4018E+04   3.7103E-13   1.5175E-09
   1.9500E-07   2.2450E+01   4.0000E+02   4.4037E+04   3.7310E-13   1.5328E-09
   1.9600E-07   2.2550E+01   4.0000E+02   4.4055E+04   3.7519E-13   1.5483E-09
   1.9700E-07   2.2700E+01   4.0000E+02   4.4083E+04   3.7804E-13   1.5704E-09
   1.9800E-07   2.2850E+01   4.0000E+02   4.4111E+04   3.8092E-13   1.5928E-09
   1.9900E-07   2.2950E+01   4.0000E+02   4.4129E+04   3.8312E-13   1.6090E-09
   2.0000E-07   2.3050E+01   4.0000E+02   4.4148E+04   3.8534E-13   1.6254E-09
   2.0100E-07   2.3150E+01   4.0000E+02   4.4166E+04   3.8759E-13   1.6420E-09
   2.0200E-07   2.3250E+01   4.0000E+02   4.4184E+04   3.8987E-13   1.6588E-09
   2.0300E-07   2.3350E+01   4.0000E+02   4.4203E+04   3.9218E-13   1.6758E-09
   2.0400E-07   2.3500E+01   4.0000E+02   4.4230E+04   3.9525E-13   1.6998E-09
   2.0500E-07   2.3650E+01   4.0000E+02   4.4258E+04   3.9837E-13   1.7241E-09
   2.0600E-07   2.3750E+01   4.0000E+02   4.4276E+04   4.0081E-13   1.7420E-09
   2.0700E-07   2.3850E+01   4.0000E+02   4.4294E+04   4.0329E-13   1.7602E-09
   2.0800E-07   2.3950E+01   4.0000E+02   4.4312E+04   4.0583E-13   1.7787E-09
   2.0900E-07   2.4050E+01   4.0000E+02   4.4331E+04   4.0840E-13   1.7974E-09
   2.1000E-07   2.4200E+01   4.0000E+02   4.4358E+04   4.1176E-13   1.8235E-09
   2.1100E-07   2.4350E+01   4.0000E+02   4.4385E+04   4.1518E-13   1.8501E-09
   2.1200E-07   2.4450E+01   4.0000E+02   4.4403E+04   4.1791E-13   1.8699E-09
   2.1300E-07   2.4550E+01   4.0000E+02   4.4421E+04   4.2069E-13   1.8900E-09
   2.1400E-07   2.4650E+01   4.0000E+02   4.4439E+04   4.2352E-13   1.9105E-09
   2.1500E-07   2.4750E+01   4.0000E+02   4.4457E+04   4.2640E-13   1.9313E-09
   2.1600E-07   2.4850E+01   4.0000E+02   4.4474E+04   4.2934E-13   1.9524E-09
   2.1700E-07   2.5000E+01   4.0000E+02   4.4501E+04   4.3307E-13   1.9813E-09
   2.1800E-07   2.5150E+01   4.0000E+02   4.4528E+04   4.3688E-13   2.0107E-09
   2.1900E-07   2.5250E+01   4.0000E+02   4.4546E+04   4.4002E-13   2.0332E-09
   2.2000E-07   2.5350E+01   4.0000E+02   4.4564E+04   4.4321E-13   2.0561E-09
   2.2100E-07   2.5450E+01   4.0000E+02   4.4582E+04   4.4646E-13   2.0793E-09
   2.2200E-07   2.5550E+01   4.0000E+02   4.4600E+04   4.4977E-13   2.1030E-09
   2.2300E-07   2.5700E+01   4.0000E+02   4.4627E+04   4.5393E-13   2.1349E-09
   2.2400E-07   2.5850E+01   4.0000E+02   4.4653E+04   4.5821E-13   2.1676E-09
   2.2500E-07   2.5950E+01   4.0000E+02   4.4671E+04   4.6181E-13   2.1931E-09
   2.2600E-07   2.6050E+01   4.0000E+02   4.4689E+04   4.6548E-13   2.2190E-09
   2.2700E-07   2.6150E+01   4.0000E+02   4.4706E+04   4.6923E-13   2.2455E-09
   2.2800E-07   2.6250E+01   4.0000E+02   4.4724E+04   4.7305E-13   2.2724E-09
   2.2900E-07   2.6350E+01   4.0000E+02   4.4741E+04   4.7695E-13   2.2999E-09
   2.3000E-07   2.6500E+01   4.0000E+02   4.4768E+04   4.8172E-13   2.3361E-09
   2.3100E-07   2.6650E+01   4.0000E+02   4.4794E+04   4.8661E-13   2.3732E-09
   2.3200E-07   2.6750E+01   4.0000E+02   4.4811E+04   4.9083E-13   2.4027E-09
   2.3300E-07   2.6850E+01   4.0000E+02   4.4829E+04   4.9514E-13   2.4329E-09
   2.3400E-07   2.6950E+01   4.0000E+02   4.4846E+04   4.9956E-13   2.4637E-09
   2.3500E-07   2.7050E+01   4.0000E+02   4.4863E+04   5.0408E-13   2.4953E-09
   2.3600E-07   2.7200E+01   4.0000E+02   4.4890E+04   5.0952E-13   2.5362E-09
   2.3700E-07   2.7350E+01   4.0000E+02   4.4916E+04   5.1511E-13   2.5782E-09
   2.3800E-07   2.7450E+01   4.0000E+02   4.4933E+04   5.2003E-13   2.6123E-09
   2.3900E-07   2.7550E+01   4.0000E+02   4.4950E+04   5.2505E-13   2.6471E-09
   2.4000E-07   2.7650E+01   4.0000E+02   4.4967E+04   5.3020E-13   2.6828E-09
   2.4100E-07   2.7750E+01   4.0000E+02   4.4985E+04   5.3546E-13   2.7192E-09
   2.4200E-07   2.7850E+01   4.0000E+02   4.5002E+04   5.4084E-13   2.7564E-09
   2.4300E-07   2.8000E+01   4.0000E+02   4.5028E+04   5.4725E-13   2.8041E-09
   2.4400E-07   2.8150E+01   4.0000E+02   4.5054E+04   5.5384E-13   2.8531E-09
   2.4500E-07   2.8250E+01   4.0000E+02   4.5071E+04   5.5976E-13   2.8938E-09
   2.4600E-07   2.8350E+01   4.0000E+02   4.5088E+04   5.6583E-13   2.9355E-09
   2.4700E-07   2.8450E+01   4.0000E+02   4.5105E+04   5.7204E-13   2.9783E-09
   2.4800E-07   2.8550E+01   4.0000E+02   4.5122E+04   5.7842E-13   3.0220E-09
   2.4900E-07   2.8650E+01   4.0000E+02   4.5139E+04   5.8495E-13   3.0669E-09
   2.5000E-07   2.8800E+01   4.0000E+02   4.5165E+04   5.9258E-13   3.1231E-09
   2.5100E-07   2.8950E+01   4.0000E+02   4.5190E+04   6.0045E-13   3.1811E-09
   2.5200E-07   2.9050E+01   4.0000E+02   4.5207E+04   6.0768E-13   3.2305E-09
   2.5300E-07   2.9150E+01   4.0000E+02   4.5224E+04   6.1511E-13   3.2813E-09
   2.5400E-07   2.9250E+01   4.0000E+02   4.5241E+04   6.2273E-13   3.3333E-09
   2.5500E-07   2.9350E+01   4.0000E+02   4.5258E+04   6.3056E-13   3.3868E-09
   2.5600E-07   2.9500E+01   4.0000E+02   4.5283E+04   6.3956E-13   3.4527E-09
   2.5700E-07   2.9650E+01   4.0000E+02   4.5308E+04   6.4886E-13   3.5207E-09
   2.5800E-07   2.9750E+01   4.0000E+02   4.5325E+04   6.5749E-13   3.5795E-09
   2.5900E-07   2.9850E+01   4.0000E+02   4.5342E+04   6.6635E-13   3.6400E-09
   2.6000E-07   2.9950E+01   4.0000E+02   4.5359E+04   6.7547E-13   3.7021E-09
   2.6100E-07   3.0050E+01   4.0000E+02   4.5375E+04   6.8488E-13   3.7663E-09
   2.6200E-07   3.0150E+01   4.0000E+02   4.5392E+04   6.9457E-13   3.8322E-09
   2.6300E-07   3.0300E+01   4.0000E+02   4.5417E+04   7.0559E-13   3.9124E-09
   2.6400E-07   3.0450E+01   4.0000E+02   4.5442E+04   7.1700E-13   3.9954E-09
   2.6500E-07   3.0550E+01   4.0000E+02   4.5459E+04   7.2777E-13   4.0687E-09
   2.6600E-07   3.0650E+01   4.0000E+02   4.5475E+04   7.3880E-13   4.1439E-09
   2.6700E-07   3.0750E+01   4.0000E+02   4.5492E+04   7.5019E-13   4.2215E-09
   2.6800E-07   3.0850E+01   4.0000E+02   4.5509E+04   7.6194E-13   4.3015E-09
   2.6900E-07   3.1000E+01   4.0000E+02   4.5534E+04   7.7520E-13   4.3977E-09
   2.7000E-07   3.1150E+01   4.0000E+02   4.5558E+04   7.8898E-13   4.4976E-09
   2.7100E-07   3.1250E+01   4.0000E+02   4.5575E+04   8.0211E-13   4.5871E-09
   2.7200E-07   3.1350E+01   4.0000E+02   4.5591E+04   8.1559E-13   4.6791E-09
   2.7300E-07   3.1450E+01   4.0000E+02   4.5608E+04   8.2951E-13   4.7741E-09
   2.7400E-07   3.1550E+01   4.0000E+02   4.5624E+04   8.4390E-13   4.8724E-09
   2.7500E-07   3.1650E+01   4.0000E+02   4.5640E+04   8.5879E-13   4.9740E-09
   2.7600E-07   3.1800E+01   4.0000E+02   4.5665E+04   8.7537E-13   5.0941E-09
   2.7700E-07   3.1950E+01   4.0000E+02   4.5689E+04   8.9265E-13   5.2192E-09
   2.7800E-07   3.2050E+01   4.0000E+02   4.5705E+04   9.0935E-13   5.3335E-09
   2.7900E-07   3.2150E+01   4.0000E+02   4.5722E+04   9.2658E-13   5.4515E-09
   2.8000E-07   3.2250E+01   4.0000E+02   4.5738E+04   9.4443E-13   5.5738E-09
   2.8100E-07   3.2350E+01   4.0000E+02   4.5754E+04   9.6287E-13   5.7003E-09
   2.8200E-07   3.2500E+01   4.0000E+02   4.5778E+04   9.8333E-13   5.8484E-09
   2.8300E-07   3.2650E+01   4.0000E+02   4.5803E+04   1.0047E-12   6.0032E-09
   2.8400E-07   3.2750E+01   4.0000E+02   4.5819E+04   1.0255E-12   6.1459E-09
   2.8500E-07   3.2850E+01   4.0000E+02   4.5835E+04   1.0470E-12   6.2940E-09
   2.8600E-07   3.2950E+01   4.0000E+02   4.5851E+04   1.0693E-12   6.4477E-09
   2.8700E-07   3.3050E+01   4.0000E+02   4.5867E+04   1.0923E-12   6.6067E-09
   2.8800E-07   3.3150E+01   4.0000E+02   4.5883E+04   1.1163E-12   6.7718E-09
   2.8900E-07   3.3300E+01   4.0000E+02   4.5907E+04   1.1428E-12   6.9638E-09
   2.9000E-07   3.3450E+01   4.0000E+02   4.5931E+04   1.1704E-12   7.1644E-09
   2.9100E-07   3.3550E+01   4.0000E+02   4.5947E+04   1.1974E-12   7.3516E-09
   2.9200E-07   3.3650E+01   4.0000E+02   4.5963E+04   1.2256E-12   7.5471E-09
   2.9300E-07   3.3750E+01   4.0000E+02   4.5979E+04   1.2548E-12   7.7502E-09
   2.9400E-07   3.3850E+01   4.0000E+02   4.5995E+04   1.2852E-12   7.9611E-09
   2.9500E-07   3.3950E+01   4.0000E+02   4.6011E+04   1.3167E-12   8.1806E-09
   2.9600E-07   3.4100E+01   4.0000E+02   4.6035E+04   1.3514E-12   8.4335E-09
   2.9700E-07   3.4250E+01   4.0000E+02   4.6059E+04   1.3874E-12   8.6961E-09
   2.9800E-07   3.4350E+01   4.0000E+02   4.6075E+04   1.4234E-12   8.9476E-09
   2.9900E-07   3.4450E+01   4.0000E+02   4.6091E+04   1.4608E-12   9.2092E-09
   3.0000E-07   3.4550E+01   4.0000E+02   4.6106E+04   1.4997E-12   9.4820E-09
   3.0100E-07   3.4650E+01   4.0000E+02   4.6122E+04   1.5403E-12   9.7667E-09
   3.0200E-07   3.4800E+01   4.0000E+02   4.6146E+04   1.5846E-12   1.0092E-08
   3.0300E-07   3.4950E+01   4.0000E+02   4.6169E+04   1.6309E-12   1.0431E-08
   3.0400E-07   3.5050E+01   4.0000E+02   4.6185E+04   1.6775E-12   1.0760E-08
   3.0500E-07   3.5150E+01   4.0000E+02   4.6201E+04   1.7261E-12   1.1103E-08
   3.0600E-07   3.5250E+01   4.0000E+02   4.6216E+04   1.7768E-12   1.1461E-08
   3.0700E-07   3.5350E+01   4.0000E+02   4.6232E+04   1.8296E-12   1.1836E-08
   3.0800E-07   3.5450E+01   4.0000E+02   4.6247E+04   1.8847E-12   1.2227E-08
   3.0900E-07   3.5600E+01   4.0000E+02   4.6271E+04   1.9448E-12   1.2670E-08
   3.1000E-07   3.5750E+01   4.0000E+02   4.6294E+04   2.0083E-12   1.3139E-08
   3.1100E-07   3.5850E+01   4.0000E+02   4.6309E+04   2.0723E-12   1.3596E-08
   3.1200E-07   3.5950E+01   4.0000E+02   4.6325E+04   2.1393E-12   1.4074E-08
   3.1300E-07   3.6050E+01   4.0000E+02   4.6340E+04   2.2092E-12   1.4574E-08
   3.1400E-07   3.6150E+01   4.0000E+02   4.6356E+04   2.2825E-12   1.5100E-08
   3.1500E-07   3.6250E+01   4.0000E+02   4.6371E+04   2.3592E-12   1.5651E-08
   3.1600E-07   3.6400E+01   4.0000E+02   4.6394E+04   2.4430E-12   1.6274E-08
   3.1700E-07   3.6550E+01   4.0000E+02   4.6417E+04   2.5313E-12   1.6931E-08
   3.1800E-07   3.6650E+01   4.0000E+02   4.6433E+04   2.6204E-12   1.7575E-08
   3.1900E-07   3.6750E+01   4.0000E+02   4.6448E+04   2.7142E-12   1.8254E-08
   3.2000E-07   3.6850E+01   4.0000E+02   4.6463E+04   2.8128E-12   1.8968E-08
   3.2100E-07   3.6950E+01   4.0000E+02   4.6478E+04   2.9161E-12   1.9718E-08
   3.2200E-07   3.7100E+01   4.0000E+02   4.6501E+04   3.0284E-12   2.0561E-08
   3.2300E-07   3.7250E+01   4.0000E+02   4.6524E+04   3.1477E-12   2.1457E-08
   3.2400E-07   3.7350E+01   4.0000E+02   4.6539E+04   3.2693E-12   2.2346E-08
   3.2500E-07   3.7450E+01   4.0000E+02   4.6555E+04   3.3973E-12   2.3283E-08
   3.2600E-07   3.7550E+01   4.0000E+02   4.6570E+04   3.5319E-12   2.4270E-08
   3.2700E-07   3.7650E+01   4.0000E+02   4.6585E+04   3.6736E-12   2.5311E-08
   3.2800E-07   3.7750E+01   4.0000E+02   4.6600E+04   3.8228E-12   2.6409E-08
   3.2900E-07   3.7900E+01   4.0000E+02   4.6623E+04   3.9864E-12   2.7648E-08
   3.3000E-07   3.8050E+01   4.0000E+02   4.6645E+04   4.1570E-12   2.8946E-08
   3.3100E-07   3.8150E+01   4.0000E+02   4.6660E+04   4.3355E-12   3.0268E-08
   3.3200E-07   3.8250E+01   4.0000E+02   4.6675E+04   4.5229E-12   3.1659E-08
   3.3300E-07   3.8350E+01   4.0000E+02   4.6690E+04   4.7214E-12   3.3135E-08
   3.3400E-07   3.8450E+01   4.0000E+02   4.6705E+04   4.9315E-12   3.4700E-08
   3.3500E-07   3.8550E+01   4.0000E+02   4.6720E+04   5.1538E-12   3.6359E-08
   3.3600E-07   3.8700E+01   4.0000E+02   4.6743E+04   5.3929E-12   3.8193E-08
   3.3700E-07   3.8850E+01   4.0000E+02   4.6765E+04   5.6515E-12   4.0179E-08
   3.3800E-07   3.8950E+01   4.0000E+02   4.6780E+04   5.9184E-12   4.2185E-08
   3.3900E-07   3.9050E+01   4.0000E+02   4.6795E+04   6.2020E-12   4.4320E-08
   3.4000E-07   3.9150E+01   4.0000E+02   4.6810E+04   6.5004E-12   4.6572E-08
   3.4100E-07   3.9250E+01   4.0000E+02   4.6825E+04   6.8194E-12   4.8982E-08
   3.4200E-07   3.9400E+01   4.0000E+02   4.6847E+04   7.1647E-12   5.1659E-08
   3.4300E-07   3.9550E+01   4.0000E+02   4.6869E+04   7.5365E-12   5.4546E-08
   3.4400E-07   3.9650E+01   4.0000E+02   4.6884E+04   7.9246E-12   5.7500E-08
   3.4500E-07   3.9750E+01   4.0000E+02   4.6899E+04   8.3349E-12   6.0630E-08
   3.4600E-07   3.9850E+01   4.0000E+02   4.6914E+04   8.7740E-12   6.3985E-08
   3.4700E-07   3.9950E+01   4.0000E+02   4.6929E+04   9.2414E-12   6.7562E-08
   3.4800E-07   4.0050E+01   4.0000E+02   4.6943E+04   9.7372E-12   7.1365E-08
   3.4900E-07   4.0200E+01   4.0000E+02   4.6965E+04   1.0284E-11   7.5655E-08
   3.5000E-07   4.0350E+01   4.0000E+02   4.6987E+04   1.0866E-11   8.0234E-08
   3.5100E-07   4.0450E+01   4.0000E+02   4.7002E+04   1.1481E-11   8.4986E-08
   3.5200E-07   4.0550E+01   4.0000E+02   4.7017E+04   1.2135E-11   9.0053E-08
   3.5300E-07   4.0650E+01   4.0000E+02   4.7031E+04   1.2837E-11   9.5497E-08
   3.5400E-07   4.0750E+01   4.0000E+02   4.7046E+04   1.3591E-11   1.0135E-07
   3.5500E-07   4.0850E+01   4.0000E+02   4.7060E+04   1.4395E-11   1.0761E-07
   3.5600E-07   4.1000E+01   4.0000E+02   4.7082E+04   1.5279E-11   1.1464E-07
   3.5700E-07   4.1150E+01   4.0000E+02   4.7104E+04   1.6233E-11   1.2224E-07
   3.5800E-07   4.1250E+01   4.0000E+02   4.7119E+04   1.7241E-11   1.3015E-07
   3.5900E-07   4.1350E+01   4.0000E+02   4.7133E+04   1.8322E-11   1.3864E-07
   3.6000E-07   4.1450E+01   4.0000E+02   4.7148E+04   1.9482E-11   1.4778E-07
   3.6100E-07   4.1550E+01   4.0000E+02   4.7162E+04   2.0734E-11   1.5765E-07
   3.6200E-07   4.1650E+01   4.0000E+02   4.7177E+04   2.2082E-11   1.6831E-07
   3.6300E-07   4.1800E+01   4.0000E+02   4.7198E+04   2.3560E-11   1.8022E-07
   3.6400E-07   4.1950E+01   4.0000E+02   4.7220E+04   2.5164E-11   1.9318E-07
   3.6500E-07   4.2050E+01   4.0000E+02   4.7234E+04   2.6872E-11   2.0679E-07
   3.6600E-07   4.2150E+01   4.0000E+02   4.7249E+04   2.8715E-11   2.2149E-07
   3.6700E-07   4.2250E+01   4.0000E+02   4.7263E+04   3.0704E-11   2.3740E-07
   3.6800E-07   4.2350E+01   4.0000E+02   4.7277E+04   3.2854E-11   2.5462E-07
   3.6900E-07   4.2500E+01   4.0000E+02   4.7299E+04   3.5237E-11   2.7406E-07
   3.7000E-07   4.2650E+01   4.0000E+02   4.7320E+04   3.7833E-11   2.9529E-07
   3.7100E-07   4.2750E+01   4.0000E+02   4.7334E+04   4.0608E-11   3.1769E-07
   3.7200E-07   4.2850E+01   4.0000E+02   4.7349E+04   4.3620E-11   3.4205E-07
   3.7300E-07   4.2950E+01   4.0000E+02   4.7363E+04   4.6891E-11   3.6856E-07
   3.7400E-07   4.3050E+01   4.0000E+02   4.7377E+04   5.0435E-11   3.9733E-07
   3.7500E-07   4.3150E+01   4.0000E+02   4.7391E+04   5.4289E-11   4.2869E-07
   3.7600E-07   4.3300E+01   4.0000E+02   4.7412E+04   5.8562E-11   4.6404E-07
   3.7700E-07   4.3450E+01   4.0000E+02   4.7433E+04   6.3242E-11   5.0286E-07
   3.7800E-07   4.3550E+01   4.0000E+02   4.7447E+04   6.8287E-11   5.4422E-07
   3.7900E-07   4.3650E+01   4.0000E+02   4.7461E+04   7.3795E-11   5.8947E-07
   3.8000E-07   4.3750E+01   4.0000E+02   4.7475E+04   7.9814E-11   6.3901E-07
   3.8100E-07   4.3850E+01   4.0000E+02   4.7489E+04   8.6394E-11   6.9328E-07
   3.8200E-07   4.3950E+01   4.0000E+02   4.7503E+04   9.3595E-11   7.5277E-07
   3.8300E-07   4.4100E+01   4.0000E+02   4.7524E+04   1.0162E-10   8.2010E-07
   3.8400E-07   4.4250E+01   4.0000E+02   4.7545E+04   1.1047E-10   8.9452E-07
   3.8500E-07   4.4350E+01   4.0000E+02   4.7559E+04   1.2007E-10   9.7446E-07
   3.8600E-07   4.4450E+01   4.0000E+02   4.7573E+04   1.3061E-10   1.0625E-06
   3.8700E-07   4.4550E+01   4.0000E+02   4.7587E+04   1.4221E-10   1.1594E-06
   3.8800E-07   4.4650E+01   4.0000E+02   4.7601E+04   1.5498E-10   1.2663E-06
   3.8900E-07   4.4750E+01   4.0000E+02   4.7615E+04   1.6904E-10   1.3843E-06
   3.9000E-07   4.4900E+01   4.0000E+02   4.7636E+04   1.8472E-10   1.5178E-06
   3.9100E-07   4.5050E+01   4.0000E+02   4.7656E+04   2.0219E-10   1.6669E-06
   3.9200E-07   4.5150E+01   4.0000E+02   4.7670E+04   2.2129E-10   1.8284E-06
   3.9300E-07   4.5250E+01   4.0000E+02   4.7684E+04   2.4235E-10   2.0069E-06
   3.9400E-07   4.5350E+01   4.0000E+02   4.7698E+04   2.6569E-10   2.2050E-06
   3.9500E-07   4.5450E+01   4.0000E+02   4.7712E+04   2.9149E-10   2.4244E-06
   3.9600E-07   4.5600E+01   4.0000E+02   4.7732E+04   3.2056E-10   2.6750E-06
   3.9700E-07   4.5750E+01   4.0000E+02   4.7753E+04   3.5298E-10   2.9553E-06
   3.9800E-07   4.5850E+01   4.0000E+02   4.7766E+04   3.8871E-10   3.2615E-06
   3.9900E-07   4.5950E+01   4.0000E+02   4.7780E+04   4.2840E-10   3.6023E-06
   4.0000E-07   4.6050E+01   4.0000E+02   4.7794E+04   4.7266E-10   3.9832E-06
   4.0100E-07   4.6150E+01   4.0000E+02   4.7807E+04   5.2193E-10   4.4079E-06
   4.0200E-07   4.6250E+01   4.0000E+02   4.7821E+04   5.7699E-10   4.8835E-06
   4.0300E-07   4.6400E+01   4.0000E+02   4.7841E+04   6.3928E-10   5.4282E-06
   4.0400E-07   4.6550E+01   4.0000E+02   4.7862E+04   7.0933E-10   6.0425E-06
   4.0500E-07   4.6650E+01   4.0000E+02   4.7875E+04   7.8713E-10   6.7197E-06
   4.0600E-07   4.6750E+01   4.0000E+02   4.7889E+04   8.7423E-10   7.4792E-06
   4.0700E-07   4.6850E+01   4.0000E+02   4.7903E+04   9.7202E-10   8.3337E-06
   4.0800E-07   4.6950E+01   4.0000E+02   4.7916E+04   1.0816E-09   9.2926E-06
   4.0900E-07   4.7050E+01   4.0000E+02   4.7930E+04   1.2048E-09   1.0374E-05
   4.1000E-07   4.7200E+01   4.0000E+02   4.7950E+04   1.3453E-09   1.1620E-05
   4.1100E-07   4.7350E+01   4.0000E+02   4.7970E+04   1.5042E-09   1.3034E-05
   4.1200E-07   4.7450E+01   4.0000E+02   4.7984E+04   1.6824E-09   1.4609E-05
   4.1300E-07   4.7550E+01   4.0000E+02   4.7997E+04   1.8832E-09   1.6387E-05
   4.1400E-07   4.7650E+01   4.0000E+02   4.8011E+04   2.1105E-09   1.8404E-05
   4.1500E-07   4.7750E+01   4.0000E+02   4.8024E+04   2.3678E-09   2.0691E-05
   4.1600E-07   4.7850E+01   4.0000E+02   4.8038E+04   2.6590E-09   2.3284E-05
   4.1700E-07   4.8000E+01   4.0000E+02   4.8058E+04   2.9927E-09   2.6288E-05
   4.1800E-07   4.8150E+01   4.0000E+02   4.8078E+04   3.3735E-09   2.9726E-05
   4.1900E-07   4.8250E+01   4.0000E+02   4.8091E+04   3.8036E-09   3.3584E-05
   4.2000E-07   4.8350E+01   4.0000E+02   4.8104E+04   4.2938E-09   3.7991E-05
   4.2100E-07   4.8450E+01   4.0000E+02   4.8118E+04   4.8509E-09   4.3010E-05
   4.2200E-07   4.8550E+01   4.0000E+02   4.8131E+04   5.4876E-09   4.8755E-05
   4.2300E-07   4.8650E+01   4.0000E+02   4.8144E+04   6.2138E-09   5.5321E-05
   4.2400E-07   4.8800E+01   4.0000E+02   4.8164E+04   7.0557E-09   6.3010E-05
   4.2500E-07   4.8950E+01   4.0000E+02   4.8184E+04   8.0231E-09   7.1870E-05
   4.2600E-07   4.9050E+01   4.0000E+02   4.8197E+04   9.1245E-09   8.1903E-05
   4.2700E-07   4.9150E+01   4.0000E+02   4.8211E+04   1.0390E-08   9.3456E-05
   4.2800E-07   4.9250E+01   4.0000E+02   4.8224E+04   1.1842E-08   1.0673E-04
   4.2900E-07   4.9350E+01   4.0000E+02   4.8237E+04   1.3512E-08   1.2203E-04
   4.3000E-07   4.9450E+01   4.0000E+02   4.8250E+04   1.5439E-08   1.3971E-04
   4.3100E-07   4.9600E+01   4.0000E+02   4.8270E+04   1.7687E-08   1.6054E-04
   4.3200E-07   4.9750E+01   4.0000E+02   4.8290E+04   2.0295E-08   1.8477E-04
   4.3300E-07   4.9850E+01   4.0000E+02   4.8303E+04   2.3294E-08   2.1250E-04
   4.3400E-07   4.9950E+01   4.0000E+02   4.8316E+04   2.6766E-08   2.4466E-04
   4.3500E-07   5.0050E+01   4.0000E+02   4.8329E+04   3.0785E-08   2.8196E-04
   4.3600E-07   5.0150E+01   4.0000E+02   4.8342E+04   3.5455E-08   3.2538E-04
   4.3700E-07   5.0250E+01   4.0000E+02   4.8355E+04   4.0892E-08   3.7603E-04
   4.3800E-07   5.0400E+01   4.0000E+02   4.8375E+04   4.7279E-08   4.3606E-04
   4.3900E-07   5.0550E+01   4.0000E+02   4.8394E+04   5.4761E-08   5.0658E-04
   4.4000E-07   5.0650E+01   4.0000E+02   4.8407E+04   6.3455E-08   5.8816E-04
   4.4100E-07   5.0750E+01   4.0000E+02   4.8420E+04   7.3618E-08   6.8371E-04
   4.4200E-07   5.0850E+01   4.0000E+02   4.8433E+04   8.5503E-08   7.9565E-04
   4.4300E-07   5.0950E+01   4.0000E+02   4.8446E+04   9.9424E-08   9.2702E-04
   4.4400E-07   5.1100E+01   4.0000E+02   4.8465E+04   1.1595E-07   1.0843E-03
   4.4500E-07   5.1250E+01   4.0000E+02   4.8484E+04   1.3542E-07   1.2701E-03
   4.4600E-07   5.1350E+01   4.0000E+02   4.8497E+04   1.5827E-07   1.4872E-03
   4.4700E-07   5.1450E+01   4.0000E+02   4.8510E+04   1.8521E-07   1.7439E-03
   4.4800E-07   5.1550E+01   4.0000E+02   4.8523E+04   2.1699E-07   2.0470E-03
   4.4900E-07   5.1650E+01   4.0000E+02   4.8536E+04   2.5455E-07   2.4060E-03
   4.5000E-07   5.1750E+01   4.0000E+02   4.8549E+04   2.9897E-07   2.8313E-03
   4.5100E-07   5.1900E+01   4.0000E+02   4.8568E+04   3.5208E-07   3.3440E-03
   4.5200E-07   5.2050E+01   4.0000E+02   4.8587E+04   4.1547E-07   3.9574E-03
   4.5300E-07   5.2150E+01   4.0000E+02   4.8600E+04   4.9046E-07   4.6807E-03
   4.5400E-07   5.2250E+01   4.0000E+02   4.8613E+04   5.7998E-07   5.5456E-03
   4.5500E-07   5.2350E+01   4.0000E+02   4.8625E+04   6.8653E-07   6.5770E-03
   4.5600E-07   5.2450E+01   4.0000E+02   4.8638E+04   8.1392E-07   7.8123E-03
   4.5700E-07   5.2550E+01   4.0000E+02   4.8651E+04   9.6620E-07   9.2916E-03
   4.5800E-07   5.2700E+01   4.0000E+02   4.8670E+04   1.1500E-06   1.1091E-02
   4.5900E-07   5.2850E+01   4.0000E+02   4.8689E+04   1.3715E-06   1.3264E-02
   4.6000E-07   5.2950E+01   4.0000E+02   4.8702E+04   1.6366E-06   1.5859E-02
   4.6100E-07   5.3050E+01   4.0000E+02   4.8714E+04   1.9554E-06   1.8983E-02
   4.6200E-07   5.3150E+01   4.0000E+02   4.8727E+04   2.3393E-06   2.2753E-02
   4.6300E-07   5.3250E+01   4.0000E+02   4.8739E+04   2.8027E-06   2.7312E-02
   4.6400E-07   5.3350E+01   4.0000E+02   4.8752E+04   3.3627E-06   3.2830E-02
   4.6500E-07   5.3500E+01   4.0000E+02   4.8771E+04   4.0455E-06   3.9607E-02
   4.6600E-07   5.3650E+01   4.0000E+02   4.8790E+04   4.8768E-06   4.7880E-02
   4.6700E-07   5.3750E+01   4.0000E+02   4.8802E+04   5.8834E-06   5.7871E-02
   4.6800E-07   5.3850E+01   4.0000E+02   4.8815E+04   7.1078E-06   7.0044E-02
   4.6900E-07   5.3950E+01   4.0000E+02   4.8827E+04   8.5978E-06   8.4885E-02
   4.7000E-07   5.4050E+01   4.0000E+02   4.8840E+04   1.0417E-05   1.0303E-01
   4.7100E-07   5.4150E+01   4.0000E+02   4.8852E+04   1.2636E-05   1.2522E-01
   4.7200E-07   5.4300E+01   4.0000E+02   4.8871E+04   1.5377E-05   1.5280E-01
   4.7300E-07   5.4450E+01   4.0000E+02   4.8890E+04   1.8755E-05   1.8688E-01
   4.7400E-07   5.4550E+01   4.0000E+02   4.8902E+04   2.2893E-05   2.2854E-01
   4.7500E-07   5.4650E+01   4.0000E+02   4.8915E+04   2.7988E-05   2.7990E-01
   4.7600E-07   5.4750E+01   4.0000E+02   4.8927E+04   3.4259E-05   3.4324E-01
   4.7700E-07   5.4850E+01   4.0000E+02   4.8939E+04   4.1995E-05   4.2153E-01
   4.7800E-07   5.4950E+01   4.0000E+02   4.8952E+04   5.1565E-05   5.1853E-01
   4.7900E-07   5.5100E+01   4.0000E+02   4.8970E+04   6.3495E-05   6.4024E-01
   4.8000E-07   5.5250E+01   4.0000E+02   4.8989E+04   7.8343E-05   7.9211E-01
   4.8100E-07   5.5350E+01   4.0000E+02   4.9001E+04   9.6763E-05   9.8012E-01
   4.8200E-07   5.5450E+01   4.0000E+02   4.9013E+04   1.1969E-04   1.2145E+00
   4.8300E-07   5.5550E+01   4.0000E+02   4.9026E+04   1.4830E-04   1.5076E+00
   4.8400E-07   5.5650E+01   4.0000E+02   4.9038E+04   1.8405E-04   1.8744E+00
   4.8500E-07   5.5750E+01   4.0000E+02   4.9051E+04   2.2876E-04   2.3339E+00
   4.8600E-07   5.5900E+01   4.0000E+02   4.9069E+04   2.8517E-04   2.9172E+00
   4.8700E-07   5.6050E+01   4.0000E+02   4.9088E+04   3.5634E-04   3.6550E+00
   4.8800E-07   5.6150E+01   4.0000E+02   4.9100E+04   4.4561E-04   4.5789E+00
   4.8900E-07   5.6250E+01   4.0000E+02   4.9112E+04   5.5816E-04   5.7456E+00
   4.9000E-07   5.6350E+01   4.0000E+02   4.9124E+04   7.0024E-04   7.2209E+00
   4.9100E-07   5.6450E+01   4.0000E+02   4.9137E+04   8.8000E-04   9.0908E+00
   4.9200E-07   5.6550E+01   4.0000E+02   4.9149E+04   1.1076E-03   1.1463E+01
   4.9300E-07   5.6700E+01   4.0000E+02   4.9167E+04   1.3983E-03   1.4509E+01
   4.9400E-07   5.6850E+01   4.0000E+02   4.9186E+04   1.7698E-03   1.8412E+01
   4.9500E-07   5.6950E+01   4.0000E+02   4.9198E+04   2.2418E-03   2.3363E+01
   4.9600E-07   5.7050E+01   4.0000E+02   4.9210E+04   2.8440E-03   2.9692E+01
   4.9700E-07   5.7150E+01   4.0000E+02   4.9222E+04   3.6143E-03   3.7800E+01
   4.9800E-07   5.7250E+01   4.0000E+02   4.9235E+04   4.6013E-03   4.8207E+01
   4.9900E-07   5.7350E+01   4.0000E+02   4.9247E+04   5.8679E-03   6.1584E+01
   5.0000E-07   5.7500E+01   4.0000E+02   4.9265E+04   7.5050E-03   7.8971E+01
   5.0100E-07   5.7650E+01   4.0000E+02   4.9283E+04   9.6232E-03   1.0152E+02
   5.0200E-07   5.7750E+01   4.0000E+02   4.9295E+04   1.2352E-02   1.3054E+02
   5.0300E-07   5.7850E+01   4.0000E+02   4.9307E+04   1.5882E-02   1.6814E+02
   5.0400E-07   5.7950E+01   4.0000E+02   4.9320E+04   2.0456E-02   2.1693E+02
   5.0500E-07   5.8050E+01   4.0000E+02   4.9332E+04   2.6391E-02   2.8036E+02
   5.0600E-07   5.8150E+01   4.0000E+02   4.9344E+04   3.4104E-02   3.6291E+02
   5.0700E-07   5.8300E+01   4.0000E+02   4.9361E+04   4.4209E-02   4.7167E+02
   5.0800E-07   5.8450E+01   4.0000E+02   4.9379E+04   5.7471E-02   6.1473E+02
   5.0900E-07   5.8550E+01   4.0000E+02   4.9391E+04   7.4793E-02   8.0139E+02
   5.1000E-07   5.8650E+01   4.0000E+02   4.9403E+04   9.7508E-02   1.0466E+03
   5.1100E-07   5.8750E+01   4.0000E+02   4.9415E+04   1.2736E-01   1.3693E+03
   5.1200E-07   5.8850E+01   4.0000E+02   4.9427E+04   1.6664E-01   1.7946E+03
   5.1300E-07   5.8950E+01   4.0000E+02   4.9438E+04   2.1840E-01   2.3561E+03
   5.1400E-07   5.9050E+01   4.0000E+02   4.9450E+04   2.8684E-01   3.0996E+03
   5.1500E-07   5.9200E+01   4.0000E+02   4.9468E+04   3.7791E-01   4.0942E+03
   5.1600E-07   5.9350E+01   4.0000E+02   4.9485E+04   4.9955E-01   5.4256E+03
   5.1700E-07   5.9450E+01   4.0000E+02   4.9496E+04   6.6127E-01   7.1942E+03
   5.1800E-07   5.9550E+01   4.0000E+02   4.9508E+04   8.7698E-01   9.5571E+03
   5.1900E-07   5.9650E+01   4.0000E+02   4.9519E+04   1.1658E+00   1.2726E+04
   5.2000E-07   5.9750E+01   4.0000E+02   4.9530E+04   1.5536E+00   1.6988E+04
   5.2100E-07   5.9850E+01   4.0000E+02   4.9541E+04   2.0758E+00   2.2736E+04
   5.2200E-07   6.0000E+01   4.0000E+02   4.9557E+04   2.7849E+00   3.0578E+04
   5.2300E-07   6.0150E+01   4.0000E+02   4.9573E+04   3.7529E+00   4.1310E+04
   5.2400E-07   6.0250E+01   4.0000E+02   4.9582E+04   5.0719E+00   5.5921E+04
   5.2500E-07   6.0350E+01   4.0000E+02   4.9591E+04   6.8853E+00   7.6042E+04
   5.2600E-07   6.0450E+01   4.0000E+02   4.9598E+04   9.3964E+00   1.0395E+05
   5.2700E-07   6.0550E+01   4.0000E+02   4.9604E+04   1.2906E+01   1.4300E+05
   5.2800E-07   6.0650E+01   4.0000E+02   4.9607E+04   1.7867E+01   1.9831E+05
   5.2900E-07   6.0800E+01   4.0000E+02   4.9614E+04   2.5038E+01   2.7858E+05
   5.3000E-07   6.0950E+01   4.0000E+02   4.9616E+04   3.5617E+01   3.9726E+05
   5.3100E-07   6.1050E+01   4.0000E+02   4.9607E+04   5.1609E+01   5.7658E+05
   5.3200E-07   6.1150E+01   4.0000E+02   4.9587E+04   7.6761E+01   8.5898E+05
   5.3300E-07   6.1250E+01   4.0000E+02   4.9556E+04   1.1856E+02   1.3289E+06
   5.3400E-07   6.1350E+01   4.0000E+02   4.9230E+04   1.9713E+02   2.2131E+06
   5.3500E-07   6.1450E+01   4.0000E+02   4.8975E+04   3.5985E+02   4.0466E+06
   5.3600E-07   6.1600E+01   4.0000E+02   4.8503E+04   7.7943E+02   8.7859E+06
   5.3700E-07   6.1750E+01   4.0000E+02   4.7358E+04   2.3971E+03   2.7084E+07
   5.3800E-07   6.1850E+01   4.0000E+02   4.3862E+04   1.9156E+04   2.1664E+08
   5.3900E-07   6.1950E+01   4.0000E+02   3.3577E+04   1.6324E+06   1.7379E+10
   5.4000E-07   6.2050E+01   4.0000E+02   3.1222E+04   2.0115E+07   2.8507E+10
