       Time_s           01           02           03           04           05
   0.0000E+00   1.7689E+02   3.0315E+02   0.0000E+00   0.0000E+00   0.0000E+00
   1.0000E-06   1.7689E+02   3.0315E+02   4.7456E+04   2.0217E-06   8.6618E-02
   2.0000E-06   1.2488E+03   3.0315E+02   9.7759E+04   1.0608E-05   3.2084E+00
   3.0000E-06   1.4486E+03   3.0315E+02   1.0691E+05   1.1770E-05   4.1294E+00
   4.0000E-06   1.4811E+03   3.0315E+02   1.0840E+05   1.1948E-05   4.2859E+00
   5.0000E-06   1.4864E+03   3.0315E+02   1.0864E+05   1.1977E-05   4.3118E+00
   6.0000E-06   1.4864E+03   3.0315E+02   1.0864E+05   1.1977E-05   4.3118E+00
   7.0000E-06   1.4864E+03   3.0315E+02   1.0864E+05   1.1977E-05   4.3118E+00
   8.0000E-06   1.4864E+03   3.0315E+02   1.0864E+05   1.1977E-05   4.3118E+00
   9.0000E-06   1.4864E+03   3.0315E+02   1.0864E+05   1.1977E-05   4.3118E+00
   1.0000E-05   1.4864E+03   3.0315E+02   1.0864E+05   1.1977E-05   4.3118E+00
   1.1000E-05   1.4864E+03   3.0315E+02   1.0864E+05   1.1977E-05   4.3118E+00
   1.2000E-05   1.4864E+03   3.0315E+02   1.0864E+05   1.1977E-05   4.3118E+00
   1.3000E-05   1.4864E+03   3.0315E+02   1.0864E+05   1.1977E-05   4.3118E+00
   1.4000E-05   1.4864E+03   3.0315E+02   1.0864E+05   1.1977E-05   4.3118E+00
   1.5000E-05   1.4864E+03   3.0315E+02   1.0864E+05   1.1977E-05   4.3118E+00
   1.6000E-05   1.4864E+03   3.0315E+02   1.0864E+05   1.1977E-05   4.3118E+00
   1.7000E-05   1.4864E+03   3.0315E+02   1.0864E+05   1.1977E-05   4.3118E+00
   1.8000E-05   1.4864E+03   3.0315E+02   1.0864E+05   1.1977E-05   4.3118E+00
   1.9000E-05   1.4864E+03   3.0315E+02   1.0864E+05   1.1977E-05   4.3118E+00
   2.0000E-05   1.4864E+03   3.0315E+02   1.0864E+05   1.1977E-05   4.3118E+00
   2.1000E-05   1.4864E+03   3.0315E+02   1.0864E+05   1.1977E-05   4.3118E+00
   2.2000E-05   1.4864E+03   3.0315E+02   1.0864E+05   1.1977E-05   4.3118E+00
   2.3000E-05   1.4864E+03   3.0315E+02   1.0864E+05   1.1977E-05   4.3118E+00
   2.4000E-05   1.4864E+03   3.0315E+02   1.0864E+05   1.1977E-05   4.3118E+00
   2.5000E-05   1.4873E+03   3.0315E+02   1.0864E+05   1.1984E-05   4.3169E+00
   2.6000E-05   1.4864E+03   3.0315E+02   1.0864E+05   1.1977E-05   4.3118E+00
   2.7000E-05   1.4864E+03   3.0315E+02   1.0864E+05   1.1977E-05   4.3118E+00
   2.8000E-05   1.4864E+03   3.0315E+02   1.0864E+05   1.1977E-05   4.3118E+00
   2.9000E-05   1.4873E+03   3.0315E+02   1.0864E+05   1.1984E-05   4.3169E+00
   3.0000E-05   1.4864E+03   3.0315E+02   1.0864E+05   1.1977E-05   4.3118E+00
   3.1000E-05   1.4864E+03   3.0315E+02   1.0864E+05   1.1977E-05   4.3118E+00
   3.2000E-05   1.4864E+03   3.0315E+02   1.0864E+05   1.1977E-05   4.3118E+00
   3.3000E-05   1.4873E+03   3.0315E+02   1.0864E+05   1.1984E-05   4.3169E+00
   3.4000E-05   1.4864E+03   3.0315E+02   1.0864E+05   1.1977E-05   4.3118E+00
   3.5000E-05   1.4864E+03   3.0315E+02   1.0864E+05   1.1977E-05   4.3118E+00
   3.6000E-05   1.4864E+03   3.0315E+02   1.0864E+05   1.1977E-05   4.3118E+00
   3.7000E-05   1.4873E+03   3.0315E+02   1.0864E+05   1.1984E-05   4.3169E+00
   3.8000E-05   1.4864E+03   3.0315E+02   1.0864E+05   1.1977E-05   4.3118E+00
   3.9000E-05   1.4864E+03   3.0315E+02   1.0864E+05   1.1977E-05   4.3118E+00
   4.0000E-05   1.4873E+03   3.0315E+02   1.0864E+05   1.1984E-05   4.3169E+00
   4.1000E-05   1.4864E+03   3.0315E+02   1.0864E+05   1.1976E-05   4.3118E+00
   4.2000E-05   1.4864E+03   3.0315E+02   1.0864E+05   1.1976E-05   4.3118E+00
   4.3000E-05   1.4864E+03   3.0315E+02   1.0864E+05   1.1976E-05   4.3118E+00
   4.4000E-05   1.4873E+03   3.0315E+02   1.0864E+05   1.1984E-05   4.3169E+00
   4.5000E-05   1.4864E+03   3.0315E+02   1.0864E+05   1.1976E-05   4.3118E+00
   4.6000E-05   1.4873E+03   3.0315E+02   1.0864E+05   1.1984E-05   4.3169E+00
   4.7000E-05   1.4864E+03   3.0315E+02   1.0864E+05   1.1976E-05   4.3118E+00
   4.8000E-05   1.4873E+03   3.0315E+02   1.0864E+05   1.1984E-05   4.3169E+00
   4.9000E-05   1.4873E+03   3.0315E+02   1.0864E+05   1.1984E-05   4.3169E+00
   5.0000E-05   1.4864E+03   3.0315E+02   1.0864E+05   1.1976E-05   4.3118E+00
   5.1000E-05   1.4873E+03   3.0315E+02   1.0864E+05   1.1984E-05   4.3169E+00
   5.2000E-05   1.4864E+03   3.0315E+02   1.0864E+05   1.1976E-05   4.3118E+00
   5.3000E-05   1.4873E+03   3.0315E+02   1.0864E+05   1.1984E-05   4.3169E+00
   5.4000E-05   1.4864E+03   3.0315E+02   1.0864E+05   1.1976E-05   4.3117E+00
   5.5000E-05   1.4864E+03   3.0315E+02   1.0864E+05   1.1976E-05   4.3117E+00
   5.6000E-05   1.4873E+03   3.0315E+02   1.0864E+05   1.1984E-05   4.3169E+00
   5.7000E-05   1.4864E+03   3.0315E+02   1.0864E+05   1.1976E-05   4.3117E+00
   5.8000E-05   1.4864E+03   3.0315E+02   1.0864E+05   1.1976E-05   4.3117E+00
   5.9000E-05   1.4873E+03   3.0315E+02   1.0864E+05   1.1984E-05   4.3169E+00
   6.0000E-05   1.4864E+03   3.0315E+02   1.0864E+05   1.1976E-05   4.3117E+00
   6.1000E-05   1.4864E+03   3.0315E+02   1.0864E+05   1.1976E-05   4.3117E+00
   6.2000E-05   1.4873E+03   3.0315E+02   1.0864E+05   1.1984E-05   4.3169E+00
   6.3000E-05   1.4864E+03   3.0315E+02   1.0864E+05   1.1976E-05   4.3117E+00
   6.4000E-05   1.4864E+03   3.0315E+02   1.0864E+05   1.1976E-05   4.3117E+00
   6.5000E-05   1.4864E+03   3.0315E+02   1.0864E+05   1.1976E-05   4.3117E+00
   6.6000E-05   1.4864E+03   3.0315E+02   1.0864E+05   1.1976E-05   4.3117E+00
   6.7000E-05   1.4864E+03   3.0315E+02   1.0864E+05   1.1976E-05   4.3117E+00
   6.8000E-05   1.4873E+03   3.0315E+02   1.0864E+05   1.1984E-05   4.3169E+00
   6.9000E-05   1.4864E+03   3.0315E+02   1.0864E+05   1.1976E-05   4.3117E+00
   7.0000E-05   1.4864E+03   3.0315E+02   1.0864E+05   1.1976E-05   4.3117E+00
   7.1000E-05   1.4864E+03   3.0315E+02   1.0864E+05   1.1976E-05   4.3117E+00
   7.2000E-05   1.4864E+03   3.0315E+02   1.0864E+05   1.1976E-05   4.3117E+00
   7.3000E-05   1.4864E+03   3.0315E+02   1.0864E+05   1.1976E-05   4.3117E+00
   7.4000E-05   1.4864E+03   3.0315E+02   1.0864E+05   1.1976E-05   4.3117E+00
   7.5000E-05   1.4864E+03   3.0315E+02   1.0864E+05   1.1976E-05   4.3117E+00
   7.6000E-05   1.4864E+03   3.0315E+02   1.0864E+05   1.1976E-05   4.3117E+00
   7.7000E-05   1.4864E+03   3.0315E+02   1.0864E+05   1.1976E-05   4.3117E+00
   7.8000E-05   1.4864E+03   3.0315E+02   1.0864E+05   1.1976E-05   4.3117E+00
   7.9000E-05   1.4864E+03   3.0315E+02   1.0864E+05   1.1976E-05   4.3117E+00
   8.0000E-05   1.4864E+03   3.0315E+02   1.0864E+05   1.1976E-05   4.3117E+00
   8.1000E-05   1.4864E+03   3.0315E+02   1.0864E+05   1.1976E-05   4.3117E+00
   8.2000E-05   1.4864E+03   3.0315E+02   1.0864E+05   1.1976E-05   4.3117E+00
   8.3000E-05   1.4864E+03   3.0315E+02   1.0864E+05   1.1976E-05   4.3117E+00
   8.4000E-05   1.4864E+03   3.0315E+02   1.0864E+05   1.1976E-05   4.3117E+00
   8.5000E-05   1.4864E+03   3.0315E+02   1.0864E+05   1.1976E-05   4.3117E+00
   8.6000E-05   1.4864E+03   3.0315E+02   1.0864E+05   1.1976E-05   4.3117E+00
   8.7000E-05   1.4864E+03   3.0315E+02   1.0864E+05   1.1976E-05   4.3117E+00
   8.8000E-05   1.4864E+03   3.0315E+02   1.0864E+05   1.1976E-05   4.3117E+00
   8.9000E-05   1.4864E+03   3.0315E+02   1.0864E+05   1.1976E-05   4.3117E+00
   9.0000E-05   1.4864E+03   3.0315E+02   1.0864E+05   1.1976E-05   4.3117E+00
   9.1000E-05   1.4864E+03   3.0315E+02   1.0864E+05   1.1976E-05   4.3117E+00
   9.2000E-05   1.4864E+03   3.0315E+02   1.0864E+05   1.1976E-05   4.3117E+00
   9.3000E-05   1.4864E+03   3.0315E+02   1.0864E+05   1.1976E-05   4.3117E+00
   9.4000E-05   1.4864E+03   3.0315E+02   1.0864E+05   1.1976E-05   4.3117E+00
   9.5000E-05   1.4864E+03   3.0315E+02   1.0864E+05   1.1976E-05   4.3117E+00
   9.6000E-05   1.4864E+03   3.0315E+02   1.0864E+05   1.1976E-05   4.3116E+00
   9.7000E-05   1.4864E+03   3.0315E+02   1.0864E+05   1.1976E-05   4.3116E+00
   9.8000E-05   1.4864E+03   3.0315E+02   1.0864E+05   1.1976E-05   4.3116E+00
   9.9000E-05   1.4864E+03   3.0315E+02   1.0864E+05   1.1976E-05   4.3116E+00
   1.0000E-04   1.4864E+03   3.0315E+02   1.0864E+05   1.1976E-05   4.3116E+00
   1.0100E-04   1.4864E+03   3.0315E+02   1.0864E+05   1.1976E-05   4.3116E+00
   1.1100E-04   1.4864E+03   3.0315E+02   1.0864E+05   1.1976E-05   4.3116E+00
   1.2100E-04   1.4864E+03   3.0315E+02   1.0864E+05   1.1976E-05   4.3116E+00
   1.3100E-04   1.4864E+03   3.0315E+02   1.0864E+05   1.1976E-05   4.3116E+00
   1.4100E-04   1.4864E+03   3.0315E+02   1.0864E+05   1.1976E-05   4.3115E+00
   1.5100E-04   1.4864E+03   3.0315E+02   1.0864E+05   1.1976E-05   4.3115E+00
   1.6100E-04   1.4864E+03   3.0315E+02   1.0864E+05   1.1976E-05   4.3115E+00
   1.7100E-04   1.4864E+03   3.0315E+02   1.0864E+05   1.1976E-05   4.3115E+00
   1.8100E-04   1.4864E+03   3.0315E+02   1.0864E+05   1.1976E-05   4.3114E+00
   1.9100E-04   1.4864E+03   3.0315E+02   1.0864E+05   1.1975E-05   4.3114E+00
   2.0100E-04   1.4864E+03   3.0315E+02   1.0864E+05   1.1975E-05   4.3114E+00
   2.1100E-04   1.4864E+03   3.0315E+02   1.0864E+05   1.1975E-05   4.3114E+00
   2.2100E-04   1.4864E+03   3.0315E+02   1.0864E+05   1.1975E-05   4.3113E+00
   2.3100E-04   1.4864E+03   3.0315E+02   1.0864E+05   1.1975E-05   4.3113E+00
   2.4100E-04   1.4864E+03   3.0315E+02   1.0864E+05   1.1975E-05   4.3113E+00
   2.5100E-04   1.4864E+03   3.0315E+02   1.0864E+05   1.1975E-05   4.3113E+00
   2.6100E-04   1.4864E+03   3.0315E+02   1.0864E+05   1.1975E-05   4.3113E+00
   2.7100E-04   1.4864E+03   3.0315E+02   1.0864E+05   1.1975E-05   4.3112E+00
   2.8100E-04   1.4864E+03   3.0315E+02   1.0864E+05   1.1975E-05   4.3112E+00
   2.9100E-04   1.4864E+03   3.0315E+02   1.0864E+05   1.1975E-05   4.3112E+00
   3.0100E-04   1.4864E+03   3.0315E+02   1.0864E+05   1.1975E-05   4.3112E+00
   3.1100E-04   1.4864E+03   3.0315E+02   1.0864E+05   1.1975E-05   4.3111E+00
   3.2100E-04   1.4864E+03   3.0315E+02   1.0864E+05   1.1975E-05   4.3111E+00
   3.3100E-04   1.4864E+03   3.0315E+02   1.0864E+05   1.1975E-05   4.3111E+00
   3.4100E-04   1.4864E+03   3.0315E+02   1.0864E+05   1.1974E-05   4.3111E+00
   3.5100E-04   1.4864E+03   3.0315E+02   1.0864E+05   1.1974E-05   4.3110E+00
   3.6100E-04   1.4864E+03   3.0315E+02   1.0864E+05   1.1974E-05   4.3110E+00
   3.7100E-04   1.4864E+03   3.0315E+02   1.0864E+05   1.1974E-05   4.3110E+00
   3.8100E-04   1.4864E+03   3.0315E+02   1.0864E+05   1.1974E-05   4.3110E+00
   3.9100E-04   1.4864E+03   3.0315E+02   1.0864E+05   1.1974E-05   4.3109E+00
   4.0100E-04   1.4864E+03   3.0315E+02   1.0864E+05   1.1974E-05   4.3109E+00
   4.1100E-04   1.4864E+03   3.0315E+02   1.0864E+05   1.1974E-05   4.3109E+00
   4.2100E-04   1.4864E+03   3.0315E+02   1.0864E+05   1.1974E-05   4.3109E+00
   4.3100E-04   1.4864E+03   3.0315E+02   1.0864E+05   1.1974E-05   4.3108E+00
   4.4100E-04   1.4864E+03   3.0315E+02   1.0864E+05   1.1974E-05   4.3108E+00
   4.5100E-04   1.4864E+03   3.0315E+02   1.0864E+05   1.1974E-05   4.3108E+00
   4.6100E-04   1.4864E+03   3.0315E+02   1.0864E+05   1.1974E-05   4.3108E+00
   4.7100E-04   1.4864E+03   3.0315E+02   1.0864E+05   1.1974E-05   4.3107E+00
   4.8100E-04   1.4864E+03   3.0315E+02   1.0864E+05   1.1973E-05   4.3107E+00
   4.9100E-04   1.4864E+03   3.0315E+02   1.0864E+05   1.1973E-05   4.3107E+00
   5.0100E-04   1.4864E+03   3.0315E+02   1.0864E+05   1.1973E-05   4.3107E+00
   5.1100E-04   1.4864E+03   3.0315E+02   1.0864E+05   1.1973E-05   4.3107E+00
   5.2100E-04   1.4864E+03   3.0315E+02   1.0864E+05   1.1973E-05   4.3106E+00
   5.3100E-04   1.4864E+03   3.0315E+02   1.0864E+05   1.1973E-05   4.3106E+00
   5.4100E-04   1.4864E+03   3.0315E+02   1.0864E+05   1.1973E-05   4.3106E+00
   5.5100E-04   1.4864E+03   3.0315E+02   1.0864E+05   1.1973E-05   4.3106E+00
   5.6100E-04   1.4864E+03   3.0315E+02   1.0864E+05   1.1973E-05   4.3105E+00
   5.7100E-04   1.4864E+03   3.0315E+02   1.0864E+05   1.1973E-05   4.3105E+00
   5.8100E-04   1.4864E+03   3.0315E+02   1.0864E+05   1.1973E-05   4.3105E+00
   5.9100E-04   1.4864E+03   3.0315E+02   1.0864E+05   1.1973E-05   4.3105E+00
   6.0100E-04   1.4864E+03   3.0315E+02   1.0864E+05   1.1973E-05   4.3104E+00
   6.1100E-04   1.4864E+03   3.0315E+02   1.0864E+05   1.1973E-05   4.3104E+00
   6.2100E-04   1.4864E+03   3.0315E+02   1.0864E+05   1.1973E-05   4.3104E+00
   6.3100E-04   1.4864E+03   3.0315E+02   1.0864E+05   1.1972E-05   4.3104E+00
   6.4100E-04   1.4864E+03   3.0315E+02   1.0864E+05   1.1972E-05   4.3103E+00
   6.5100E-04   1.4864E+03   3.0315E+02   1.0864E+05   1.1972E-05   4.3103E+00
   6.6100E-04   1.4864E+03   3.0315E+02   1.0864E+05   1.1972E-05   4.3103E+00
   6.7100E-04   1.4864E+03   3.0315E+02   1.0864E+05   1.1972E-05   4.3103E+00
   6.8100E-04   1.4864E+03   3.0315E+02   1.0864E+05   1.1972E-05   4.3102E+00
   6.9100E-04   1.4864E+03   3.0315E+02   1.0864E+05   1.1972E-05   4.3102E+00
   7.0100E-04   1.4864E+03   3.0315E+02   1.0864E+05   1.1972E-05   4.3102E+00
   7.1100E-04   1.4864E+03   3.0315E+02   1.0864E+05   1.1972E-05   4.3102E+00
   7.2100E-04   1.4864E+03   3.0315E+02   1.0864E+05   1.1972E-05   4.3101E+00
   7.3100E-04   1.4864E+03   3.0315E+02   1.0864E+05   1.1972E-05   4.3101E+00
   7.4100E-04   1.4864E+03   3.0315E+02   1.0864E+05   1.1972E-05   4.3101E+00
   7.5100E-04   1.4864E+03   3.0315E+02   1.0864E+05   1.1972E-05   4.3101E+00
   7.6100E-04   1.4864E+03   3.0315E+02   1.0864E+05   1.1972E-05   4.3101E+00
   7.7100E-04   1.4864E+03   3.0315E+02   1.0864E+05   1.1971E-05   4.3100E+00
   7.8100E-04   1.4864E+03   3.0315E+02   1.0864E+05   1.1971E-05   4.3100E+00
   7.9100E-04   1.4864E+03   3.0315E+02   1.0864E+05   1.1971E-05   4.3100E+00
   8.0100E-04   1.4864E+03   3.0315E+02   1.0864E+05   1.1971E-05   4.3100E+00
   8.1100E-04   1.4864E+03   3.0315E+02   1.0864E+05   1.1971E-05   4.3099E+00
   8.2100E-04   1.4864E+03   3.0315E+02   1.0864E+05   1.1971E-05   4.3099E+00
   8.3100E-04   1.4864E+03   3.0315E+02   1.0864E+05   1.1971E-05   4.3099E+00
   8.4100E-04   1.4864E+03   3.0315E+02   1.0864E+05   1.1971E-05   4.3099E+00
   8.5100E-04   1.4877E+03   3.0315E+02   1.0864E+05   1.1981E-05   4.3169E+00
   8.6100E-04   1.4864E+03   3.0315E+02   1.0864E+05   1.1971E-05   4.3098E+00
   8.7100E-04   1.4864E+03   3.0315E+02   1.0864E+05   1.1971E-05   4.3098E+00
   8.8100E-04   1.4864E+03   3.0315E+02   1.0864E+05   1.1971E-05   4.3098E+00
   8.9100E-04   1.4864E+03   3.0315E+02   1.0864E+05   1.1971E-05   4.3097E+00
   9.0100E-04   1.4864E+03   3.0315E+02   1.0864E+05   1.1971E-05   4.3097E+00
   9.1100E-04   1.4864E+03   3.0315E+02   1.0864E+05   1.1971E-05   4.3097E+00
   9.2100E-04   1.4864E+03   3.0315E+02   1.0864E+05   1.1970E-05   4.3097E+00
   9.3100E-04   1.4864E+03   3.0315E+02   1.0864E+05   1.1970E-05   4.3096E+00
   9.4100E-04   1.4864E+03   3.0315E+02   1.0864E+05   1.1970E-05   4.3096E+00
   9.5100E-04   1.4864E+03   3.0315E+02   1.0864E+05   1.1970E-05   4.3096E+00
   9.6100E-04   1.4864E+03   3.0315E+02   1.0864E+05   1.1970E-05   4.3096E+00
   9.7100E-04   1.4864E+03   3.0315E+02   1.0864E+05   1.1970E-05   4.3095E+00
   9.8100E-04   1.4877E+03   3.0315E+02   1.0864E+05   1.1980E-05   4.3169E+00
   9.9100E-04   1.4864E+03   3.0315E+02   1.0864E+05   1.1970E-05   4.3095E+00
   1.0010E-03   1.4864E+03   3.0315E+02   1.0864E+05   1.1970E-05   4.3095E+00
   1.1010E-03   1.4864E+03   3.0315E+02   1.0864E+05   1.1969E-05   4.3092E+00
   1.2010E-03   1.4864E+03   3.0315E+02   1.0864E+05   1.1969E-05   4.3090E+00
   1.3010E-03   1.4864E+03   3.0315E+02   1.0864E+05   1.1968E-05   4.3088E+00
   1.4010E-03   1.4864E+03   3.0315E+02   1.0864E+05   1.1967E-05   4.3085E+00
   1.5010E-03   1.4864E+03   3.0315E+02   1.0864E+05   1.1966E-05   4.3083E+00
   1.6010E-03   1.4879E+03   3.0315E+02   1.0871E+05   1.1974E-05   4.3152E+00
   1.7010E-03   1.4879E+03   3.0315E+02   1.0871E+05   1.1973E-05   4.3150E+00
   1.8010E-03   1.4879E+03   3.0315E+02   1.0871E+05   1.1972E-05   4.3148E+00
   1.9010E-03   1.4879E+03   3.0315E+02   1.0871E+05   1.1972E-05   4.3145E+00
   2.0010E-03   1.4879E+03   3.0315E+02   1.0871E+05   1.1971E-05   4.3143E+00
   2.1010E-03   1.4879E+03   3.0315E+02   1.0871E+05   1.1970E-05   4.3140E+00
   2.2010E-03   1.4879E+03   3.0315E+02   1.0871E+05   1.1970E-05   4.3138E+00
   2.3010E-03   1.4879E+03   3.0315E+02   1.0871E+05   1.1969E-05   4.3136E+00
   2.4010E-03   1.4879E+03   3.0315E+02   1.0871E+05   1.1968E-05   4.3133E+00
   2.5010E-03   1.4879E+03   3.0315E+02   1.0871E+05   1.1968E-05   4.3131E+00
   2.6010E-03   1.4879E+03   3.0315E+02   1.0871E+05   1.1967E-05   4.3128E+00
   2.7010E-03   1.4879E+03   3.0315E+02   1.0871E+05   1.1966E-05   4.3126E+00
   2.8010E-03   1.4879E+03   3.0315E+02   1.0871E+05   1.1965E-05   4.3124E+00
   2.9010E-03   1.4879E+03   3.0315E+02   1.0871E+05   1.1965E-05   4.3121E+00
   3.0010E-03   1.4879E+03   3.0315E+02   1.0871E+05   1.1964E-05   4.3119E+00
   3.1010E-03   1.4879E+03   3.0315E+02   1.0871E+05   1.1963E-05   4.3116E+00
   3.2010E-03   1.4879E+03   3.0315E+02   1.0871E+05   1.1963E-05   4.3114E+00
   3.3010E-03   1.4879E+03   3.0315E+02   1.0871E+05   1.1962E-05   4.3112E+00
   3.4010E-03   1.4879E+03   3.0315E+02   1.0871E+05   1.1961E-05   4.3109E+00
   3.5010E-03   1.4879E+03   3.0315E+02   1.0871E+05   1.1961E-05   4.3107E+00
   3.6010E-03   1.4879E+03   3.0315E+02   1.0871E+05   1.1960E-05   4.3104E+00
   3.7010E-03   1.4879E+03   3.0315E+02   1.0871E+05   1.1959E-05   4.3102E+00
   3.8010E-03   1.4879E+03   3.0315E+02   1.0871E+05   1.1959E-05   4.3100E+00
   3.9010E-03   1.4879E+03   3.0315E+02   1.0871E+05   1.1958E-05   4.3097E+00
   4.0010E-03   1.4879E+03   3.0315E+02   1.0871E+05   1.1957E-05   4.3095E+00
   4.1010E-03   1.4879E+03   3.0315E+02   1.0871E+05   1.1956E-05   4.3092E+00
   4.2010E-03   1.4879E+03   3.0315E+02   1.0871E+05   1.1956E-05   4.3090E+00
   4.3010E-03   1.4879E+03   3.0315E+02   1.0871E+05   1.1955E-05   4.3088E+00
   4.4010E-03   1.4879E+03   3.0315E+02   1.0871E+05   1.1954E-05   4.3085E+00
   4.5010E-03   1.4879E+03   3.0315E+02   1.0871E+05   1.1954E-05   4.3083E+00
   4.6010E-03   1.4894E+03   3.0315E+02   1.0878E+05   1.1961E-05   4.3152E+00
   4.7010E-03   1.4894E+03   3.0315E+02   1.0878E+05   1.1960E-05   4.3150E+00
   4.8010E-03   1.4894E+03   3.0315E+02   1.0878E+05   1.1960E-05   4.3148E+00
   4.9010E-03   1.4894E+03   3.0315E+02   1.0878E+05   1.1959E-05   4.3145E+00
   5.0010E-03   1.4894E+03   3.0315E+02   1.0878E+05   1.1958E-05   4.3143E+00
   5.1010E-03   1.4894E+03   3.0315E+02   1.0878E+05   1.1958E-05   4.3140E+00
   5.2010E-03   1.4894E+03   3.0315E+02   1.0878E+05   1.1957E-05   4.3138E+00
   5.3010E-03   1.4900E+03   3.0315E+02   1.0878E+05   1.1961E-05   4.3167E+00
   5.4010E-03   1.4894E+03   3.0315E+02   1.0878E+05   1.1956E-05   4.3133E+00
   5.5010E-03   1.4894E+03   3.0315E+02   1.0878E+05   1.1955E-05   4.3131E+00
   5.6010E-03   1.4894E+03   3.0315E+02   1.0878E+05   1.1954E-05   4.3128E+00
   5.7010E-03   1.4894E+03   3.0315E+02   1.0878E+05   1.1953E-05   4.3126E+00
   5.8010E-03   1.4902E+03   3.0315E+02   1.0878E+05   1.1959E-05   4.3167E+00
   5.9010E-03   1.4894E+03   3.0315E+02   1.0878E+05   1.1952E-05   4.3121E+00
   6.0010E-03   1.4894E+03   3.0315E+02   1.0878E+05   1.1951E-05   4.3119E+00
   6.1010E-03   1.4894E+03   3.0315E+02   1.0878E+05   1.1951E-05   4.3116E+00
   6.2010E-03   1.4894E+03   3.0315E+02   1.0878E+05   1.1950E-05   4.3114E+00
   6.3010E-03   1.4894E+03   3.0315E+02   1.0878E+05   1.1949E-05   4.3112E+00
   6.4010E-03   1.4894E+03   3.0315E+02   1.0878E+05   1.1949E-05   4.3109E+00
   6.5010E-03   1.4894E+03   3.0315E+02   1.0878E+05   1.1948E-05   4.3107E+00
   6.6010E-03   1.4894E+03   3.0315E+02   1.0878E+05   1.1947E-05   4.3104E+00
   6.7010E-03   1.4894E+03   3.0315E+02   1.0878E+05   1.1947E-05   4.3102E+00
   6.8010E-03   1.4894E+03   3.0315E+02   1.0878E+05   1.1946E-05   4.3099E+00
   6.9010E-03   1.4894E+03   3.0315E+02   1.0878E+05   1.1945E-05   4.3097E+00
   7.0010E-03   1.4894E+03   3.0315E+02   1.0878E+05   1.1945E-05   4.3095E+00
   7.1010E-03   1.4894E+03   3.0315E+02   1.0878E+05   1.1944E-05   4.3092E+00
   7.2010E-03   1.4894E+03   3.0315E+02   1.0878E+05   1.1943E-05   4.3090E+00
   7.3010E-03   1.4894E+03   3.0315E+02   1.0878E+05   1.1942E-05   4.3087E+00
   7.4010E-03   1.4894E+03   3.0315E+02   1.0878E+05   1.1942E-05   4.3085E+00
   7.5010E-03   1.4894E+03   3.0315E+02   1.0878E+05   1.1941E-05   4.3083E+00
   7.6010E-03   1.4909E+03   3.0315E+02   1.0885E+05   1.1949E-05   4.3153E+00
   7.7010E-03   1.4909E+03   3.0315E+02   1.0885E+05   1.1948E-05   4.3151E+00
   7.8010E-03   1.4909E+03   3.0315E+02   1.0885E+05   1.1947E-05   4.3148E+00
   7.9010E-03   1.4909E+03   3.0315E+02   1.0885E+05   1.1947E-05   4.3146E+00
   8.0010E-03   1.4909E+03   3.0315E+02   1.0885E+05   1.1946E-05   4.3144E+00
   8.1010E-03   1.4909E+03   3.0315E+02   1.0885E+05   1.1945E-05   4.3141E+00
   8.2010E-03   1.4909E+03   3.0315E+02   1.0885E+05   1.1945E-05   4.3139E+00
   8.3010E-03   1.4909E+03   3.0315E+02   1.0885E+05   1.1944E-05   4.3136E+00
   8.4010E-03   1.4909E+03   3.0315E+02   1.0885E+05   1.1943E-05   4.3134E+00
   8.5010E-03   1.4909E+03   3.0315E+02   1.0885E+05   1.1942E-05   4.3131E+00
   8.6010E-03   1.4909E+03   3.0315E+02   1.0885E+05   1.1942E-05   4.3129E+00
   8.7010E-03   1.4909E+03   3.0315E+02   1.0885E+05   1.1941E-05   4.3127E+00
   8.8010E-03   1.4909E+03   3.0315E+02   1.0885E+05   1.1940E-05   4.3124E+00
   8.9010E-03   1.4909E+03   3.0315E+02   1.0885E+05   1.1940E-05   4.3122E+00
   9.0010E-03   1.4909E+03   3.0315E+02   1.0885E+05   1.1939E-05   4.3119E+00
   9.1010E-03   1.4909E+03   3.0315E+02   1.0885E+05   1.1938E-05   4.3117E+00
   9.2010E-03   1.4909E+03   3.0315E+02   1.0885E+05   1.1938E-05   4.3114E+00
   9.3010E-03   1.4909E+03   3.0315E+02   1.0885E+05   1.1937E-05   4.3112E+00
   9.4010E-03   1.4909E+03   3.0315E+02   1.0885E+05   1.1936E-05   4.3110E+00
   9.5010E-03   1.4909E+03   3.0315E+02   1.0885E+05   1.1936E-05   4.3107E+00
   9.6010E-03   1.4909E+03   3.0315E+02   1.0885E+05   1.1935E-05   4.3105E+00
   9.7010E-03   1.4909E+03   3.0315E+02   1.0885E+05   1.1934E-05   4.3102E+00
   9.8010E-03   1.4909E+03   3.0315E+02   1.0885E+05   1.1934E-05   4.3100E+00
   9.9010E-03   1.4909E+03   3.0315E+02   1.0885E+05   1.1933E-05   4.3097E+00
   1.0001E-02   1.4909E+03   3.0315E+02   1.0885E+05   1.1932E-05   4.3095E+00
   1.1001E-02   1.4909E+03   3.0315E+02   1.0885E+05   1.1925E-05   4.3071E+00
   1.2001E-02   1.4926E+03   3.0315E+02   1.0893E+05   1.1928E-05   4.3130E+00
   1.3001E-02   1.4926E+03   3.0315E+02   1.0893E+05   1.1921E-05   4.3106E+00
   1.4001E-02   1.4926E+03   3.0315E+02   1.0893E+05   1.1914E-05   4.3082E+00
   1.5001E-02   1.4941E+03   3.0315E+02   1.0900E+05   1.1916E-05   4.3132E+00
   1.6001E-02   1.4941E+03   3.0315E+02   1.0900E+05   1.1909E-05   4.3108E+00
   1.7001E-02   1.4941E+03   3.0315E+02   1.0900E+05   1.1902E-05   4.3083E+00
   1.8001E-02   1.4941E+03   3.0315E+02   1.0900E+05   1.1896E-05   4.3059E+00
   1.9001E-02   1.4961E+03   3.0315E+02   1.0909E+05   1.1899E-05   4.3129E+00
   2.0001E-02   1.4961E+03   3.0315E+02   1.0909E+05   1.1893E-05   4.3104E+00
   2.1001E-02   1.4961E+03   3.0315E+02   1.0909E+05   1.1886E-05   4.3080E+00
   2.2001E-02   1.4976E+03   3.0315E+02   1.0916E+05   1.1888E-05   4.3132E+00
   2.3001E-02   1.4976E+03   3.0315E+02   1.0916E+05   1.1881E-05   4.3107E+00
   2.4001E-02   1.4976E+03   3.0315E+02   1.0916E+05   1.1874E-05   4.3083E+00
   2.5001E-02   1.4976E+03   3.0315E+02   1.0916E+05   1.1867E-05   4.3059E+00
   2.6001E-02   1.4995E+03   3.0315E+02   1.0925E+05   1.1871E-05   4.3129E+00
   2.7001E-02   1.4995E+03   3.0315E+02   1.0925E+05   1.1865E-05   4.3104E+00
   2.8001E-02   1.4995E+03   3.0315E+02   1.0925E+05   1.1858E-05   4.3080E+00
   2.9001E-02   1.5011E+03   3.0315E+02   1.0932E+05   1.1860E-05   4.3132E+00
   3.0001E-02   1.5011E+03   3.0315E+02   1.0932E+05   1.1853E-05   4.3108E+00
   3.1001E-02   1.5011E+03   3.0315E+02   1.0932E+05   1.1846E-05   4.3084E+00
   3.2001E-02   1.5011E+03   3.0315E+02   1.0932E+05   1.1840E-05   4.3060E+00
   3.3001E-02   1.5030E+03   3.0315E+02   1.0941E+05   1.1843E-05   4.3129E+00
   3.4001E-02   1.5030E+03   3.0315E+02   1.0941E+05   1.1837E-05   4.3105E+00
   3.5001E-02   1.5030E+03   3.0315E+02   1.0941E+05   1.1830E-05   4.3081E+00
   3.6001E-02   1.5045E+03   3.0315E+02   1.0949E+05   1.1832E-05   4.3132E+00
   3.7001E-02   1.5045E+03   3.0315E+02   1.0949E+05   1.1825E-05   4.3108E+00
   3.8001E-02   1.5045E+03   3.0315E+02   1.0949E+05   1.1818E-05   4.3084E+00
   3.9001E-02   1.5045E+03   3.0315E+02   1.0949E+05   1.1812E-05   4.3060E+00
   4.0001E-02   1.5064E+03   3.0315E+02   1.0958E+05   1.1816E-05   4.3129E+00
   4.1001E-02   1.5064E+03   3.0315E+02   1.0958E+05   1.1809E-05   4.3105E+00
   4.2001E-02   1.5064E+03   3.0315E+02   1.0958E+05   1.1802E-05   4.3081E+00
   4.3001E-02   1.5080E+03   3.0315E+02   1.0965E+05   1.1804E-05   4.3132E+00
   4.4001E-02   1.5080E+03   3.0315E+02   1.0965E+05   1.1797E-05   4.3108E+00
   4.5001E-02   1.5080E+03   3.0315E+02   1.0965E+05   1.1791E-05   4.3085E+00
   4.6001E-02   1.5080E+03   3.0315E+02   1.0965E+05   1.1784E-05   4.3061E+00
   4.7001E-02   1.5099E+03   3.0315E+02   1.0974E+05   1.1788E-05   4.3129E+00
   4.8001E-02   1.5099E+03   3.0315E+02   1.0974E+05   1.1781E-05   4.3105E+00
   4.9001E-02   1.5099E+03   3.0315E+02   1.0974E+05   1.1775E-05   4.3082E+00
   5.0001E-02   1.5114E+03   3.0315E+02   1.0981E+05   1.1777E-05   4.3132E+00
   5.1001E-02   1.5114E+03   3.0315E+02   1.0981E+05   1.1770E-05   4.3109E+00
   5.2001E-02   1.5114E+03   3.0315E+02   1.0981E+05   1.1763E-05   4.3085E+00
   5.3001E-02   1.5114E+03   3.0315E+02   1.0981E+05   1.1757E-05   4.3061E+00
   5.4001E-02   1.5133E+03   3.0315E+02   1.0990E+05   1.1761E-05   4.3130E+00
   5.5001E-02   1.5133E+03   3.0315E+02   1.0990E+05   1.1754E-05   4.3106E+00
   5.6001E-02   1.5133E+03   3.0315E+02   1.0990E+05   1.1748E-05   4.3082E+00
   5.7001E-02   1.5148E+03   3.0315E+02   1.0997E+05   1.1749E-05   4.3133E+00
   5.8001E-02   1.5148E+03   3.0315E+02   1.0997E+05   1.1743E-05   4.3109E+00
   5.9001E-02   1.5148E+03   3.0315E+02   1.0997E+05   1.1736E-05   4.3085E+00
   6.0001E-02   1.5148E+03   3.0315E+02   1.0997E+05   1.1730E-05   4.3062E+00
   6.1001E-02   1.5167E+03   3.0315E+02   1.1006E+05   1.1734E-05   4.3130E+00
   6.2001E-02   1.5167E+03   3.0315E+02   1.1006E+05   1.1727E-05   4.3106E+00
   6.3001E-02   1.5167E+03   3.0315E+02   1.1006E+05   1.1721E-05   4.3083E+00
   6.4001E-02   1.5183E+03   3.0315E+02   1.1013E+05   1.1722E-05   4.3133E+00
   6.5001E-02   1.5183E+03   3.0315E+02   1.1013E+05   1.1716E-05   4.3110E+00
   6.6001E-02   1.5183E+03   3.0315E+02   1.1013E+05   1.1709E-05   4.3086E+00
   6.7001E-02   1.5183E+03   3.0315E+02   1.1013E+05   1.1703E-05   4.3062E+00
   6.8001E-02   1.5201E+03   3.0315E+02   1.1022E+05   1.1707E-05   4.3130E+00
   6.9001E-02   1.5201E+03   3.0315E+02   1.1022E+05   1.1700E-05   4.3107E+00
   7.0001E-02   1.5201E+03   3.0315E+02   1.1022E+05   1.1694E-05   4.3083E+00
   7.1001E-02   1.5201E+03   3.0315E+02   1.1022E+05   1.1687E-05   4.3060E+00
   7.2001E-02   1.5221E+03   3.0315E+02   1.1031E+05   1.1691E-05   4.3130E+00
   7.3001E-02   1.5221E+03   3.0315E+02   1.1031E+05   1.1685E-05   4.3106E+00
   7.4001E-02   1.5221E+03   3.0315E+02   1.1031E+05   1.1678E-05   4.3083E+00
   7.5001E-02   1.5236E+03   3.0315E+02   1.1031E+05   1.1684E-05   4.3146E+00
   7.6001E-02   1.5236E+03   3.0315E+02   1.1038E+05   1.1675E-05   4.3113E+00
   7.7001E-02   1.5236E+03   3.0315E+02   1.1038E+05   1.1668E-05   4.3089E+00
   7.8001E-02   1.5236E+03   3.0315E+02   1.1038E+05   1.1662E-05   4.3066E+00
   7.9001E-02   1.5254E+03   3.0315E+02   1.1047E+05   1.1665E-05   4.3130E+00
   8.0001E-02   1.5254E+03   3.0315E+02   1.1047E+05   1.1659E-05   4.3107E+00
   8.1001E-02   1.5254E+03   3.0315E+02   1.1047E+05   1.1652E-05   4.3084E+00
   8.2001E-02   1.5254E+03   3.0315E+02   1.1047E+05   1.1646E-05   4.3060E+00
   8.3001E-02   1.5274E+03   3.0315E+02   1.1056E+05   1.1650E-05   4.3129E+00
   8.4001E-02   1.5274E+03   3.0315E+02   1.1056E+05   1.1643E-05   4.3106E+00
   8.5001E-02   1.5274E+03   3.0315E+02   1.1056E+05   1.1637E-05   4.3083E+00
   8.6001E-02   1.5289E+03   3.0315E+02   1.1063E+05   1.1638E-05   4.3132E+00
   8.7001E-02   1.5289E+03   3.0315E+02   1.1063E+05   1.1632E-05   4.3109E+00
   8.8001E-02   1.5289E+03   3.0315E+02   1.1063E+05   1.1626E-05   4.3086E+00
   8.9001E-02   1.5289E+03   3.0315E+02   1.1063E+05   1.1619E-05   4.3063E+00
   9.0001E-02   1.5308E+03   3.0315E+02   1.1072E+05   1.1623E-05   4.3129E+00
   9.1001E-02   1.5308E+03   3.0315E+02   1.1072E+05   1.1617E-05   4.3106E+00
   9.2001E-02   1.5308E+03   3.0315E+02   1.1072E+05   1.1610E-05   4.3083E+00
   9.3001E-02   1.5323E+03   3.0315E+02   1.1079E+05   1.1612E-05   4.3132E+00
   9.4001E-02   1.5323E+03   3.0315E+02   1.1079E+05   1.1605E-05   4.3109E+00
   9.5001E-02   1.5323E+03   3.0315E+02   1.1079E+05   1.1599E-05   4.3086E+00
   9.6001E-02   1.5323E+03   3.0315E+02   1.1079E+05   1.1593E-05   4.3063E+00
   9.7001E-02   1.5342E+03   3.0315E+02   1.1088E+05   1.1596E-05   4.3129E+00
   9.8001E-02   1.5342E+03   3.0315E+02   1.1088E+05   1.1590E-05   4.3106E+00
   9.9001E-02   1.5342E+03   3.0315E+02   1.1088E+05   1.1584E-05   4.3083E+00
   1.0000E-01   1.5358E+03   3.0315E+02   1.1095E+05   1.1585E-05   4.3132E+00
   1.1000E-01   1.5358E+03   3.0315E+02   1.1095E+05   1.1523E-05   4.2903E+00
   1.2000E-01   1.5405E+03   3.0315E+02   1.1118E+05   1.1485E-05   4.2898E+00
   1.3000E-01   1.5454E+03   3.0315E+02   1.1140E+05   1.1448E-05   4.2898E+00
   1.4000E-01   1.5503E+03   3.0315E+02   1.1163E+05   1.1411E-05   4.2899E+00
   1.5000E-01   1.5551E+03   3.0315E+02   1.1186E+05   1.1375E-05   4.2901E+00
   1.6000E-01   1.5600E+03   3.0315E+02   1.1208E+05   1.1339E-05   4.2903E+00
   1.7000E-01   1.5648E+03   3.0315E+02   1.1231E+05   1.1304E-05   4.2907E+00
   1.8000E-01   1.5696E+03   3.0315E+02   1.1254E+05   1.1269E-05   4.2909E+00
   1.9000E-01   1.5744E+03   3.0315E+02   1.1276E+05   1.1235E-05   4.2910E+00
   2.0000E-01   1.5791E+03   3.0315E+02   1.1299E+05   1.1200E-05   4.2912E+00
   2.1000E-01   1.5839E+03   3.0315E+02   1.1321E+05   1.1167E-05   4.2914E+00
   2.2000E-01   1.5886E+03   3.0315E+02   1.1343E+05   1.1133E-05   4.2916E+00
   2.3000E-01   1.5933E+03   3.0315E+02   1.1366E+05   1.1100E-05   4.2918E+00
   2.4000E-01   1.5979E+03   3.0315E+02   1.1388E+05   1.1067E-05   4.2919E+00
   2.5000E-01   1.6026E+03   3.0315E+02   1.1410E+05   1.1034E-05   4.2920E+00
   2.6000E-01   1.6072E+03   3.0315E+02   1.1432E+05   1.1002E-05   4.2922E+00
   2.7000E-01   1.6118E+03   3.0315E+02   1.1454E+05   1.0970E-05   4.2922E+00
   2.8000E-01   1.6165E+03   3.0315E+02   1.1476E+05   1.0938E-05   4.2924E+00
   2.9000E-01   1.6211E+03   3.0315E+02   1.1498E+05   1.0905E-05   4.2922E+00
   3.0000E-01   1.6258E+03   3.0315E+02   1.1519E+05   1.0873E-05   4.2920E+00
   3.1000E-01   1.6305E+03   3.0315E+02   1.1541E+05   1.0840E-05   4.2921E+00
   3.2000E-01   1.6352E+03   3.0315E+02   1.1563E+05   1.0809E-05   4.2922E+00
   3.3000E-01   1.6399E+03   3.0315E+02   1.1585E+05   1.0777E-05   4.2924E+00
   3.4000E-01   1.6446E+03   3.0315E+02   1.1607E+05   1.0747E-05   4.2927E+00
   3.5000E-01   1.6492E+03   3.0315E+02   1.1629E+05   1.0717E-05   4.2932E+00
   3.6000E-01   1.6538E+03   3.0315E+02   1.1651E+05   1.0686E-05   4.2931E+00
   3.7000E-01   1.6583E+03   3.0315E+02   1.1672E+05   1.0656E-05   4.2932E+00
   3.8000E-01   1.6629E+03   3.0315E+02   1.1694E+05   1.0626E-05   4.2933E+00
   3.9000E-01   1.6675E+03   3.0315E+02   1.1715E+05   1.0596E-05   4.2934E+00
   4.0000E-01   1.6721E+03   3.0315E+02   1.1737E+05   1.0567E-05   4.2935E+00
   4.1000E-01   1.6766E+03   3.0315E+02   1.1758E+05   1.0538E-05   4.2936E+00
   4.2000E-01   1.6812E+03   3.0315E+02   1.1780E+05   1.0509E-05   4.2939E+00
   4.3000E-01   1.6857E+03   3.0315E+02   1.1801E+05   1.0480E-05   4.2940E+00
   4.4000E-01   1.6902E+03   3.0315E+02   1.1822E+05   1.0452E-05   4.2941E+00
   4.5000E-01   1.6946E+03   3.0315E+02   1.1844E+05   1.0424E-05   4.2942E+00
   4.6000E-01   1.6991E+03   3.0315E+02   1.1865E+05   1.0396E-05   4.2944E+00
   4.7000E-01   1.7036E+03   3.0315E+02   1.1886E+05   1.0368E-05   4.2944E+00
   4.8000E-01   1.7080E+03   3.0315E+02   1.1907E+05   1.0341E-05   4.2946E+00
   4.9000E-01   1.7125E+03   3.0315E+02   1.1929E+05   1.0313E-05   4.2947E+00
   5.0000E-01   1.7169E+03   3.0315E+02   1.1950E+05   1.0286E-05   4.2948E+00
   5.1000E-01   1.7213E+03   3.0315E+02   1.1971E+05   1.0259E-05   4.2949E+00
   5.2000E-01   1.7257E+03   3.0315E+02   1.1992E+05   1.0232E-05   4.2949E+00
   5.3000E-01   1.7301E+03   3.0315E+02   1.2013E+05   1.0205E-05   4.2949E+00
   5.4000E-01   1.7346E+03   3.0315E+02   1.2034E+05   1.0179E-05   4.2953E+00
   5.5000E-01   1.7389E+03   3.0315E+02   1.2055E+05   1.0153E-05   4.2955E+00
   5.6000E-01   1.7433E+03   3.0315E+02   1.2076E+05   1.0127E-05   4.2954E+00
   5.7000E-01   1.7476E+03   3.0315E+02   1.2097E+05   1.0101E-05   4.2953E+00
   5.8000E-01   1.7520E+03   3.0315E+02   1.2117E+05   1.0075E-05   4.2954E+00
   5.9000E-01   1.7564E+03   3.0315E+02   1.2138E+05   1.0050E-05   4.2956E+00
   6.0000E-01   1.7607E+03   3.0315E+02   1.2159E+05   1.0025E-05   4.2959E+00
   6.1000E-01   1.7650E+03   3.0315E+02   1.2180E+05   1.0000E-05   4.2961E+00
   6.2000E-01   1.7693E+03   3.0315E+02   1.2201E+05   9.9751E-06   4.2961E+00
   6.3000E-01   1.7736E+03   3.0315E+02   1.2221E+05   9.9501E-06   4.2960E+00
   6.4000E-01   1.7779E+03   3.0315E+02   1.2242E+05   9.9255E-06   4.2962E+00
   6.5000E-01   1.7822E+03   3.0315E+02   1.2262E+05   9.9010E-06   4.2962E+00
   6.6000E-01   1.7865E+03   3.0315E+02   1.2283E+05   9.8767E-06   4.2963E+00
   6.7000E-01   1.7908E+03   3.0315E+02   1.2303E+05   9.8523E-06   4.2963E+00
   6.8000E-01   1.7951E+03   3.0315E+02   1.2324E+05   9.8283E-06   4.2964E+00
   6.9000E-01   1.7993E+03   3.0315E+02   1.2344E+05   9.8043E-06   4.2965E+00
   7.0000E-01   1.8036E+03   3.0315E+02   1.2365E+05   9.7806E-06   4.2966E+00
   7.1000E-01   1.8079E+03   3.0315E+02   1.2385E+05   9.7570E-06   4.2967E+00
   7.2000E-01   1.8121E+03   3.0315E+02   1.2405E+05   9.7333E-06   4.2967E+00
   7.3000E-01   1.8164E+03   3.0315E+02   1.2426E+05   9.7102E-06   4.2969E+00
   7.4000E-01   1.8206E+03   3.0315E+02   1.2446E+05   9.6871E-06   4.2970E+00
   7.5000E-01   1.8248E+03   3.0315E+02   1.2466E+05   9.6642E-06   4.2971E+00
   7.6000E-01   1.8291E+03   3.0315E+02   1.2487E+05   9.6419E-06   4.2974E+00
   7.7000E-01   1.8332E+03   3.0315E+02   1.2507E+05   9.6194E-06   4.2974E+00
   7.8000E-01   1.8374E+03   3.0315E+02   1.2527E+05   9.5969E-06   4.2974E+00
   7.9000E-01   1.8415E+03   3.0315E+02   1.2546E+05   9.5745E-06   4.2974E+00
   8.0000E-01   1.8457E+03   3.0315E+02   1.2567E+05   9.5524E-06   4.2975E+00
   8.1000E-01   1.8499E+03   3.0315E+02   1.2587E+05   9.5303E-06   4.2976E+00
   8.2000E-01   1.8540E+03   3.0315E+02   1.2606E+05   9.5084E-06   4.2977E+00
   8.3000E-01   1.8582E+03   3.0315E+02   1.2626E+05   9.4868E-06   4.2978E+00
   8.4000E-01   1.8623E+03   3.0315E+02   1.2646E+05   9.4652E-06   4.2979E+00
   8.5000E-01   1.8664E+03   3.0315E+02   1.2666E+05   9.4438E-06   4.2980E+00
   8.6000E-01   1.8706E+03   3.0315E+02   1.2686E+05   9.4226E-06   4.2981E+00
   8.7000E-01   1.8747E+03   3.0315E+02   1.2706E+05   9.4017E-06   4.2983E+00
   8.8000E-01   1.8787E+03   3.0315E+02   1.2726E+05   9.3807E-06   4.2983E+00
   8.9000E-01   1.8828E+03   3.0315E+02   1.2745E+05   9.3599E-06   4.2983E+00
   9.0000E-01   1.8868E+03   3.0315E+02   1.2765E+05   9.3392E-06   4.2984E+00
   9.1000E-01   1.8909E+03   3.0315E+02   1.2785E+05   9.3187E-06   4.2985E+00
   9.2000E-01   1.8949E+03   3.0315E+02   1.2805E+05   9.2978E-06   4.2984E+00
   9.3000E-01   1.8990E+03   3.0315E+02   1.2825E+05   9.2789E-06   4.2992E+00
   9.4000E-01   1.9030E+03   3.0315E+02   1.2844E+05   9.2583E-06   4.2988E+00
   9.5000E-01   1.9070E+03   3.0315E+02   1.2863E+05   9.2378E-06   4.2987E+00
   9.6000E-01   1.9110E+03   3.0315E+02   1.2883E+05   9.2179E-06   4.2988E+00
   9.7000E-01   1.9150E+03   3.0315E+02   1.2902E+05   9.1979E-06   4.2988E+00
   9.8000E-01   1.9191E+03   3.0315E+02   1.2922E+05   9.1782E-06   4.2989E+00
   9.9000E-01   1.9231E+03   3.0315E+02   1.2941E+05   9.1584E-06   4.2989E+00
   1.0000E+00   1.9271E+03   3.0315E+02   1.2961E+05   9.1389E-06   4.2991E+00
   1.1000E+00   1.9311E+03   3.0315E+02   1.2980E+05   8.8433E-06   4.1716E+00
   1.2000E+00   1.9644E+03   3.0315E+02   1.3143E+05   8.6534E-06   4.1554E+00
   1.3000E+00   2.0022E+03   3.0315E+02   1.3327E+05   8.4877E-06   4.1572E+00
   1.4000E+00   2.0404E+03   3.0315E+02   1.3515E+05   8.3374E-06   4.1641E+00
   1.5000E+00   2.0775E+03   3.0315E+02   1.3699E+05   8.1924E-06   4.1689E+00
   1.6000E+00   2.1140E+03   3.0315E+02   1.3877E+05   8.0502E-06   4.1714E+00
   1.7000E+00   2.1506E+03   3.0315E+02   1.4058E+05   7.9191E-06   4.1771E+00
   1.8000E+00   2.1863E+03   3.0315E+02   1.4240E+05   7.8004E-06   4.1855E+00
   1.9000E+00   2.2203E+03   3.0315E+02   1.4411E+05   7.6805E-06   4.1880E+00
   2.0000E+00   2.2543E+03   3.0315E+02   1.4577E+05   7.5604E-06   4.1881E+00
   2.1000E+00   2.2887E+03   3.0315E+02   1.4751E+05   7.4538E-06   4.1947E+00
   2.2000E+00   2.3218E+03   3.0315E+02   1.4920E+05   7.3511E-06   4.1993E+00
   2.3000E+00   2.3541E+03   3.0315E+02   1.5087E+05   7.2543E-06   4.2042E+00
   2.4000E+00   2.3854E+03   3.0315E+02   1.5248E+05   7.1590E-06   4.2067E+00
   2.5000E+00   2.4165E+03   3.0315E+02   1.5407E+05   7.0652E-06   4.2081E+00
   2.6000E+00   2.4475E+03   3.0315E+02   1.5564E+05   6.9749E-06   4.2102E+00
   2.7000E+00   2.4784E+03   3.0315E+02   1.5724E+05   6.8912E-06   4.2144E+00
   2.8000E+00   2.5083E+03   3.0315E+02   1.5881E+05   6.8118E-06   4.2186E+00
   2.9000E+00   2.5374E+03   3.0315E+02   1.6034E+05   6.7335E-06   4.2208E+00
   3.0000E+00   2.5661E+03   3.0315E+02   1.6186E+05   6.6590E-06   4.2237E+00
   3.1000E+00   2.5943E+03   3.0315E+02   1.6336E+05   6.5882E-06   4.2270E+00
   3.2000E+00   2.6217E+03   3.0315E+02   1.6485E+05   6.5203E-06   4.2300E+00
   3.3000E+00   2.6485E+03   3.0315E+02   1.6629E+05   6.4534E-06   4.2317E+00
   3.4000E+00   2.6751E+03   3.0315E+02   1.6765E+05   6.3835E-06   4.2300E+00
   3.5000E+00   2.7024E+03   3.0315E+02   1.6911E+05   6.3209E-06   4.2335E+00
   3.6000E+00   2.7289E+03   3.0315E+02   1.7053E+05   6.2607E-06   4.2366E+00
   3.7000E+00   2.7547E+03   3.0315E+02   1.7195E+05   6.2045E-06   4.2403E+00
   3.8000E+00   2.7795E+03   3.0315E+02   1.7332E+05   6.1484E-06   4.2419E+00
   3.9000E+00   2.8039E+03   3.0315E+02   1.7466E+05   6.0939E-06   4.2434E+00
   4.0000E+00   2.8281E+03   3.0315E+02   1.7596E+05   6.0385E-06   4.2433E+00
   4.1000E+00   2.8525E+03   3.0315E+02   1.7730E+05   5.9877E-06   4.2460E+00
   4.2000E+00   2.8763E+03   3.0315E+02   1.7864E+05   5.9404E-06   4.2496E+00
   4.3000E+00   2.8990E+03   3.0315E+02   1.7987E+05   5.8911E-06   4.2497E+00
   4.4000E+00   2.9218E+03   3.0315E+02   1.8112E+05   5.8425E-06   4.2498E+00
   4.5000E+00   2.9448E+03   3.0315E+02   1.8238E+05   5.7964E-06   4.2515E+00
   4.6000E+00   2.9674E+03   3.0315E+02   1.8364E+05   5.7527E-06   4.2538E+00
   4.7000E+00   2.9894E+03   3.0315E+02   1.8491E+05   5.7120E-06   4.2568E+00
   4.8000E+00   3.0104E+03   3.0315E+02   1.8611E+05   5.6708E-06   4.2579E+00
   4.9000E+00   3.0312E+03   3.0315E+02   1.8731E+05   5.6312E-06   4.2593E+00
   5.0000E+00   3.0516E+03   3.0315E+02   1.8846E+05   5.5913E-06   4.2596E+00
   5.1000E+00   3.0721E+03   3.0315E+02   1.8965E+05   5.5540E-06   4.2615E+00
   5.2000E+00   3.0920E+03   3.0315E+02   1.9077E+05   5.5161E-06   4.2617E+00
   5.3000E+00   3.1120E+03   3.0315E+02   1.9189E+05   5.4785E-06   4.2618E+00
   5.4000E+00   3.1321E+03   3.0315E+02   1.9307E+05   5.4449E-06   4.2649E+00
   5.5000E+00   3.1511E+03   3.0315E+02   1.9420E+05   5.4120E-06   4.2668E+00
   5.6000E+00   3.1696E+03   3.0315E+02   1.9531E+05   5.3801E-06   4.2683E+00
   5.7000E+00   3.1876E+03   3.0315E+02   1.9633E+05   5.3462E-06   4.2673E+00
   5.8000E+00   3.2061E+03   3.0315E+02   1.9744E+05   5.3159E-06   4.2695E+00
   5.9000E+00   3.2238E+03   3.0315E+02   1.9847E+05   5.2839E-06   4.2691E+00
   6.0000E+00   3.2419E+03   3.0315E+02   1.9954E+05   5.2544E-06   4.2707E+00
   6.1000E+00   3.2593E+03   3.0315E+02   2.0057E+05   5.2254E-06   4.2719E+00
   6.2000E+00   3.2765E+03   3.0315E+02   2.0158E+05   5.1966E-06   4.2724E+00
   6.3000E+00   3.2935E+03   3.0315E+02   2.0260E+05   5.1688E-06   4.2734E+00
   6.4000E+00   3.3103E+03   3.0315E+02   2.0360E+05   5.1421E-06   4.2746E+00
   6.5000E+00   3.3266E+03   3.0315E+02   2.0457E+05   5.1153E-06   4.2751E+00
   6.6000E+00   3.3429E+03   3.0315E+02   2.0554E+05   5.0893E-06   4.2758E+00
   6.7000E+00   3.3589E+03   3.0315E+02   2.0650E+05   5.0636E-06   4.2763E+00
   6.8000E+00   3.3748E+03   3.0315E+02   2.0747E+05   5.0396E-06   4.2778E+00
   6.9000E+00   3.3902E+03   3.0315E+02   2.0844E+05   5.0171E-06   4.2798E+00
   7.0000E+00   3.4049E+03   3.0315E+02   2.0934E+05   4.9938E-06   4.2800E+00
   7.1000E+00   3.4195E+03   3.0315E+02   2.1025E+05   4.9710E-06   4.2805E+00
   7.2000E+00   3.4341E+03   3.0315E+02   2.1114E+05   4.9483E-06   4.2806E+00
   7.3000E+00   3.4486E+03   3.0315E+02   2.1204E+05   4.9268E-06   4.2817E+00
   7.4000E+00   3.4627E+03   3.0315E+02   2.1292E+05   4.9057E-06   4.2825E+00
   7.5000E+00   3.4766E+03   3.0315E+02   2.1378E+05   4.8851E-06   4.2832E+00
   7.6000E+00   3.4903E+03   3.0315E+02   2.1466E+05   4.8655E-06   4.2843E+00
   7.7000E+00   3.5036E+03   3.0315E+02   2.1549E+05   4.8456E-06   4.2846E+00
   7.8000E+00   3.5168E+03   3.0315E+02   2.1631E+05   4.8258E-06   4.2847E+00
   7.9000E+00   3.5300E+03   3.0315E+02   2.1713E+05   4.8063E-06   4.2850E+00
   8.0000E+00   3.5431E+03   3.0315E+02   2.1797E+05   4.7883E-06   4.2864E+00
   8.1000E+00   3.5557E+03   3.0315E+02   2.1876E+05   4.7697E-06   4.2864E+00
   8.2000E+00   3.5684E+03   3.0315E+02   2.1955E+05   4.7514E-06   4.2867E+00
   8.3000E+00   3.5809E+03   3.0315E+02   2.2035E+05   4.7337E-06   4.2873E+00
   8.4000E+00   3.5933E+03   3.0315E+02   2.2113E+05   4.7163E-06   4.2878E+00
   8.5000E+00   3.6055E+03   3.0315E+02   2.2191E+05   4.6995E-06   4.2885E+00
   8.6000E+00   3.6174E+03   3.0315E+02   2.2265E+05   4.6825E-06   4.2886E+00
   8.7000E+00   3.6293E+03   3.0315E+02   2.2342E+05   4.6662E-06   4.2893E+00
   8.8000E+00   3.6410E+03   3.0315E+02   2.2418E+05   4.6515E-06   4.2910E+00
   8.9000E+00   3.6520E+03   3.0315E+02   2.2488E+05   4.6355E-06   4.2906E+00
   9.0000E+00   3.6632E+03   3.0315E+02   2.2560E+05   4.6198E-06   4.2907E+00
   9.1000E+00   3.6744E+03   3.0315E+02   2.2631E+05   4.6046E-06   4.2910E+00
   9.2000E+00   3.6855E+03   3.0315E+02   2.2705E+05   4.5908E-06   4.2925E+00
   9.3000E+00   3.6960E+03   3.0315E+02   2.2775E+05   4.5769E-06   4.2931E+00
   9.4000E+00   3.7063E+03   3.0315E+02   2.2844E+05   4.5633E-06   4.2936E+00
   9.5000E+00   3.7163E+03   3.0315E+02   2.2911E+05   4.5499E-06   4.2941E+00
   9.6000E+00   3.7262E+03   3.0315E+02   2.2976E+05   4.5360E-06   4.2937E+00
   9.7000E+00   3.7363E+03   3.0315E+02   2.3044E+05   4.5234E-06   4.2947E+00
   9.8000E+00   3.7459E+03   3.0315E+02   2.3109E+05   4.5108E-06   4.2952E+00
   9.9000E+00   3.7554E+03   3.0315E+02   2.3172E+05   4.4981E-06   4.2954E+00
   1.0000E+01   3.7648E+03   3.0315E+02   2.3237E+05   4.4861E-06   4.2960E+00
   1.0100E+01   3.7739E+03   3.0315E+02   2.3299E+05   4.4742E-06   4.2963E+00
   1.0200E+01   3.7830E+03   3.0315E+02   2.3362E+05   4.4625E-06   4.2967E+00
   1.0300E+01   3.7919E+03   3.0315E+02   2.3422E+05   4.4508E-06   4.2969E+00
   1.0400E+01   3.8007E+03   3.0315E+02   2.3482E+05   4.4390E-06   4.2969E+00
   1.0500E+01   3.8096E+03   3.0315E+02   2.3541E+05   4.4275E-06   4.2971E+00
   1.0600E+01   3.8184E+03   3.0315E+02   2.3601E+05   4.4164E-06   4.2975E+00
   1.0700E+01   3.8270E+03   3.0315E+02   2.3659E+05   4.4053E-06   4.2977E+00
   1.0800E+01   3.8355E+03   3.0315E+02   2.3717E+05   4.3950E-06   4.2986E+00
   1.0900E+01   3.8437E+03   3.0315E+02   2.3773E+05   4.3844E-06   4.2986E+00
   1.1000E+01   3.8519E+03   3.0315E+02   2.3829E+05   4.3739E-06   4.2988E+00
   1.1100E+01   3.8601E+03   3.0315E+02   2.3884E+05   4.3636E-06   4.2990E+00
   1.1200E+01   3.8681E+03   3.0315E+02   2.3939E+05   4.3534E-06   4.2992E+00
   1.1300E+01   3.8761E+03   3.0315E+02   2.3994E+05   4.3436E-06   4.2996E+00
   1.1400E+01   3.8839E+03   3.0315E+02   2.4046E+05   4.3337E-06   4.2998E+00
   1.1500E+01   3.8916E+03   3.0315E+02   2.4100E+05   4.3242E-06   4.3001E+00
   1.1600E+01   3.8992E+03   3.0315E+02   2.4152E+05   4.3146E-06   4.3002E+00
   1.1700E+01   3.9068E+03   3.0315E+02   2.4204E+05   4.3053E-06   4.3006E+00
   1.1800E+01   3.9142E+03   3.0315E+02   2.4255E+05   4.2959E-06   4.3006E+00
   1.1900E+01   3.9217E+03   3.0315E+02   2.4307E+05   4.2871E-06   4.3011E+00
   1.2000E+01   3.9288E+03   3.0315E+02   2.4356E+05   4.2782E-06   4.3013E+00
   1.2100E+01   3.9360E+03   3.0315E+02   2.4406E+05   4.2697E-06   4.3018E+00
   1.2200E+01   3.9429E+03   3.0315E+02   2.4455E+05   4.2613E-06   4.3021E+00
   1.2300E+01   3.9497E+03   3.0315E+02   2.4503E+05   4.2530E-06   4.3023E+00
   1.2400E+01   3.9564E+03   3.0315E+02   2.4550E+05   4.2447E-06   4.3024E+00
   1.2500E+01   3.9630E+03   3.0315E+02   2.4597E+05   4.2366E-06   4.3027E+00
   1.2600E+01   3.9696E+03   3.0315E+02   2.4644E+05   4.2293E-06   4.3036E+00
   1.2700E+01   3.9758E+03   3.0315E+02   2.4688E+05   4.2213E-06   4.3033E+00
   1.2800E+01   3.9821E+03   3.0315E+02   2.4733E+05   4.2137E-06   4.3035E+00
   1.2900E+01   3.9883E+03   3.0315E+02   2.4777E+05   4.2060E-06   4.3036E+00
   1.3000E+01   3.9944E+03   3.0315E+02   2.4823E+05   4.1988E-06   4.3040E+00
   1.3100E+01   4.0004E+03   3.0315E+02   2.4866E+05   4.1912E-06   4.3039E+00
   1.3200E+01   4.0065E+03   3.0315E+02   2.4909E+05   4.1841E-06   4.3043E+00
   1.3300E+01   4.0124E+03   3.0315E+02   2.4951E+05   4.1771E-06   4.3045E+00
   1.3400E+01   4.0181E+03   3.0315E+02   2.4993E+05   4.1703E-06   4.3049E+00
   1.3500E+01   4.0238E+03   3.0315E+02   2.5035E+05   4.1638E-06   4.3053E+00
   1.3600E+01   4.0292E+03   3.0315E+02   2.5077E+05   4.1573E-06   4.3056E+00
   1.3700E+01   4.0345E+03   3.0315E+02   2.5115E+05   4.1505E-06   4.3054E+00
   1.3800E+01   4.0399E+03   3.0315E+02   2.5155E+05   4.1442E-06   4.3057E+00
   1.3900E+01   4.0452E+03   3.0315E+02   2.5194E+05   4.1379E-06   4.3059E+00
   1.4000E+01   4.0503E+03   3.0315E+02   2.5233E+05   4.1316E-06   4.3060E+00
   1.4100E+01   4.0555E+03   3.0315E+02   2.5272E+05   4.1256E-06   4.3063E+00
   1.4200E+01   4.0605E+03   3.0315E+02   2.5309E+05   4.1195E-06   4.3064E+00
   1.4300E+01   4.0655E+03   3.0315E+02   2.5346E+05   4.1135E-06   4.3066E+00
   1.4400E+01   4.0703E+03   3.0315E+02   2.5383E+05   4.1077E-06   4.3067E+00
   1.4500E+01   4.0752E+03   3.0315E+02   2.5419E+05   4.1020E-06   4.3069E+00
   1.4600E+01   4.0799E+03   3.0315E+02   2.5450E+05   4.0950E-06   4.3057E+00
   1.4700E+01   4.0852E+03   3.0315E+02   2.5490E+05   4.0898E-06   4.3070E+00
   1.4800E+01   4.0900E+03   3.0315E+02   2.5526E+05   4.0844E-06   4.3073E+00
   1.4900E+01   4.0945E+03   3.0315E+02   2.5561E+05   4.0789E-06   4.3075E+00
   1.5000E+01   4.0990E+03   3.0315E+02   2.5597E+05   4.0738E-06   4.3078E+00
   1.5100E+01   4.1033E+03   3.0315E+02   2.5629E+05   4.0682E-06   4.3076E+00
   1.5200E+01   4.1078E+03   3.0315E+02   2.5663E+05   4.0631E-06   4.3080E+00
   1.5300E+01   4.1120E+03   3.0315E+02   2.5696E+05   4.0580E-06   4.3081E+00
   1.5400E+01   4.1163E+03   3.0315E+02   2.5730E+05   4.0531E-06   4.3084E+00
   1.5500E+01   4.1163E+03   3.0315E+02   2.5730E+05   4.0450E-06   4.3008E+00
   1.5600E+01   4.1240E+03   3.0315E+02   2.5790E+05   4.0428E-06   4.3076E+00
   1.5700E+01   4.1284E+03   3.0315E+02   2.5823E+05   4.0380E-06   4.3082E+00
   1.5800E+01   4.1326E+03   3.0315E+02   2.5856E+05   4.0333E-06   4.3086E+00
   1.5900E+01   4.1326E+03   3.0315E+02   2.5856E+05   4.0257E-06   4.3015E+00
   1.6000E+01   4.1400E+03   3.0315E+02   2.5914E+05   4.0236E-06   4.3080E+00
   1.6100E+01   4.1443E+03   3.0315E+02   2.5947E+05   4.0191E-06   4.3088E+00
   1.6200E+01   4.1443E+03   3.0315E+02   2.5947E+05   4.0118E-06   4.3019E+00
   1.6300E+01   4.1515E+03   3.0315E+02   2.6004E+05   4.0098E-06   4.3084E+00
   1.6400E+01   4.1515E+03   3.0315E+02   2.6004E+05   4.0027E-06   4.3018E+00
   1.6500E+01   4.1588E+03   3.0315E+02   2.6062E+05   4.0009E-06   4.3085E+00
   1.6600E+01   4.1588E+03   3.0315E+02   2.6062E+05   3.9940E-06   4.3020E+00
   1.6700E+01   4.1660E+03   3.0315E+02   2.6119E+05   3.9923E-06   4.3087E+00
   1.6800E+01   4.1660E+03   3.0315E+02   2.6119E+05   3.9855E-06   4.3024E+00
   1.6900E+01   4.1731E+03   3.0315E+02   2.6172E+05   3.9837E-06   4.3087E+00
   1.7000E+01   4.1731E+03   3.0315E+02   2.6172E+05   3.9771E-06   4.3026E+00
   1.7100E+01   4.1800E+03   3.0315E+02   2.6229E+05   3.9757E-06   4.3093E+00
   1.7200E+01   4.1800E+03   3.0315E+02   2.6229E+05   3.9693E-06   4.3033E+00
   1.7300E+01   4.1866E+03   3.0315E+02   2.6281E+05   3.9676E-06   4.3093E+00
   1.7400E+01   4.1866E+03   3.0315E+02   2.6281E+05   3.9614E-06   4.3035E+00
   1.7500E+01   4.1931E+03   3.0315E+02   2.6331E+05   3.9596E-06   4.3093E+00
   1.7600E+01   4.1931E+03   3.0315E+02   2.6331E+05   3.9535E-06   4.3036E+00
   1.7700E+01   4.1996E+03   3.0315E+02   2.6382E+05   3.9519E-06   4.3096E+00
   1.7800E+01   4.1996E+03   3.0315E+02   2.6382E+05   3.9460E-06   4.3041E+00
   1.7900E+01   4.2058E+03   3.0315E+02   2.6432E+05   3.9446E-06   4.3099E+00
   1.8000E+01   4.2058E+03   3.0315E+02   2.6432E+05   3.9388E-06   4.3046E+00
   1.8100E+01   4.2118E+03   3.0315E+02   2.6481E+05   3.9374E-06   4.3102E+00
   1.8200E+01   4.2118E+03   3.0315E+02   2.6481E+05   3.9318E-06   4.3051E+00
   1.8300E+01   4.2176E+03   3.0315E+02   2.6528E+05   3.9304E-06   4.3105E+00
   1.8400E+01   4.2176E+03   3.0315E+02   2.6528E+05   3.9250E-06   4.3055E+00
   1.8500E+01   4.2233E+03   3.0315E+02   2.6575E+05   3.9236E-06   4.3107E+00
   1.8600E+01   4.2233E+03   3.0315E+02   2.6575E+05   3.9182E-06   4.3058E+00
   1.8700E+01   4.2287E+03   3.0315E+02   2.6618E+05   3.9167E-06   4.3106E+00
   1.8800E+01   4.2287E+03   3.0315E+02   2.6618E+05   3.9115E-06   4.3058E+00
   1.8900E+01   4.2342E+03   3.0315E+02   2.6663E+05   3.9101E-06   4.3108E+00
   1.9000E+01   4.2342E+03   3.0315E+02   2.6663E+05   3.9050E-06   4.3062E+00
   1.9100E+01   4.2394E+03   3.0315E+02   2.6705E+05   3.9036E-06   4.3109E+00
   1.9200E+01   4.2394E+03   3.0315E+02   2.6705E+05   3.8986E-06   4.3064E+00
   1.9300E+01   4.2446E+03   3.0315E+02   2.6749E+05   3.8974E-06   4.3113E+00
   1.9400E+01   4.2446E+03   3.0315E+02   2.6749E+05   3.8926E-06   4.3069E+00
   1.9500E+01   4.2496E+03   3.0315E+02   2.6789E+05   3.8911E-06   4.3112E+00
   1.9600E+01   4.2496E+03   3.0315E+02   2.6789E+05   3.8864E-06   4.3069E+00
   1.9700E+01   4.2545E+03   3.0315E+02   2.6831E+05   3.8852E-06   4.3116E+00
   1.9800E+01   4.2545E+03   3.0315E+02   2.6831E+05   3.8806E-06   4.3074E+00
   1.9900E+01   4.2592E+03   3.0315E+02   2.6869E+05   3.8793E-06   4.3116E+00
   2.0000E+01   4.2592E+03   3.0315E+02   2.6869E+05   3.8748E-06   4.3076E+00
   2.0100E+01   4.2638E+03   3.0315E+02   2.6909E+05   3.8737E-06   4.3120E+00
   2.0200E+01   4.2638E+03   3.0315E+02   2.6909E+05   3.8693E-06   4.3080E+00
   2.0300E+01   4.2683E+03   3.0315E+02   2.6948E+05   3.8683E-06   4.3123E+00
   2.0400E+01   4.2683E+03   3.0315E+02   2.6948E+05   3.8640E-06   4.3084E+00
   2.0500E+01   4.2683E+03   3.0315E+02   2.6948E+05   3.8598E-06   4.3046E+00
   2.0600E+01   4.2744E+03   3.0315E+02   2.7002E+05   3.8601E-06   4.3120E+00
   2.0700E+01   4.2744E+03   3.0315E+02   2.7002E+05   3.8559E-06   4.3083E+00
   2.0800E+01   4.2744E+03   3.0315E+02   2.7002E+05   3.8518E-06   4.3047E+00
   2.0900E+01   4.2805E+03   3.0315E+02   2.7054E+05   3.8522E-06   4.3121E+00
   2.1000E+01   4.2805E+03   3.0315E+02   2.7054E+05   3.8482E-06   4.3085E+00
   2.1100E+01   4.2805E+03   3.0315E+02   2.7054E+05   3.8442E-06   4.3050E+00
   2.1200E+01   4.2864E+03   3.0315E+02   2.7105E+05   3.8445E-06   4.3121E+00
   2.1300E+01   4.2864E+03   3.0315E+02   2.7105E+05   3.8406E-06   4.3087E+00
   2.1400E+01   4.2864E+03   3.0315E+02   2.7105E+05   3.8367E-06   4.3053E+00
   2.1500E+01   4.2922E+03   3.0315E+02   2.7155E+05   3.8370E-06   4.3123E+00
   2.1600E+01   4.2922E+03   3.0315E+02   2.7155E+05   3.8333E-06   4.3090E+00
   2.1700E+01   4.2922E+03   3.0315E+02   2.7155E+05   3.8296E-06   4.3057E+00
   2.1800E+01   4.2978E+03   3.0315E+02   2.7207E+05   3.8300E-06   4.3127E+00
   2.1900E+01   4.2978E+03   3.0315E+02   2.7207E+05   3.8264E-06   4.3095E+00
   2.2000E+01   4.2978E+03   3.0315E+02   2.7207E+05   3.8228E-06   4.3064E+00
   2.2100E+01   4.3030E+03   3.0315E+02   2.7251E+05   3.8227E-06   4.3125E+00
   2.2200E+01   4.3030E+03   3.0315E+02   2.7251E+05   3.8192E-06   4.3094E+00
   2.2300E+01   4.3030E+03   3.0315E+02   2.7251E+05   3.8157E-06   4.3064E+00
   2.2400E+01   4.3083E+03   3.0315E+02   2.7298E+05   3.8159E-06   4.3127E+00
   2.2500E+01   4.3083E+03   3.0315E+02   2.7298E+05   3.8125E-06   4.3098E+00
   2.2600E+01   4.3083E+03   3.0315E+02   2.7298E+05   3.8092E-06   4.3069E+00
   2.2700E+01   4.3133E+03   3.0315E+02   2.7345E+05   3.8093E-06   4.3130E+00
   2.2800E+01   4.3133E+03   3.0315E+02   2.7345E+05   3.8060E-06   4.3101E+00
   2.2900E+01   4.3133E+03   3.0315E+02   2.7345E+05   3.8028E-06   4.3073E+00
   2.3000E+01   4.3182E+03   3.0315E+02   2.7386E+05   3.8027E-06   4.3129E+00
   2.3100E+01   4.3182E+03   3.0315E+02   2.7386E+05   3.7995E-06   4.3102E+00
   2.3200E+01   4.3182E+03   3.0315E+02   2.7386E+05   3.7964E-06   4.3074E+00
   2.3300E+01   4.3229E+03   3.0315E+02   2.7428E+05   3.7964E-06   4.3131E+00
   2.3400E+01   4.3229E+03   3.0315E+02   2.7428E+05   3.7933E-06   4.3105E+00
   2.3500E+01   4.3229E+03   3.0315E+02   2.7428E+05   3.7902E-06   4.3078E+00
   2.3600E+01   4.3275E+03   3.0315E+02   2.7469E+05   3.7903E-06   4.3133E+00
   2.3700E+01   4.3275E+03   3.0315E+02   2.7469E+05   3.7873E-06   4.3107E+00
   2.3800E+01   4.3275E+03   3.0315E+02   2.7469E+05   3.7843E-06   4.3082E+00
   2.3900E+01   4.3319E+03   3.0315E+02   2.7509E+05   3.7843E-06   4.3135E+00
   2.4000E+01   4.3319E+03   3.0315E+02   2.7509E+05   3.7814E-06   4.3110E+00
   2.4100E+01   4.3319E+03   3.0315E+02   2.7509E+05   3.7785E-06   4.3086E+00
   2.4200E+01   4.3319E+03   3.0315E+02   2.7509E+05   3.7757E-06   4.3062E+00
   2.4300E+01   4.3373E+03   3.0315E+02   2.7559E+05   3.7764E-06   4.3132E+00
   2.4400E+01   4.3373E+03   3.0315E+02   2.7559E+05   3.7736E-06   4.3109E+00
   2.4500E+01   4.3373E+03   3.0315E+02   2.7559E+05   3.7708E-06   4.3086E+00
   2.4600E+01   4.3373E+03   3.0315E+02   2.7559E+05   3.7681E-06   4.3062E+00
   2.4700E+01   4.3427E+03   3.0315E+02   2.7613E+05   3.7704E-06   4.3151E+00
   2.4800E+01   4.3427E+03   3.0315E+02   2.7613E+05   3.7677E-06   4.3128E+00
   2.4900E+01   4.3427E+03   3.0315E+02   2.7613E+05   3.7650E-06   4.3106E+00
   2.5000E+01   4.3427E+03   3.0315E+02   2.7613E+05   3.7624E-06   4.3084E+00
   2.5100E+01   4.3469E+03   3.0315E+02   2.7654E+05   3.7628E-06   4.3140E+00
   2.5200E+01   4.3469E+03   3.0315E+02   2.7654E+05   3.7602E-06   4.3119E+00
   2.5300E+01   4.3469E+03   3.0315E+02   2.7654E+05   3.7576E-06   4.3098E+00
   2.5400E+01   4.3469E+03   3.0315E+02   2.7654E+05   3.7551E-06   4.3077E+00
   2.5500E+01   4.3516E+03   3.0315E+02   2.7698E+05   3.7557E-06   4.3139E+00
   2.5600E+01   4.3516E+03   3.0315E+02   2.7698E+05   3.7532E-06   4.3118E+00
   2.5700E+01   4.3516E+03   3.0315E+02   2.7698E+05   3.7507E-06   4.3098E+00
   2.5800E+01   4.3516E+03   3.0315E+02   2.7698E+05   3.7483E-06   4.3078E+00
   2.5900E+01   4.3562E+03   3.0315E+02   2.7741E+05   3.7489E-06   4.3139E+00
   2.6000E+01   4.3562E+03   3.0315E+02   2.7741E+05   3.7465E-06   4.3120E+00
   2.6100E+01   4.3562E+03   3.0315E+02   2.7741E+05   3.7441E-06   4.3101E+00
   2.6200E+01   4.3562E+03   3.0315E+02   2.7741E+05   3.7418E-06   4.3082E+00
   2.6300E+01   4.3606E+03   3.0315E+02   2.7785E+05   3.7425E-06   4.3143E+00
   2.6400E+01   4.3606E+03   3.0315E+02   2.7785E+05   3.7402E-06   4.3124E+00
   2.6500E+01   4.3606E+03   3.0315E+02   2.7785E+05   3.7379E-06   4.3106E+00
   2.6600E+01   4.3606E+03   3.0315E+02   2.7785E+05   3.7356E-06   4.3088E+00
   2.6700E+01   4.3606E+03   3.0315E+02   2.7785E+05   3.7333E-06   4.3070E+00
   2.6800E+01   4.3657E+03   3.0315E+02   2.7831E+05   3.7343E-06   4.3139E+00
   2.6900E+01   4.3657E+03   3.0315E+02   2.7831E+05   3.7321E-06   4.3122E+00
   2.7000E+01   4.3657E+03   3.0315E+02   2.7831E+05   3.7299E-06   4.3105E+00
   2.7100E+01   4.3657E+03   3.0315E+02   2.7831E+05   3.7277E-06   4.3087E+00
   2.7200E+01   4.3698E+03   3.0315E+02   2.7874E+05   3.7285E-06   4.3145E+00
   2.7300E+01   4.3698E+03   3.0315E+02   2.7874E+05   3.7263E-06   4.3129E+00
   2.7400E+01   4.3698E+03   3.0315E+02   2.7874E+05   3.7242E-06   4.3112E+00
   2.7500E+01   4.3698E+03   3.0315E+02   2.7874E+05   3.7221E-06   4.3096E+00
   2.7600E+01   4.3698E+03   3.0315E+02   2.7874E+05   3.7200E-06   4.3079E+00
   2.7700E+01   4.3744E+03   3.0315E+02   2.7919E+05   3.7209E-06   4.3143E+00
   2.7800E+01   4.3744E+03   3.0315E+02   2.7919E+05   3.7189E-06   4.3128E+00
   2.7900E+01   4.3744E+03   3.0315E+02   2.7919E+05   3.7168E-06   4.3112E+00
   2.8000E+01   4.3744E+03   3.0315E+02   2.7919E+05   3.7148E-06   4.3097E+00
   2.8100E+01   4.3744E+03   3.0315E+02   2.7919E+05   3.7128E-06   4.3081E+00
   2.8200E+01   4.3788E+03   3.0315E+02   2.7961E+05   3.7135E-06   4.3142E+00
   2.8300E+01   4.3788E+03   3.0315E+02   2.7961E+05   3.7116E-06   4.3127E+00
   2.8400E+01   4.3788E+03   3.0315E+02   2.7961E+05   3.7096E-06   4.3112E+00
   2.8500E+01   4.3788E+03   3.0315E+02   2.7961E+05   3.7077E-06   4.3098E+00
   2.8600E+01   4.3825E+03   3.0315E+02   2.7961E+05   3.7088E-06   4.3155E+00
   2.8700E+01   4.3832E+03   3.0315E+02   2.8002E+05   3.7064E-06   4.3143E+00
   2.8800E+01   4.3832E+03   3.0315E+02   2.8002E+05   3.7045E-06   4.3129E+00
   2.8900E+01   4.3832E+03   3.0315E+02   2.8002E+05   3.7026E-06   4.3115E+00
   2.9000E+01   4.3832E+03   3.0315E+02   2.8002E+05   3.7008E-06   4.3101E+00
   2.9100E+01   4.3867E+03   3.0315E+02   2.8002E+05   3.7018E-06   4.3156E+00
   2.9200E+01   4.3874E+03   3.0315E+02   2.8044E+05   3.6997E-06   4.3145E+00
   2.9300E+01   4.3874E+03   3.0315E+02   2.8044E+05   3.6978E-06   4.3132E+00
   2.9400E+01   4.3874E+03   3.0315E+02   2.8044E+05   3.6960E-06   4.3119E+00
   2.9500E+01   4.3874E+03   3.0315E+02   2.8044E+05   3.6942E-06   4.3106E+00
   2.9600E+01   4.3874E+03   3.0315E+02   2.8044E+05   3.6924E-06   4.3093E+00
   2.9700E+01   4.3913E+03   3.0315E+02   2.8084E+05   3.6931E-06   4.3146E+00
   2.9800E+01   4.3913E+03   3.0315E+02   2.8084E+05   3.6913E-06   4.3134E+00
   2.9900E+01   4.3913E+03   3.0315E+02   2.8084E+05   3.6896E-06   4.3122E+00
   3.0000E+01   4.3913E+03   3.0315E+02   2.8084E+05   3.6879E-06   4.3109E+00
   3.0100E+01   4.3913E+03   3.0315E+02   2.8084E+05   3.6861E-06   4.3097E+00
   3.0200E+01   4.3950E+03   3.0315E+02   2.8120E+05   3.6866E-06   4.3147E+00
   3.0300E+01   4.3950E+03   3.0315E+02   2.8120E+05   3.6850E-06   4.3135E+00
   3.0400E+01   4.3950E+03   3.0315E+02   2.8120E+05   3.6833E-06   4.3124E+00
   3.0500E+01   4.3950E+03   3.0315E+02   2.8120E+05   3.6816E-06   4.3112E+00
   3.0600E+01   4.3950E+03   3.0315E+02   2.8120E+05   3.6800E-06   4.3101E+00
   3.0700E+01   4.3985E+03   3.0315E+02   2.8154E+05   3.6805E-06   4.3149E+00
   3.0800E+01   4.3985E+03   3.0315E+02   2.8154E+05   3.6789E-06   4.3138E+00
   3.0900E+01   4.3985E+03   3.0315E+02   2.8154E+05   3.6772E-06   4.3127E+00
   3.1000E+01   4.3985E+03   3.0315E+02   2.8154E+05   3.6756E-06   4.3116E+00
   3.1100E+01   4.3985E+03   3.0315E+02   2.8154E+05   3.6740E-06   4.3105E+00
   3.1200E+01   4.3985E+03   3.0315E+02   2.8154E+05   3.6724E-06   4.3094E+00
   3.1300E+01   4.4023E+03   3.0315E+02   2.8194E+05   3.6734E-06   4.3151E+00
   3.1400E+01   4.4023E+03   3.0315E+02   2.8194E+05   3.6718E-06   4.3140E+00
   3.1500E+01   4.4023E+03   3.0315E+02   2.8194E+05   3.6703E-06   4.3130E+00
   3.1600E+01   4.4023E+03   3.0315E+02   2.8194E+05   3.6688E-06   4.3120E+00
   3.1700E+01   4.4023E+03   3.0315E+02   2.8194E+05   3.6672E-06   4.3110E+00
   3.1800E+01   4.4023E+03   3.0315E+02   2.8194E+05   3.6657E-06   4.3100E+00
   3.1900E+01   4.4059E+03   3.0315E+02   2.8229E+05   3.6665E-06   4.3151E+00
   3.2000E+01   4.4059E+03   3.0315E+02   2.8229E+05   3.6650E-06   4.3142E+00
   3.2100E+01   4.4059E+03   3.0315E+02   2.8229E+05   3.6635E-06   4.3132E+00
   3.2200E+01   4.4059E+03   3.0315E+02   2.8229E+05   3.6620E-06   4.3123E+00
   3.2300E+01   4.4059E+03   3.0315E+02   2.8229E+05   3.6606E-06   4.3113E+00
   3.2400E+01   4.4087E+03   3.0315E+02   2.8260E+05   3.6610E-06   4.3154E+00
   3.2500E+01   4.4087E+03   3.0315E+02   2.8260E+05   3.6595E-06   4.3145E+00
   3.2600E+01   4.4087E+03   3.0315E+02   2.8260E+05   3.6581E-06   4.3136E+00
   3.2700E+01   4.4087E+03   3.0315E+02   2.8260E+05   3.6567E-06   4.3127E+00
   3.2800E+01   4.4087E+03   3.0315E+02   2.8260E+05   3.6553E-06   4.3118E+00
   3.2900E+01   4.4113E+03   3.0315E+02   2.8288E+05   3.6555E-06   4.3154E+00
   3.3000E+01   4.4113E+03   3.0315E+02   2.8288E+05   3.6541E-06   4.3146E+00
   3.3100E+01   4.4113E+03   3.0315E+02   2.8288E+05   3.6527E-06   4.3137E+00
   3.3200E+01   4.4113E+03   3.0315E+02   2.8288E+05   3.6514E-06   4.3129E+00
   3.3300E+01   4.4113E+03   3.0315E+02   2.8288E+05   3.6500E-06   4.3121E+00
   3.3400E+01   4.4138E+03   3.0315E+02   2.8314E+05   3.6501E-06   4.3154E+00
   3.3500E+01   4.4138E+03   3.0315E+02   2.8314E+05   3.6488E-06   4.3146E+00
   3.3600E+01   4.4138E+03   3.0315E+02   2.8314E+05   3.6474E-06   4.3139E+00
   3.3700E+01   4.4138E+03   3.0315E+02   2.8314E+05   3.6461E-06   4.3131E+00
   3.3800E+01   4.4138E+03   3.0315E+02   2.8314E+05   3.6448E-06   4.3123E+00
   3.3900E+01   4.4138E+03   3.0315E+02   2.8314E+05   3.6435E-06   4.3115E+00
   3.4000E+01   4.4166E+03   3.0315E+02   2.8314E+05   3.6445E-06   4.3162E+00
   3.4100E+01   4.4170E+03   3.0315E+02   2.8348E+05   3.6426E-06   4.3152E+00
   3.4200E+01   4.4170E+03   3.0315E+02   2.8348E+05   3.6414E-06   4.3145E+00
   3.4300E+01   4.4170E+03   3.0315E+02   2.8348E+05   3.6401E-06   4.3138E+00
   3.4400E+01   4.4170E+03   3.0315E+02   2.8348E+05   3.6388E-06   4.3131E+00
   3.4500E+01   4.4170E+03   3.0315E+02   2.8348E+05   3.6376E-06   4.3124E+00
   3.4600E+01   4.4170E+03   3.0315E+02   2.8348E+05   3.6363E-06   4.3117E+00
   3.4700E+01   4.4170E+03   3.0315E+02   2.8348E+05   3.6351E-06   4.3110E+00
   3.4800E+01   4.4200E+03   3.0315E+02   2.8378E+05   3.6355E-06   4.3152E+00
   3.4900E+01   4.4200E+03   3.0315E+02   2.8378E+05   3.6342E-06   4.3145E+00
   3.5000E+01   4.4200E+03   3.0315E+02   2.8378E+05   3.6330E-06   4.3139E+00
   3.5100E+01   4.4200E+03   3.0315E+02   2.8378E+05   3.6318E-06   4.3132E+00
   3.5200E+01   4.4200E+03   3.0315E+02   2.8378E+05   3.6306E-06   4.3126E+00
   3.5300E+01   4.4200E+03   3.0315E+02   2.8378E+05   3.6294E-06   4.3120E+00
   3.5400E+01   4.4226E+03   3.0315E+02   2.8403E+05   3.6295E-06   4.3153E+00
   3.5500E+01   4.4226E+03   3.0315E+02   2.8403E+05   3.6283E-06   4.3147E+00
   3.5600E+01   4.4226E+03   3.0315E+02   2.8403E+05   3.6272E-06   4.3141E+00
   3.5700E+01   4.4226E+03   3.0315E+02   2.8403E+05   3.6260E-06   4.3136E+00
   3.5800E+01   4.4226E+03   3.0315E+02   2.8403E+05   3.6249E-06   4.3130E+00
   3.5900E+01   4.4226E+03   3.0315E+02   2.8403E+05   3.6237E-06   4.3124E+00
   3.6000E+01   4.4249E+03   3.0315E+02   2.8403E+05   3.6245E-06   4.3164E+00
   3.6100E+01   4.4252E+03   3.0315E+02   2.8428E+05   3.6226E-06   4.3152E+00
   3.6200E+01   4.4252E+03   3.0315E+02   2.8428E+05   3.6215E-06   4.3147E+00
   3.6300E+01   4.4252E+03   3.0315E+02   2.8428E+05   3.6204E-06   4.3142E+00
   3.6400E+01   4.4252E+03   3.0315E+02   2.8428E+05   3.6193E-06   4.3136E+00
   3.6500E+01   4.4252E+03   3.0315E+02   2.8428E+05   3.6182E-06   4.3131E+00
   3.6600E+01   4.4252E+03   3.0315E+02   2.8428E+05   3.6171E-06   4.3126E+00
   3.6700E+01   4.4252E+03   3.0315E+02   2.8428E+05   3.6160E-06   4.3121E+00
   3.6800E+01   4.4276E+03   3.0315E+02   2.8428E+05   3.6169E-06   4.3164E+00
   3.6900E+01   4.4279E+03   3.0315E+02   2.8455E+05   3.6148E-06   4.3149E+00
   3.7000E+01   4.4279E+03   3.0315E+02   2.8455E+05   3.6137E-06   4.3145E+00
   3.7100E+01   4.4279E+03   3.0315E+02   2.8455E+05   3.6127E-06   4.3140E+00
   3.7200E+01   4.4279E+03   3.0315E+02   2.8455E+05   3.6116E-06   4.3136E+00
   3.7300E+01   4.4279E+03   3.0315E+02   2.8455E+05   3.6106E-06   4.3131E+00
   3.7400E+01   4.4279E+03   3.0315E+02   2.8455E+05   3.6095E-06   4.3127E+00
   3.7500E+01   4.4279E+03   3.0315E+02   2.8455E+05   3.6085E-06   4.3123E+00
   3.7600E+01   4.4303E+03   3.0315E+02   2.8455E+05   3.6094E-06   4.3165E+00
   3.7700E+01   4.4305E+03   3.0315E+02   2.8455E+05   3.6086E-06   4.3165E+00
   3.7800E+01   4.4307E+03   3.0315E+02   2.8480E+05   3.6062E-06   4.3147E+00
   3.7900E+01   4.4307E+03   3.0315E+02   2.8480E+05   3.6052E-06   4.3143E+00
   3.8000E+01   4.4307E+03   3.0315E+02   2.8480E+05   3.6042E-06   4.3140E+00
   3.8100E+01   4.4322E+03   3.0315E+02   2.8480E+05   3.6045E-06   4.3166E+00
   3.8200E+01   4.4307E+03   3.0315E+02   2.8480E+05   3.6023E-06   4.3132E+00
   3.8300E+01   4.4307E+03   3.0315E+02   2.8480E+05   3.6013E-06   4.3129E+00
   3.8400E+01   4.4307E+03   3.0315E+02   2.8480E+05   3.6003E-06   4.3125E+00
   3.8500E+01   4.4307E+03   3.0315E+02   2.8480E+05   3.5993E-06   4.3122E+00
   3.8600E+01   4.4332E+03   3.0315E+02   2.8480E+05   3.6004E-06   4.3166E+00
   3.8700E+01   4.4333E+03   3.0315E+02   2.8501E+05   3.5979E-06   4.3146E+00
   3.8800E+01   4.4333E+03   3.0315E+02   2.8501E+05   3.5970E-06   4.3143E+00
   3.8900E+01   4.4333E+03   3.0315E+02   2.8501E+05   3.5960E-06   4.3140E+00
   3.9000E+01   4.4333E+03   3.0315E+02   2.8501E+05   3.5951E-06   4.3137E+00
   3.9100E+01   4.4333E+03   3.0315E+02   2.8501E+05   3.5942E-06   4.3134E+00
   3.9200E+01   4.4333E+03   3.0315E+02   2.8501E+05   3.5933E-06   4.3131E+00
   3.9300E+01   4.4333E+03   3.0315E+02   2.8501E+05   3.5924E-06   4.3129E+00
   3.9400E+01   4.4354E+03   3.0315E+02   2.8501E+05   3.5931E-06   4.3167E+00
   3.9500E+01   4.4333E+03   3.0315E+02   2.8501E+05   3.5905E-06   4.3123E+00
   3.9600E+01   4.4357E+03   3.0315E+02   2.8501E+05   3.5916E-06   4.3167E+00
   3.9700E+01   4.4358E+03   3.0315E+02   2.8519E+05   3.5888E-06   4.3144E+00
   3.9800E+01   4.4358E+03   3.0315E+02   2.8519E+05   3.5880E-06   4.3141E+00
   3.9900E+01   4.4358E+03   3.0315E+02   2.8519E+05   3.5871E-06   4.3139E+00
   4.0000E+01   4.4358E+03   3.0315E+02   2.8519E+05   3.5862E-06   4.3137E+00
   4.0100E+01   4.4358E+03   3.0315E+02   2.8519E+05   3.5854E-06   4.3135E+00
   4.0200E+01   4.4358E+03   3.0315E+02   2.8519E+05   3.5845E-06   4.3133E+00
   4.0300E+01   4.4358E+03   3.0315E+02   2.8519E+05   3.5837E-06   4.3131E+00
   4.0400E+01   4.4378E+03   3.0315E+02   2.8519E+05   3.5844E-06   4.3168E+00
   4.0500E+01   4.4358E+03   3.0315E+02   2.8519E+05   3.5820E-06   4.3128E+00
   4.0600E+01   4.4380E+03   3.0315E+02   2.8519E+05   3.5829E-06   4.3168E+00
   4.0700E+01   4.4381E+03   3.0315E+02   2.8532E+05   3.5800E-06   4.3143E+00
   4.0800E+01   4.4381E+03   3.0315E+02   2.8532E+05   3.5792E-06   4.3141E+00
   4.0900E+01   4.4381E+03   3.0315E+02   2.8532E+05   3.5784E-06   4.3140E+00
   4.1000E+01   4.4381E+03   3.0315E+02   2.8532E+05   3.5776E-06   4.3138E+00
   4.1100E+01   4.4381E+03   3.0315E+02   2.8532E+05   3.5768E-06   4.3137E+00
   4.1200E+01   4.4381E+03   3.0315E+02   2.8532E+05   3.5760E-06   4.3136E+00
   4.1300E+01   4.4398E+03   3.0315E+02   2.8532E+05   3.5766E-06   4.3168E+00
   4.1400E+01   4.4381E+03   3.0315E+02   2.8532E+05   3.5744E-06   4.3134E+00
   4.1500E+01   4.4381E+03   3.0315E+02   2.8532E+05   3.5737E-06   4.3133E+00
   4.1600E+01   4.4399E+03   3.0315E+02   2.8532E+05   3.5744E-06   4.3169E+00
   4.1700E+01   4.4381E+03   3.0315E+02   2.8532E+05   3.5721E-06   4.3131E+00
   4.1800E+01   4.4400E+03   3.0315E+02   2.8532E+05   3.5729E-06   4.3169E+00
   4.1900E+01   4.4401E+03   3.0315E+02   2.8539E+05   3.5697E-06   4.3138E+00
   4.2000E+01   4.4401E+03   3.0315E+02   2.8539E+05   3.5689E-06   4.3138E+00
   4.2100E+01   4.4401E+03   3.0315E+02   2.8539E+05   3.5682E-06   4.3137E+00
   4.2200E+01   4.4401E+03   3.0315E+02   2.8539E+05   3.5675E-06   4.3137E+00
   4.2300E+01   4.4417E+03   3.0315E+02   2.8539E+05   3.5681E-06   4.3169E+00
   4.2400E+01   4.4401E+03   3.0315E+02   2.8539E+05   3.5660E-06   4.3137E+00
   4.2500E+01   4.4417E+03   3.0315E+02   2.8539E+05   3.5667E-06   4.3169E+00
   4.2600E+01   4.4401E+03   3.0315E+02   2.8539E+05   3.5646E-06   4.3137E+00
   4.2700E+01   4.4401E+03   3.0315E+02   2.8539E+05   3.5639E-06   4.3137E+00
   4.2800E+01   4.4417E+03   3.0315E+02   2.8539E+05   3.5646E-06   4.3170E+00
   4.2900E+01   4.4417E+03   3.0315E+02   2.8539E+05   3.5639E-06   4.3170E+00
   4.3000E+01   4.4417E+03   3.0315E+02   2.8538E+05   3.5601E-06   4.3133E+00
   4.3100E+01   4.4436E+03   3.0315E+02   2.8538E+05   3.5610E-06   4.3170E+00
   4.3200E+01   4.4436E+03   3.0315E+02   2.8538E+05   3.5603E-06   4.3170E+00
   4.3300E+01   4.4417E+03   3.0315E+02   2.8538E+05   3.5581E-06   4.3134E+00
   4.3400E+01   4.4435E+03   3.0315E+02   2.8538E+05   3.5589E-06   4.3170E+00
   4.3500E+01   4.4435E+03   3.0315E+02   2.8538E+05   3.5582E-06   4.3170E+00
   4.3600E+01   4.4417E+03   3.0315E+02   2.8538E+05   3.5561E-06   4.3137E+00
   4.3700E+01   4.4434E+03   3.0315E+02   2.8538E+05   3.5569E-06   4.3170E+00
   4.3800E+01   4.4434E+03   3.0315E+02   2.8538E+05   3.5562E-06   4.3170E+00
   4.3900E+01   4.4417E+03   3.0315E+02   2.8538E+05   3.5542E-06   4.3139E+00
   4.4000E+01   4.4433E+03   3.0315E+02   2.8538E+05   3.5548E-06   4.3170E+00
   4.4100E+01   4.4432E+03   3.0315E+02   2.8538E+05   3.5542E-06   4.3171E+00
   4.4200E+01   4.4431E+03   3.0315E+02   2.8533E+05   3.5504E-06   4.3132E+00
   4.4300E+01   4.4450E+03   3.0315E+02   2.8533E+05   3.5513E-06   4.3171E+00
   4.4400E+01   4.4450E+03   3.0315E+02   2.8533E+05   3.5506E-06   4.3171E+00
   4.4500E+01   4.4431E+03   3.0315E+02   2.8533E+05   3.5486E-06   4.3137E+00
   4.4600E+01   4.4431E+03   3.0315E+02   2.8533E+05   3.5480E-06   4.3138E+00
   4.4700E+01   4.4447E+03   3.0315E+02   2.8533E+05   3.5487E-06   4.3171E+00
   4.4800E+01   4.4431E+03   3.0315E+02   2.8533E+05   3.5468E-06   4.3142E+00
   4.4900E+01   4.4431E+03   3.0315E+02   2.8533E+05   3.5462E-06   4.3143E+00
   4.5000E+01   4.4445E+03   3.0315E+02   2.8533E+05   3.5467E-06   4.3171E+00
   4.5100E+01   4.4431E+03   3.0315E+02   2.8533E+05   3.5451E-06   4.3147E+00
   4.5200E+01   4.4431E+03   3.0315E+02   2.8533E+05   3.5445E-06   4.3149E+00
   4.5300E+01   4.4442E+03   3.0315E+02   2.8533E+05   3.5448E-06   4.3172E+00
   4.5400E+01   4.4441E+03   3.0315E+02   2.8520E+05   3.5410E-06   4.3133E+00
   4.5500E+01   4.4441E+03   3.0315E+02   2.8520E+05   3.5405E-06   4.3135E+00
   4.5600E+01   4.4441E+03   3.0315E+02   2.8520E+05   3.5399E-06   4.3137E+00
   4.5700E+01   4.4441E+03   3.0315E+02   2.8520E+05   3.5394E-06   4.3140E+00
   4.5800E+01   4.4441E+03   3.0315E+02   2.8520E+05   3.5389E-06   4.3142E+00
   4.5900E+01   4.4455E+03   3.0315E+02   2.8520E+05   3.5395E-06   4.3172E+00
   4.6000E+01   4.4441E+03   3.0315E+02   2.8520E+05   3.5379E-06   4.3147E+00
   4.6100E+01   4.4441E+03   3.0315E+02   2.8520E+05   3.5374E-06   4.3150E+00
   4.6200E+01   4.4441E+03   3.0315E+02   2.8520E+05   3.5369E-06   4.3153E+00
   4.6300E+01   4.4449E+03   3.0315E+02   2.8520E+05   3.5371E-06   4.3172E+00
   4.6400E+01   4.4448E+03   3.0315E+02   2.8505E+05   3.5334E-06   4.3135E+00
   4.6500E+01   4.4448E+03   3.0315E+02   2.8505E+05   3.5329E-06   4.3138E+00
   4.6600E+01   4.4448E+03   3.0315E+02   2.8505E+05   3.5324E-06   4.3141E+00
   4.6700E+01   4.4448E+03   3.0315E+02   2.8505E+05   3.5319E-06   4.3144E+00
   4.6800E+01   4.4461E+03   3.0315E+02   2.8505E+05   3.5325E-06   4.3173E+00
   4.6900E+01   4.4448E+03   3.0315E+02   2.8505E+05   3.5310E-06   4.3150E+00
   4.7000E+01   4.4448E+03   3.0315E+02   2.8505E+05   3.5306E-06   4.3153E+00
   4.7100E+01   4.4456E+03   3.0315E+02   2.8505E+05   3.5308E-06   4.3173E+00
   4.7200E+01   4.4448E+03   3.0315E+02   2.8505E+05   3.5297E-06   4.3160E+00
   4.7300E+01   4.4452E+03   3.0315E+02   2.8505E+05   3.5296E-06   4.3173E+00
   4.7400E+01   4.4451E+03   3.0315E+02   2.8482E+05   3.5257E-06   4.3132E+00
   4.7500E+01   4.4451E+03   3.0315E+02   2.8482E+05   3.5253E-06   4.3135E+00
   4.7600E+01   4.4451E+03   3.0315E+02   2.8482E+05   3.5248E-06   4.3139E+00
   4.7700E+01   4.4451E+03   3.0315E+02   2.8482E+05   3.5244E-06   4.3143E+00
   4.7800E+01   4.4451E+03   3.0315E+02   2.8482E+05   3.5240E-06   4.3147E+00
   4.7900E+01   4.4451E+03   3.0315E+02   2.8482E+05   3.5236E-06   4.3151E+00
   4.8000E+01   4.4451E+03   3.0315E+02   2.8482E+05   3.5232E-06   4.3155E+00
   4.8100E+01   4.4458E+03   3.0315E+02   2.8482E+05   3.5234E-06   4.3173E+00
   4.8200E+01   4.4451E+03   3.0315E+02   2.8482E+05   3.5225E-06   4.3163E+00
   4.8300E+01   4.4454E+03   3.0315E+02   2.8482E+05   3.5224E-06   4.3174E+00
   4.8400E+01   4.4452E+03   3.0315E+02   2.8458E+05   3.5185E-06   4.3133E+00
   4.8500E+01   4.4452E+03   3.0315E+02   2.8458E+05   3.5181E-06   4.3137E+00
   4.8600E+01   4.4452E+03   3.0315E+02   2.8458E+05   3.5178E-06   4.3141E+00
   4.8700E+01   4.4452E+03   3.0315E+02   2.8458E+05   3.5174E-06   4.3146E+00
   4.8800E+01   4.4452E+03   3.0315E+02   2.8458E+05   3.5171E-06   4.3150E+00
   4.8900E+01   4.4452E+03   3.0315E+02   2.8458E+05   3.5167E-06   4.3155E+00
   4.9000E+01   4.4452E+03   3.0315E+02   2.8458E+05   3.5164E-06   4.3159E+00
   4.9100E+01   4.4457E+03   3.0315E+02   2.8458E+05   3.5165E-06   4.3174E+00
   4.9200E+01   4.4455E+03   3.0315E+02   2.8458E+05   3.5159E-06   4.3174E+00
   4.9300E+01   4.4452E+03   3.0315E+02   2.8434E+05   3.5125E-06   4.3138E+00
   4.9400E+01   4.4452E+03   3.0315E+02   2.8434E+05   3.5121E-06   4.3142E+00
   4.9500E+01   4.4452E+03   3.0315E+02   2.8434E+05   3.5118E-06   4.3147E+00
   4.9600E+01   4.4452E+03   3.0315E+02   2.8434E+05   3.5115E-06   4.3152E+00
   4.9700E+01   4.4452E+03   3.0315E+02   2.8434E+05   3.5112E-06   4.3157E+00
   4.9800E+01   4.4452E+03   3.0315E+02   2.8434E+05   3.5109E-06   4.3162E+00
   4.9900E+01   4.4456E+03   3.0315E+02   2.8434E+05   3.5109E-06   4.3174E+00
   5.0000E+01   4.4453E+03   3.0315E+02   2.8413E+05   3.5078E-06   4.3142E+00
   5.0100E+01   4.4453E+03   3.0315E+02   2.8413E+05   3.5075E-06   4.3147E+00
   5.0200E+01   4.4453E+03   3.0315E+02   2.8413E+05   3.5072E-06   4.3152E+00
   5.0300E+01   4.4453E+03   3.0315E+02   2.8413E+05   3.5070E-06   4.3158E+00
   5.0400E+01   4.4453E+03   3.0315E+02   2.8413E+05   3.5067E-06   4.3163E+00
   5.0500E+01   4.4453E+03   3.0315E+02   2.8413E+05   3.5065E-06   4.3168E+00
   5.0600E+01   4.4453E+03   3.0315E+02   2.8413E+05   3.5062E-06   4.3174E+00
   5.0700E+01   4.4451E+03   3.0315E+02   2.8413E+05   3.5058E-06   4.3175E+00
   5.0800E+01   4.4448E+03   3.0315E+02   2.8385E+05   3.5027E-06   4.3142E+00
   5.0900E+01   4.4448E+03   3.0315E+02   2.8385E+05   3.5025E-06   4.3148E+00
   5.1000E+01   4.4448E+03   3.0315E+02   2.8385E+05   3.5022E-06   4.3153E+00
   5.1100E+01   4.4448E+03   3.0315E+02   2.8385E+05   3.5020E-06   4.3159E+00
   5.1200E+01   4.4448E+03   3.0315E+02   2.8385E+05   3.5018E-06   4.3165E+00
   5.1300E+01   4.4448E+03   3.0315E+02   2.8385E+05   3.5016E-06   4.3170E+00
   5.1400E+01   4.4448E+03   3.0315E+02   2.8385E+05   3.5013E-06   4.3175E+00
   5.1500E+01   4.4448E+03   3.0315E+02   2.8385E+05   3.5012E-06   4.3182E+00
   5.1600E+01   4.4442E+03   3.0315E+02   2.8385E+05   3.5005E-06   4.3175E+00
   5.1700E+01   4.4439E+03   3.0315E+02   2.8349E+05   3.4970E-06   4.3138E+00
   5.1800E+01   4.4439E+03   3.0315E+02   2.8349E+05   3.4968E-06   4.3144E+00
   5.1900E+01   4.4439E+03   3.0315E+02   2.8349E+05   3.4966E-06   4.3149E+00
   5.2000E+01   4.4439E+03   3.0315E+02   2.8349E+05   3.4964E-06   4.3155E+00
   5.2100E+01   4.4439E+03   3.0315E+02   2.8349E+05   3.4962E-06   4.3161E+00
   5.2200E+01   4.4439E+03   3.0315E+02   2.8349E+05   3.4961E-06   4.3167E+00
   5.2300E+01   4.4439E+03   3.0315E+02   2.8349E+05   3.4959E-06   4.3174E+00
   5.2400E+01   4.4436E+03   3.0315E+02   2.8349E+05   3.4956E-06   4.3176E+00
   5.2500E+01   4.4439E+03   3.0315E+02   2.8349E+05   3.4956E-06   4.3186E+00
   5.2600E+01   4.4430E+03   3.0315E+02   2.8319E+05   3.4923E-06   4.3145E+00
   5.2700E+01   4.4430E+03   3.0315E+02   2.8319E+05   3.4922E-06   4.3151E+00
   5.2800E+01   4.4430E+03   3.0315E+02   2.8319E+05   3.4920E-06   4.3158E+00
   5.2900E+01   4.4430E+03   3.0315E+02   2.8319E+05   3.4919E-06   4.3164E+00
   5.3000E+01   4.4430E+03   3.0315E+02   2.8319E+05   3.4918E-06   4.3170E+00
   5.3100E+01   4.4430E+03   3.0315E+02   2.8319E+05   3.4916E-06   4.3177E+00
   5.3200E+01   4.4426E+03   3.0315E+02   2.8319E+05   3.4912E-06   4.3176E+00
   5.3300E+01   4.4423E+03   3.0315E+02   2.8290E+05   3.4885E-06   4.3147E+00
   5.3400E+01   4.4423E+03   3.0315E+02   2.8290E+05   3.4884E-06   4.3153E+00
   5.3500E+01   4.4423E+03   3.0315E+02   2.8290E+05   3.4883E-06   4.3160E+00
   5.3600E+01   4.4423E+03   3.0315E+02   2.8290E+05   3.4882E-06   4.3166E+00
   5.3700E+01   4.4423E+03   3.0315E+02   2.8290E+05   3.4881E-06   4.3173E+00
   5.3800E+01   4.4423E+03   3.0315E+02   2.8290E+05   3.4880E-06   4.3179E+00
   5.3900E+01   4.4418E+03   3.0315E+02   2.8290E+05   3.4875E-06   4.3176E+00
   5.4000E+01   4.4415E+03   3.0315E+02   2.8290E+05   3.4872E-06   4.3176E+00
   5.4100E+01   4.4411E+03   3.0315E+02   2.8257E+05   3.4844E-06   4.3147E+00
   5.4200E+01   4.4411E+03   3.0315E+02   2.8257E+05   3.4844E-06   4.3153E+00
   5.4300E+01   4.4411E+03   3.0315E+02   2.8257E+05   3.4843E-06   4.3160E+00
   5.4400E+01   4.4411E+03   3.0315E+02   2.8257E+05   3.4842E-06   4.3167E+00
   5.4500E+01   4.4411E+03   3.0315E+02   2.8257E+05   3.4842E-06   4.3173E+00
   5.4600E+01   4.4411E+03   3.0315E+02   2.8257E+05   3.4841E-06   4.3180E+00
   5.4700E+01   4.4411E+03   3.0315E+02   2.8257E+05   3.4841E-06   4.3187E+00
   5.4800E+01   4.4402E+03   3.0315E+02   2.8257E+05   3.4833E-06   4.3176E+00
   5.4900E+01   4.4399E+03   3.0315E+02   2.8224E+05   3.4808E-06   4.3149E+00
   5.5000E+01   4.4399E+03   3.0315E+02   2.8224E+05   3.4807E-06   4.3155E+00
   5.5100E+01   4.4399E+03   3.0315E+02   2.8224E+05   3.4807E-06   4.3162E+00
   5.5200E+01   4.4399E+03   3.0315E+02   2.8224E+05   3.4806E-06   4.3169E+00
   5.5300E+01   4.4399E+03   3.0315E+02   2.8224E+05   3.4806E-06   4.3176E+00
   5.5400E+01   4.4399E+03   3.0315E+02   2.8224E+05   3.4806E-06   4.3183E+00
   5.5500E+01   4.4392E+03   3.0315E+02   2.8197E+05   3.4780E-06   4.3150E+00
   5.5600E+01   4.4392E+03   3.0315E+02   2.8197E+05   3.4779E-06   4.3157E+00
   5.5700E+01   4.4392E+03   3.0315E+02   2.8197E+05   3.4779E-06   4.3164E+00
   5.5800E+01   4.4392E+03   3.0315E+02   2.8197E+05   3.4779E-06   4.3171E+00
   5.5900E+01   4.4392E+03   3.0315E+02   2.8197E+05   3.4779E-06   4.3178E+00
   5.6000E+01   4.4392E+03   3.0315E+02   2.8197E+05   3.4779E-06   4.3185E+00
   5.6100E+01   4.4384E+03   3.0315E+02   2.8197E+05   3.4773E-06   4.3176E+00
   5.6200E+01   4.4380E+03   3.0315E+02   2.8166E+05   3.4750E-06   4.3151E+00
   5.6300E+01   4.4380E+03   3.0315E+02   2.8166E+05   3.4750E-06   4.3158E+00
   5.6400E+01   4.4380E+03   3.0315E+02   2.8166E+05   3.4750E-06   4.3165E+00
   5.6500E+01   4.4380E+03   3.0315E+02   2.8166E+05   3.4750E-06   4.3172E+00
   5.6600E+01   4.4380E+03   3.0315E+02   2.8166E+05   3.4751E-06   4.3179E+00
   5.6700E+01   4.4375E+03   3.0315E+02   2.8166E+05   3.4747E-06   4.3176E+00
   5.6800E+01   4.4380E+03   3.0315E+02   2.8166E+05   3.4751E-06   4.3194E+00
   5.6900E+01   4.4367E+03   3.0315E+02   2.8166E+05   3.4742E-06   4.3177E+00
   5.7000E+01   4.4364E+03   3.0315E+02   2.8130E+05   3.4718E-06   4.3151E+00
   5.7100E+01   4.4364E+03   3.0315E+02   2.8130E+05   3.4719E-06   4.3158E+00
   5.7200E+01   4.4364E+03   3.0315E+02   2.8130E+05   3.4719E-06   4.3165E+00
   5.7300E+01   4.4364E+03   3.0315E+02   2.8130E+05   3.4720E-06   4.3172E+00
   5.7400E+01   4.4364E+03   3.0315E+02   2.8130E+05   3.4720E-06   4.3179E+00
   5.7500E+01   4.4364E+03   3.0315E+02   2.8130E+05   3.4721E-06   4.3186E+00
   5.7600E+01   4.4355E+03   3.0315E+02   2.8130E+05   3.4715E-06   4.3177E+00
   5.7700E+01   4.4351E+03   3.0315E+02   2.8100E+05   3.4694E-06   4.3153E+00
   5.7800E+01   4.4351E+03   3.0315E+02   2.8100E+05   3.4694E-06   4.3161E+00
   5.7900E+01   4.4351E+03   3.0315E+02   2.8100E+05   3.4695E-06   4.3168E+00
   5.8100E+01   4.4351E+03   3.0315E+02   2.8100E+05   3.4696E-06   4.3182E+00
   5.8300E+01   4.4341E+03   3.0315E+02   2.8100E+05   3.4690E-06   4.3177E+00
   5.8500E+01   4.4334E+03   3.0315E+02   2.8100E+05   3.4686E-06   4.3177E+00
   5.8700E+01   4.4330E+03   3.0315E+02   2.8061E+05   3.4667E-06   4.3162E+00
   5.8900E+01   4.4330E+03   3.0315E+02   2.8061E+05   3.4669E-06   4.3176E+00
   5.9100E+01   4.4330E+03   3.0315E+02   2.8061E+05   3.4671E-06   4.3190E+00
   5.9300E+01   4.4316E+03   3.0315E+02   2.8029E+05   3.4645E-06   4.3155E+00
   5.9500E+01   4.4316E+03   3.0315E+02   2.8029E+05   3.4647E-06   4.3169E+00
   5.9700E+01   4.4316E+03   3.0315E+02   2.8029E+05   3.4649E-06   4.3183E+00
   5.9900E+01   4.4316E+03   3.0315E+02   2.8029E+05   3.4651E-06   4.3198E+00
   6.0100E+01   4.4297E+03   3.0315E+02   2.7995E+05   3.4624E-06   4.3157E+00
   6.0300E+01   4.4297E+03   3.0315E+02   2.7995E+05   3.4626E-06   4.3171E+00
   6.0500E+01   4.4297E+03   3.0315E+02   2.7995E+05   3.4629E-06   4.3185E+00
   6.0700E+01   4.4297E+03   3.0315E+02   2.7995E+05   3.4632E-06   4.3200E+00
   6.0900E+01   4.4297E+03   3.0315E+02   2.7995E+05   3.4635E-06   4.3214E+00
   6.1100E+01   4.4270E+03   3.0315E+02   2.7950E+05   3.4599E-06   4.3153E+00
   6.1300E+01   4.4270E+03   3.0315E+02   2.7950E+05   3.4602E-06   4.3167E+00
   6.1500E+01   4.4270E+03   3.0315E+02   2.7950E+05   3.4605E-06   4.3182E+00
   6.1700E+01   4.4270E+03   3.0315E+02   2.7950E+05   3.4608E-06   4.3196E+00
   6.1900E+01   4.4270E+03   3.0315E+02   2.7950E+05   3.4611E-06   4.3211E+00
   6.2100E+01   4.4245E+03   3.0315E+02   2.7908E+05   3.4578E-06   4.3155E+00
   6.2300E+01   4.4245E+03   3.0315E+02   2.7908E+05   3.4581E-06   4.3169E+00
   6.2500E+01   4.4245E+03   3.0315E+02   2.7908E+05   3.4585E-06   4.3183E+00
   6.2700E+01   4.4245E+03   3.0315E+02   2.7908E+05   3.4588E-06   4.3197E+00
   6.2900E+01   4.4245E+03   3.0315E+02   2.7908E+05   3.4592E-06   4.3212E+00
   6.3100E+01   4.4220E+03   3.0315E+02   2.7869E+05   3.4563E-06   4.3159E+00
   6.3300E+01   4.4220E+03   3.0315E+02   2.7869E+05   3.4566E-06   4.3173E+00
   6.3500E+01   4.4220E+03   3.0315E+02   2.7869E+05   3.4570E-06   4.3187E+00
   6.3700E+01   4.4220E+03   3.0315E+02   2.7869E+05   3.4574E-06   4.3201E+00
   6.3900E+01   4.4200E+03   3.0315E+02   2.7869E+05   3.4562E-06   4.3176E+00
   6.4100E+01   4.4193E+03   3.0315E+02   2.7827E+05   3.4547E-06   4.3159E+00
   6.4300E+01   4.4193E+03   3.0315E+02   2.7827E+05   3.4551E-06   4.3173E+00
   6.4500E+01   4.4193E+03   3.0315E+02   2.7827E+05   3.4555E-06   4.3187E+00
   6.4700E+01   4.4193E+03   3.0315E+02   2.7827E+05   3.4559E-06   4.3201E+00
   6.4900E+01   4.4193E+03   3.0315E+02   2.7827E+05   3.4563E-06   4.3215E+00
   6.5100E+01   4.4193E+03   3.0315E+02   2.7827E+05   3.4568E-06   4.3229E+00
   6.5300E+01   4.4159E+03   3.0315E+02   2.7780E+05   3.4535E-06   4.3163E+00
   6.5500E+01   4.4159E+03   3.0315E+02   2.7780E+05   3.4539E-06   4.3177E+00
   6.5700E+01   4.4159E+03   3.0315E+02   2.7780E+05   3.4543E-06   4.3190E+00
   6.5900E+01   4.4159E+03   3.0315E+02   2.7780E+05   3.4547E-06   4.3204E+00
   6.6100E+01   4.4138E+03   3.0315E+02   2.7780E+05   3.4535E-06   4.3176E+00
   6.6300E+01   4.4131E+03   3.0315E+02   2.7780E+05   3.4534E-06   4.3176E+00
   6.6500E+01   4.4127E+03   3.0315E+02   2.7739E+05   3.4528E-06   4.3173E+00
   6.6700E+01   4.4127E+03   3.0315E+02   2.7739E+05   3.4532E-06   4.3186E+00
   6.6900E+01   4.4127E+03   3.0315E+02   2.7739E+05   3.4537E-06   4.3200E+00
   6.7100E+01   4.4108E+03   3.0315E+02   2.7739E+05   3.4526E-06   4.3176E+00
   6.7300E+01   4.4101E+03   3.0315E+02   2.7739E+05   3.4526E-06   4.3176E+00
   6.7500E+01   4.4127E+03   3.0315E+02   2.7739E+05   3.4551E-06   4.3240E+00
   6.7700E+01   4.4088E+03   3.0315E+02   2.7739E+05   3.4524E-06   4.3176E+00
   6.7900E+01   4.4084E+03   3.0315E+02   2.7690E+05   3.4522E-06   4.3178E+00
   6.8100E+01   4.4084E+03   3.0315E+02   2.7690E+05   3.4527E-06   4.3191E+00
   6.8300E+01   4.4084E+03   3.0315E+02   2.7690E+05   3.4531E-06   4.3204E+00
   6.8500E+01   4.4084E+03   3.0315E+02   2.7690E+05   3.4536E-06   4.3217E+00
   6.8700E+01   4.4056E+03   3.0315E+02   2.7690E+05   3.4519E-06   4.3176E+00
   6.8900E+01   4.4084E+03   3.0315E+02   2.7690E+05   3.4545E-06   4.3243E+00
   6.9100E+01   4.4084E+03   3.0315E+02   2.7690E+05   3.4550E-06   4.3257E+00
   6.9300E+01   4.4040E+03   3.0315E+02   2.7642E+05   3.4520E-06   4.3182E+00
   6.9500E+01   4.4040E+03   3.0315E+02   2.7642E+05   3.4524E-06   4.3195E+00
   6.9700E+01   4.4040E+03   3.0315E+02   2.7642E+05   3.4529E-06   4.3208E+00
   6.9900E+01   4.4040E+03   3.0315E+02   2.7642E+05   3.4533E-06   4.3220E+00
   7.0100E+01   4.4040E+03   3.0315E+02   2.7642E+05   3.4538E-06   4.3233E+00
   7.0300E+01   4.4004E+03   3.0315E+02   2.7642E+05   3.4515E-06   4.3176E+00
   7.0500E+01   4.3997E+03   3.0315E+02   2.7594E+05   3.4510E-06   4.3170E+00
   7.0700E+01   4.3997E+03   3.0315E+02   2.7594E+05   3.4514E-06   4.3182E+00
   7.0900E+01   4.3997E+03   3.0315E+02   2.7594E+05   3.4519E-06   4.3195E+00
   7.1100E+01   4.3997E+03   3.0315E+02   2.7594E+05   3.4523E-06   4.3207E+00
   7.1300E+01   4.3975E+03   3.0315E+02   2.7594E+05   3.4510E-06   4.3176E+00
   7.1500E+01   4.3969E+03   3.0315E+02   2.7594E+05   3.4510E-06   4.3176E+00
   7.1700E+01   4.3962E+03   3.0315E+02   2.7594E+05   3.4510E-06   4.3176E+00
   7.1900E+01   4.3956E+03   3.0315E+02   2.7594E+05   3.4509E-06   4.3176E+00
   7.2100E+01   4.3953E+03   3.0315E+02   2.7546E+05   3.4510E-06   4.3180E+00
   7.2300E+01   4.3953E+03   3.0315E+02   2.7546E+05   3.4514E-06   4.3192E+00
   7.2500E+01   4.3953E+03   3.0315E+02   2.7546E+05   3.4519E-06   4.3204E+00
   7.2700E+01   4.3932E+03   3.0315E+02   2.7546E+05   3.4507E-06   4.3175E+00
   7.2900E+01   4.3953E+03   3.0315E+02   2.7546E+05   3.4528E-06   4.3227E+00
   7.3100E+01   4.3920E+03   3.0315E+02   2.7546E+05   3.4506E-06   4.3175E+00
   7.3300E+01   4.3953E+03   3.0315E+02   2.7546E+05   3.4537E-06   4.3252E+00
   7.3500E+01   4.3908E+03   3.0315E+02   2.7502E+05   3.4508E-06   4.3178E+00
   7.3700E+01   4.3908E+03   3.0315E+02   2.7502E+05   3.4512E-06   4.3190E+00
   7.3900E+01   4.3908E+03   3.0315E+02   2.7502E+05   3.4517E-06   4.3201E+00
   7.4100E+01   4.3889E+03   3.0315E+02   2.7502E+05   3.4506E-06   4.3175E+00
   7.4300E+01   4.3908E+03   3.0315E+02   2.7502E+05   3.4525E-06   4.3224E+00
   7.4500E+01   4.3877E+03   3.0315E+02   2.7502E+05   3.4505E-06   4.3175E+00
   7.4700E+01   4.3908E+03   3.0315E+02   2.7502E+05   3.4534E-06   4.3247E+00
   7.4900E+01   4.3865E+03   3.0315E+02   2.7502E+05   3.4505E-06   4.3175E+00
   7.5100E+01   4.3862E+03   3.0315E+02   2.7460E+05   3.4511E-06   4.3186E+00
   7.5400E+01   4.3862E+03   3.0315E+02   2.7460E+05   3.4518E-06   4.3203E+00
   7.5700E+01   4.3862E+03   3.0315E+02   2.7460E+05   3.4524E-06   4.3220E+00
   7.6000E+01   4.3862E+03   3.0315E+02   2.7460E+05   3.4530E-06   4.3236E+00
   7.6300E+01   4.3862E+03   3.0315E+02   2.7460E+05   3.4536E-06   4.3253E+00
   7.6600E+01   4.3817E+03   3.0315E+02   2.7416E+05   3.4510E-06   4.3185E+00
   7.6900E+01   4.3817E+03   3.0315E+02   2.7416E+05   3.4516E-06   4.3201E+00
   7.7200E+01   4.3817E+03   3.0315E+02   2.7416E+05   3.4522E-06   4.3217E+00
   7.7500E+01   4.3817E+03   3.0315E+02   2.7416E+05   3.4528E-06   4.3233E+00
   7.7800E+01   4.3817E+03   3.0315E+02   2.7416E+05   3.4534E-06   4.3249E+00
   7.8100E+01   4.3771E+03   3.0315E+02   2.7416E+05   3.4504E-06   4.3175E+00
   7.8400E+01   4.3771E+03   3.0315E+02   2.7376E+05   3.4517E-06   4.3199E+00
   7.8700E+01   4.3771E+03   3.0315E+02   2.7376E+05   3.4522E-06   4.3214E+00
   7.9000E+01   4.3771E+03   3.0315E+02   2.7376E+05   3.4528E-06   4.3230E+00
   7.9300E+01   4.3771E+03   3.0315E+02   2.7376E+05   3.4534E-06   4.3245E+00
   7.9600E+01   4.3771E+03   3.0315E+02   2.7376E+05   3.4539E-06   4.3261E+00
   7.9900E+01   4.3715E+03   3.0315E+02   2.7336E+05   3.4508E-06   4.3175E+00
   8.0200E+01   4.3725E+03   3.0315E+02   2.7336E+05   3.4521E-06   4.3209E+00
   8.0500E+01   4.3725E+03   3.0315E+02   2.7336E+05   3.4526E-06   4.3224E+00
   8.0800E+01   4.3725E+03   3.0315E+02   2.7336E+05   3.4532E-06   4.3238E+00
   8.1100E+01   4.3685E+03   3.0315E+02   2.7336E+05   3.4505E-06   4.3174E+00
   8.1400E+01   4.3680E+03   3.0315E+02   2.7296E+05   3.4514E-06   4.3188E+00
   8.1700E+01   4.3680E+03   3.0315E+02   2.7296E+05   3.4519E-06   4.3202E+00
   8.2000E+01   4.3659E+03   3.0315E+02   2.7296E+05   3.4507E-06   4.3174E+00
   8.2400E+01   4.3680E+03   3.0315E+02   2.7296E+05   3.4530E-06   4.3235E+00
   8.2800E+01   4.3640E+03   3.0315E+02   2.7296E+05   3.4505E-06   4.3174E+00
   8.3100E+01   4.3635E+03   3.0315E+02   2.7258E+05   3.4515E-06   4.3190E+00
   8.3500E+01   4.3635E+03   3.0315E+02   2.7258E+05   3.4520E-06   4.3207E+00
   8.3900E+01   4.3609E+03   3.0315E+02   2.7258E+05   3.4506E-06   4.3174E+00
   8.4300E+01   4.3600E+03   3.0315E+02   2.7258E+05   3.4505E-06   4.3174E+00
   8.4700E+01   4.3591E+03   3.0315E+02   2.7258E+05   3.4503E-06   4.3174E+00
   8.5100E+01   4.3591E+03   3.0315E+02   2.7224E+05   3.4519E-06   4.3204E+00
   8.5500E+01   4.3567E+03   3.0315E+02   2.7224E+05   3.4506E-06   4.3174E+00
   8.5900E+01   4.3558E+03   3.0315E+02   2.7224E+05   3.4504E-06   4.3174E+00
   8.6300E+01   4.3591E+03   3.0315E+02   2.7224E+05   3.4536E-06   4.3255E+00
   8.6700E+01   4.3534E+03   3.0315E+02   2.7189E+05   3.4507E-06   4.3174E+00
   8.7100E+01   4.3545E+03   3.0315E+02   2.7189E+05   3.4521E-06   4.3212E+00
   8.7600E+01   4.3545E+03   3.0315E+02   2.7189E+05   3.4527E-06   4.3233E+00
   8.8100E+01   4.3505E+03   3.0315E+02   2.7189E+05   3.4502E-06   4.3173E+00
   8.8600E+01   4.3501E+03   3.0315E+02   2.7154E+05   3.4516E-06   4.3199E+00
   8.9100E+01   4.3501E+03   3.0315E+02   2.7154E+05   3.4521E-06   4.3219E+00
   8.9600E+01   4.3469E+03   3.0315E+02   2.7154E+05   3.4501E-06   4.3173E+00
   9.0100E+01   4.3459E+03   3.0315E+02   2.7154E+05   3.4499E-06   4.3173E+00
   9.0600E+01   4.3457E+03   3.0315E+02   2.7121E+05   3.4514E-06   4.3202E+00
   9.1100E+01   4.3457E+03   3.0315E+02   2.7121E+05   3.4518E-06   4.3220E+00
   9.1600E+01   4.3424E+03   3.0315E+02   2.7121E+05   3.4497E-06   4.3173E+00
   9.2100E+01   4.3457E+03   3.0315E+02   2.7121E+05   3.4528E-06   4.3256E+00
   9.2600E+01   4.3414E+03   3.0315E+02   2.7089E+05   3.4510E-06   4.3203E+00
   9.3100E+01   4.3414E+03   3.0315E+02   2.7089E+05   3.4514E-06   4.3220E+00
   9.3600E+01   4.3381E+03   3.0315E+02   2.7089E+05   3.4492E-06   4.3173E+00
   9.4100E+01   4.3373E+03   3.0315E+02   2.7089E+05   3.4489E-06   4.3173E+00
   9.4600E+01   4.3370E+03   3.0315E+02   2.7057E+05   3.4504E-06   4.3200E+00
   9.5100E+01   4.3370E+03   3.0315E+02   2.7057E+05   3.4507E-06   4.3216E+00
   9.5600E+01   4.3340E+03   3.0315E+02   2.7057E+05   3.4487E-06   4.3173E+00
   9.6100E+01   4.3370E+03   3.0315E+02   2.7057E+05   3.4513E-06   4.3247E+00
   9.6600E+01   4.3315E+03   3.0315E+02   2.7027E+05   3.4488E-06   4.3173E+00
   9.7100E+01   4.3326E+03   3.0315E+02   2.7027E+05   3.4499E-06   4.3209E+00
   9.7600E+01   4.3300E+03   3.0315E+02   2.7027E+05   3.4481E-06   4.3172E+00
   9.8100E+01   4.3293E+03   3.0315E+02   2.7027E+05   3.4477E-06   4.3172E+00
   9.8600E+01   4.3326E+03   3.0315E+02   2.7027E+05   3.4506E-06   4.3253E+00
   9.9100E+01   4.3282E+03   3.0315E+02   2.6997E+05   3.4489E-06   4.3200E+00
   9.9600E+01   4.3282E+03   3.0315E+02   2.6997E+05   3.4491E-06   4.3214E+00
