       Time_s           01           02           03           04           05
   0.0000E+00   1.8738E+02   3.4015E+02   0.0000E+00   0.0000E+00   0.0000E+00
   1.0000E-06   1.8738E+02   3.4015E+02   4.8117E+04   2.1340E-06   8.6314E-02
   2.0000E-06   1.3251E+03   3.4015E+02   1.0125E+05   1.1063E-05   3.1644E+00
   3.0000E-06   1.5478E+03   3.4015E+02   1.1147E+05   1.2311E-05   4.1130E+00
   4.0000E-06   1.5857E+03   3.4015E+02   1.1323E+05   1.2513E-05   4.2830E+00
   5.0000E-06   1.5919E+03   3.4015E+02   1.1352E+05   1.2547E-05   4.3116E+00
   6.0000E-06   1.5919E+03   3.4015E+02   1.1352E+05   1.2547E-05   4.3116E+00
   7.0000E-06   1.5919E+03   3.4015E+02   1.1352E+05   1.2547E-05   4.3116E+00
   8.0000E-06   1.5919E+03   3.4015E+02   1.1352E+05   1.2547E-05   4.3116E+00
   9.0000E-06   1.5919E+03   3.4015E+02   1.1352E+05   1.2547E-05   4.3116E+00
   1.0000E-05   1.5919E+03   3.4015E+02   1.1352E+05   1.2547E-05   4.3116E+00
   1.1000E-05   1.5919E+03   3.4015E+02   1.1352E+05   1.2547E-05   4.3116E+00
   1.2000E-05   1.5919E+03   3.4015E+02   1.1352E+05   1.2547E-05   4.3116E+00
   1.3000E-05   1.5919E+03   3.4015E+02   1.1352E+05   1.2547E-05   4.3116E+00
   1.4000E-05   1.5919E+03   3.4015E+02   1.1352E+05   1.2547E-05   4.3116E+00
   1.5000E-05   1.5919E+03   3.4015E+02   1.1352E+05   1.2547E-05   4.3116E+00
   1.6000E-05   1.5919E+03   3.4015E+02   1.1352E+05   1.2547E-05   4.3116E+00
   1.7000E-05   1.5919E+03   3.4015E+02   1.1352E+05   1.2547E-05   4.3116E+00
   1.8000E-05   1.5929E+03   3.4015E+02   1.1352E+05   1.2555E-05   4.3169E+00
   1.9000E-05   1.5919E+03   3.4015E+02   1.1352E+05   1.2547E-05   4.3116E+00
   2.0000E-05   1.5919E+03   3.4015E+02   1.1352E+05   1.2547E-05   4.3116E+00
   2.1000E-05   1.5929E+03   3.4015E+02   1.1352E+05   1.2555E-05   4.3169E+00
   2.2000E-05   1.5919E+03   3.4015E+02   1.1352E+05   1.2547E-05   4.3116E+00
   2.3000E-05   1.5929E+03   3.4015E+02   1.1352E+05   1.2555E-05   4.3169E+00
   2.4000E-05   1.5919E+03   3.4015E+02   1.1352E+05   1.2547E-05   4.3116E+00
   2.5000E-05   1.5929E+03   3.4015E+02   1.1352E+05   1.2555E-05   4.3169E+00
   2.6000E-05   1.5919E+03   3.4015E+02   1.1352E+05   1.2547E-05   4.3116E+00
   2.7000E-05   1.5929E+03   3.4015E+02   1.1352E+05   1.2555E-05   4.3169E+00
   2.8000E-05   1.5919E+03   3.4015E+02   1.1352E+05   1.2547E-05   4.3116E+00
   2.9000E-05   1.5929E+03   3.4015E+02   1.1352E+05   1.2555E-05   4.3169E+00
   3.0000E-05   1.5919E+03   3.4015E+02   1.1352E+05   1.2547E-05   4.3116E+00
   3.1000E-05   1.5929E+03   3.4015E+02   1.1352E+05   1.2555E-05   4.3169E+00
   3.2000E-05   1.5919E+03   3.4015E+02   1.1352E+05   1.2547E-05   4.3116E+00
   3.3000E-05   1.5929E+03   3.4015E+02   1.1352E+05   1.2555E-05   4.3169E+00
   3.4000E-05   1.5919E+03   3.4015E+02   1.1352E+05   1.2547E-05   4.3116E+00
   3.5000E-05   1.5929E+03   3.4015E+02   1.1352E+05   1.2555E-05   4.3169E+00
   3.6000E-05   1.5919E+03   3.4015E+02   1.1352E+05   1.2547E-05   4.3116E+00
   3.7000E-05   1.5929E+03   3.4015E+02   1.1352E+05   1.2555E-05   4.3169E+00
   3.8000E-05   1.5919E+03   3.4015E+02   1.1352E+05   1.2547E-05   4.3116E+00
   3.9000E-05   1.5929E+03   3.4015E+02   1.1352E+05   1.2555E-05   4.3169E+00
   4.0000E-05   1.5919E+03   3.4015E+02   1.1352E+05   1.2547E-05   4.3116E+00
   4.1000E-05   1.5929E+03   3.4015E+02   1.1352E+05   1.2555E-05   4.3169E+00
   4.2000E-05   1.5919E+03   3.4015E+02   1.1352E+05   1.2547E-05   4.3116E+00
   4.3000E-05   1.5919E+03   3.4015E+02   1.1352E+05   1.2547E-05   4.3116E+00
   4.4000E-05   1.5929E+03   3.4015E+02   1.1352E+05   1.2555E-05   4.3169E+00
   4.5000E-05   1.5919E+03   3.4015E+02   1.1352E+05   1.2547E-05   4.3116E+00
   4.6000E-05   1.5929E+03   3.4015E+02   1.1352E+05   1.2555E-05   4.3169E+00
   4.7000E-05   1.5919E+03   3.4015E+02   1.1352E+05   1.2547E-05   4.3116E+00
   4.8000E-05   1.5929E+03   3.4015E+02   1.1352E+05   1.2555E-05   4.3169E+00
   4.9000E-05   1.5919E+03   3.4015E+02   1.1352E+05   1.2547E-05   4.3116E+00
   5.0000E-05   1.5929E+03   3.4015E+02   1.1352E+05   1.2555E-05   4.3169E+00
   5.1000E-05   1.5919E+03   3.4015E+02   1.1352E+05   1.2547E-05   4.3116E+00
   5.2000E-05   1.5929E+03   3.4015E+02   1.1352E+05   1.2555E-05   4.3169E+00
   5.3000E-05   1.5929E+03   3.4015E+02   1.1352E+05   1.2555E-05   4.3169E+00
   5.4000E-05   1.5919E+03   3.4015E+02   1.1352E+05   1.2547E-05   4.3116E+00
   5.5000E-05   1.5929E+03   3.4015E+02   1.1352E+05   1.2555E-05   4.3169E+00
   5.6000E-05   1.5929E+03   3.4015E+02   1.1352E+05   1.2555E-05   4.3169E+00
   5.7000E-05   1.5919E+03   3.4015E+02   1.1352E+05   1.2547E-05   4.3116E+00
   5.8000E-05   1.5929E+03   3.4015E+02   1.1352E+05   1.2555E-05   4.3169E+00
   5.9000E-05   1.5929E+03   3.4015E+02   1.1352E+05   1.2555E-05   4.3169E+00
   6.0000E-05   1.5919E+03   3.4015E+02   1.1352E+05   1.2547E-05   4.3116E+00
   6.1000E-05   1.5929E+03   3.4015E+02   1.1352E+05   1.2555E-05   4.3169E+00
   6.2000E-05   1.5929E+03   3.4015E+02   1.1352E+05   1.2555E-05   4.3169E+00
   6.3000E-05   1.5919E+03   3.4015E+02   1.1352E+05   1.2547E-05   4.3116E+00
   6.4000E-05   1.5929E+03   3.4015E+02   1.1352E+05   1.2555E-05   4.3169E+00
   6.5000E-05   1.5929E+03   3.4015E+02   1.1352E+05   1.2555E-05   4.3169E+00
   6.6000E-05   1.5919E+03   3.4015E+02   1.1352E+05   1.2547E-05   4.3116E+00
   6.7000E-05   1.5929E+03   3.4015E+02   1.1352E+05   1.2555E-05   4.3169E+00
   6.8000E-05   1.5929E+03   3.4015E+02   1.1352E+05   1.2555E-05   4.3169E+00
   6.9000E-05   1.5919E+03   3.4015E+02   1.1352E+05   1.2547E-05   4.3116E+00
   7.0000E-05   1.5929E+03   3.4015E+02   1.1352E+05   1.2555E-05   4.3169E+00
   7.1000E-05   1.5919E+03   3.4015E+02   1.1352E+05   1.2547E-05   4.3116E+00
   7.2000E-05   1.5929E+03   3.4015E+02   1.1352E+05   1.2555E-05   4.3169E+00
   7.3000E-05   1.5929E+03   3.4015E+02   1.1352E+05   1.2555E-05   4.3169E+00
   7.4000E-05   1.5919E+03   3.4015E+02   1.1352E+05   1.2547E-05   4.3116E+00
   7.5000E-05   1.5929E+03   3.4015E+02   1.1352E+05   1.2555E-05   4.3169E+00
   7.6000E-05   1.5929E+03   3.4015E+02   1.1352E+05   1.2555E-05   4.3169E+00
   7.7000E-05   1.5919E+03   3.4015E+02   1.1352E+05   1.2547E-05   4.3116E+00
   7.8000E-05   1.5929E+03   3.4015E+02   1.1352E+05   1.2555E-05   4.3169E+00
   7.9000E-05   1.5929E+03   3.4015E+02   1.1352E+05   1.2555E-05   4.3169E+00
   8.0000E-05   1.5919E+03   3.4015E+02   1.1352E+05   1.2547E-05   4.3116E+00
   8.1000E-05   1.5929E+03   3.4015E+02   1.1352E+05   1.2555E-05   4.3169E+00
   8.2000E-05   1.5929E+03   3.4015E+02   1.1352E+05   1.2555E-05   4.3169E+00
   8.3000E-05   1.5919E+03   3.4015E+02   1.1352E+05   1.2547E-05   4.3116E+00
   8.4000E-05   1.5929E+03   3.4015E+02   1.1352E+05   1.2555E-05   4.3169E+00
   8.5000E-05   1.5929E+03   3.4015E+02   1.1352E+05   1.2555E-05   4.3169E+00
   8.6000E-05   1.5929E+03   3.4015E+02   1.1352E+05   1.2555E-05   4.3169E+00
   8.7000E-05   1.5919E+03   3.4015E+02   1.1352E+05   1.2547E-05   4.3116E+00
   8.8000E-05   1.5929E+03   3.4015E+02   1.1352E+05   1.2555E-05   4.3169E+00
   8.9000E-05   1.5929E+03   3.4015E+02   1.1352E+05   1.2555E-05   4.3169E+00
   9.0000E-05   1.5929E+03   3.4015E+02   1.1352E+05   1.2555E-05   4.3169E+00
   9.1000E-05   1.5929E+03   3.4015E+02   1.1352E+05   1.2555E-05   4.3169E+00
   9.2000E-05   1.5919E+03   3.4015E+02   1.1352E+05   1.2547E-05   4.3116E+00
   9.3000E-05   1.5929E+03   3.4015E+02   1.1352E+05   1.2555E-05   4.3169E+00
   9.4000E-05   1.5929E+03   3.4015E+02   1.1352E+05   1.2555E-05   4.3169E+00
   9.5000E-05   1.5929E+03   3.4015E+02   1.1352E+05   1.2555E-05   4.3169E+00
   9.6000E-05   1.5919E+03   3.4015E+02   1.1352E+05   1.2547E-05   4.3116E+00
   9.7000E-05   1.5929E+03   3.4015E+02   1.1352E+05   1.2555E-05   4.3169E+00
   9.8000E-05   1.5929E+03   3.4015E+02   1.1352E+05   1.2555E-05   4.3169E+00
   9.9000E-05   1.5929E+03   3.4015E+02   1.1352E+05   1.2555E-05   4.3169E+00
   1.0000E-04   1.5929E+03   3.4015E+02   1.1352E+05   1.2555E-05   4.3169E+00
   1.0100E-04   1.5919E+03   3.4015E+02   1.1352E+05   1.2547E-05   4.3116E+00
   1.1100E-04   1.5919E+03   3.4015E+02   1.1352E+05   1.2547E-05   4.3116E+00
   1.2100E-04   1.5919E+03   3.4015E+02   1.1352E+05   1.2547E-05   4.3116E+00
   1.3100E-04   1.5919E+03   3.4015E+02   1.1352E+05   1.2547E-05   4.3116E+00
   1.4100E-04   1.5919E+03   3.4015E+02   1.1352E+05   1.2547E-05   4.3116E+00
   1.5100E-04   1.5919E+03   3.4015E+02   1.1352E+05   1.2547E-05   4.3116E+00
   1.6100E-04   1.5919E+03   3.4015E+02   1.1352E+05   1.2547E-05   4.3116E+00
   1.7100E-04   1.5919E+03   3.4015E+02   1.1352E+05   1.2547E-05   4.3116E+00
   1.8100E-04   1.5919E+03   3.4015E+02   1.1352E+05   1.2547E-05   4.3116E+00
   1.9100E-04   1.5919E+03   3.4015E+02   1.1352E+05   1.2547E-05   4.3116E+00
   2.0100E-04   1.5919E+03   3.4015E+02   1.1352E+05   1.2547E-05   4.3116E+00
   2.1100E-04   1.5919E+03   3.4015E+02   1.1352E+05   1.2547E-05   4.3116E+00
   2.2100E-04   1.5919E+03   3.4015E+02   1.1352E+05   1.2547E-05   4.3116E+00
   2.3100E-04   1.5919E+03   3.4015E+02   1.1352E+05   1.2547E-05   4.3116E+00
   2.4100E-04   1.5919E+03   3.4015E+02   1.1352E+05   1.2547E-05   4.3116E+00
   2.5100E-04   1.5919E+03   3.4015E+02   1.1352E+05   1.2547E-05   4.3116E+00
   2.6100E-04   1.5919E+03   3.4015E+02   1.1352E+05   1.2547E-05   4.3116E+00
   2.7100E-04   1.5919E+03   3.4015E+02   1.1352E+05   1.2547E-05   4.3116E+00
   2.8100E-04   1.5919E+03   3.4015E+02   1.1352E+05   1.2547E-05   4.3116E+00
   2.9100E-04   1.5919E+03   3.4015E+02   1.1352E+05   1.2547E-05   4.3116E+00
   3.0100E-04   1.5919E+03   3.4015E+02   1.1352E+05   1.2547E-05   4.3116E+00
   3.1100E-04   1.5919E+03   3.4015E+02   1.1352E+05   1.2547E-05   4.3116E+00
   3.2100E-04   1.5919E+03   3.4015E+02   1.1352E+05   1.2547E-05   4.3116E+00
   3.3100E-04   1.5919E+03   3.4015E+02   1.1352E+05   1.2547E-05   4.3116E+00
   3.4100E-04   1.5919E+03   3.4015E+02   1.1352E+05   1.2547E-05   4.3117E+00
   3.5100E-04   1.5919E+03   3.4015E+02   1.1352E+05   1.2547E-05   4.3117E+00
   3.6100E-04   1.5919E+03   3.4015E+02   1.1352E+05   1.2547E-05   4.3117E+00
   3.7100E-04   1.5919E+03   3.4015E+02   1.1352E+05   1.2547E-05   4.3117E+00
   3.8100E-04   1.5919E+03   3.4015E+02   1.1352E+05   1.2547E-05   4.3117E+00
   3.9100E-04   1.5919E+03   3.4015E+02   1.1352E+05   1.2547E-05   4.3117E+00
   4.0100E-04   1.5919E+03   3.4015E+02   1.1352E+05   1.2547E-05   4.3117E+00
   4.1100E-04   1.5919E+03   3.4015E+02   1.1352E+05   1.2547E-05   4.3117E+00
   4.2100E-04   1.5919E+03   3.4015E+02   1.1352E+05   1.2547E-05   4.3117E+00
   4.3100E-04   1.5929E+03   3.4015E+02   1.1352E+05   1.2555E-05   4.3169E+00
   4.4100E-04   1.5919E+03   3.4015E+02   1.1352E+05   1.2547E-05   4.3117E+00
   4.5100E-04   1.5919E+03   3.4015E+02   1.1352E+05   1.2547E-05   4.3117E+00
   4.6100E-04   1.5929E+03   3.4015E+02   1.1352E+05   1.2555E-05   4.3169E+00
   4.7100E-04   1.5919E+03   3.4015E+02   1.1352E+05   1.2547E-05   4.3117E+00
   4.8100E-04   1.5919E+03   3.4015E+02   1.1352E+05   1.2547E-05   4.3117E+00
   4.9100E-04   1.5929E+03   3.4015E+02   1.1352E+05   1.2555E-05   4.3169E+00
   5.0100E-04   1.5919E+03   3.4015E+02   1.1352E+05   1.2547E-05   4.3117E+00
   5.1100E-04   1.5929E+03   3.4015E+02   1.1352E+05   1.2555E-05   4.3169E+00
   5.2100E-04   1.5919E+03   3.4015E+02   1.1352E+05   1.2547E-05   4.3117E+00
   5.3100E-04   1.5919E+03   3.4015E+02   1.1352E+05   1.2547E-05   4.3117E+00
   5.4100E-04   1.5929E+03   3.4015E+02   1.1352E+05   1.2555E-05   4.3169E+00
   5.5100E-04   1.5919E+03   3.4015E+02   1.1352E+05   1.2547E-05   4.3117E+00
   5.6100E-04   1.5919E+03   3.4015E+02   1.1352E+05   1.2547E-05   4.3117E+00
   5.7100E-04   1.5929E+03   3.4015E+02   1.1352E+05   1.2555E-05   4.3169E+00
   5.8100E-04   1.5919E+03   3.4015E+02   1.1352E+05   1.2547E-05   4.3117E+00
   5.9100E-04   1.5919E+03   3.4015E+02   1.1352E+05   1.2547E-05   4.3117E+00
   6.0100E-04   1.5929E+03   3.4015E+02   1.1352E+05   1.2555E-05   4.3169E+00
   6.1100E-04   1.5919E+03   3.4015E+02   1.1352E+05   1.2547E-05   4.3117E+00
   6.2100E-04   1.5919E+03   3.4015E+02   1.1352E+05   1.2547E-05   4.3117E+00
   6.3100E-04   1.5929E+03   3.4015E+02   1.1352E+05   1.2555E-05   4.3169E+00
   6.4100E-04   1.5919E+03   3.4015E+02   1.1352E+05   1.2547E-05   4.3117E+00
   6.5100E-04   1.5929E+03   3.4015E+02   1.1352E+05   1.2555E-05   4.3169E+00
   6.6100E-04   1.5919E+03   3.4015E+02   1.1352E+05   1.2547E-05   4.3117E+00
   6.7100E-04   1.5929E+03   3.4015E+02   1.1352E+05   1.2555E-05   4.3169E+00
   6.8100E-04   1.5929E+03   3.4015E+02   1.1352E+05   1.2555E-05   4.3169E+00
   6.9100E-04   1.5919E+03   3.4015E+02   1.1352E+05   1.2547E-05   4.3117E+00
   7.0100E-04   1.5929E+03   3.4015E+02   1.1352E+05   1.2555E-05   4.3169E+00
   7.1100E-04   1.5919E+03   3.4015E+02   1.1352E+05   1.2547E-05   4.3117E+00
   7.2100E-04   1.5929E+03   3.4015E+02   1.1352E+05   1.2555E-05   4.3169E+00
   7.3100E-04   1.5919E+03   3.4015E+02   1.1352E+05   1.2547E-05   4.3117E+00
   7.4100E-04   1.5929E+03   3.4015E+02   1.1352E+05   1.2555E-05   4.3169E+00
   7.5100E-04   1.5929E+03   3.4015E+02   1.1352E+05   1.2555E-05   4.3169E+00
   7.6100E-04   1.5919E+03   3.4015E+02   1.1352E+05   1.2547E-05   4.3117E+00
   7.7100E-04   1.5929E+03   3.4015E+02   1.1352E+05   1.2555E-05   4.3169E+00
   7.8100E-04   1.5919E+03   3.4015E+02   1.1352E+05   1.2547E-05   4.3117E+00
   7.9100E-04   1.5929E+03   3.4015E+02   1.1352E+05   1.2555E-05   4.3169E+00
   8.0100E-04   1.5919E+03   3.4015E+02   1.1352E+05   1.2547E-05   4.3117E+00
   8.1100E-04   1.5929E+03   3.4015E+02   1.1352E+05   1.2555E-05   4.3169E+00
   8.2100E-04   1.5929E+03   3.4015E+02   1.1352E+05   1.2555E-05   4.3169E+00
   8.3100E-04   1.5919E+03   3.4015E+02   1.1352E+05   1.2547E-05   4.3117E+00
   8.4100E-04   1.5929E+03   3.4015E+02   1.1352E+05   1.2555E-05   4.3169E+00
   8.5100E-04   1.5919E+03   3.4015E+02   1.1352E+05   1.2547E-05   4.3117E+00
   8.6100E-04   1.5929E+03   3.4015E+02   1.1352E+05   1.2555E-05   4.3169E+00
   8.7100E-04   1.5929E+03   3.4015E+02   1.1352E+05   1.2555E-05   4.3169E+00
   8.8100E-04   1.5919E+03   3.4015E+02   1.1352E+05   1.2547E-05   4.3117E+00
   8.9100E-04   1.5929E+03   3.4015E+02   1.1352E+05   1.2555E-05   4.3169E+00
   9.0100E-04   1.5919E+03   3.4015E+02   1.1352E+05   1.2547E-05   4.3117E+00
   9.1100E-04   1.5929E+03   3.4015E+02   1.1352E+05   1.2555E-05   4.3169E+00
   9.2100E-04   1.5919E+03   3.4015E+02   1.1352E+05   1.2547E-05   4.3117E+00
   9.3100E-04   1.5929E+03   3.4015E+02   1.1352E+05   1.2555E-05   4.3169E+00
   9.4100E-04   1.5929E+03   3.4015E+02   1.1352E+05   1.2555E-05   4.3169E+00
   9.5100E-04   1.5919E+03   3.4015E+02   1.1352E+05   1.2547E-05   4.3117E+00
   9.6100E-04   1.5929E+03   3.4015E+02   1.1352E+05   1.2555E-05   4.3169E+00
   9.7100E-04   1.5929E+03   3.4015E+02   1.1352E+05   1.2555E-05   4.3169E+00
   9.8100E-04   1.5919E+03   3.4015E+02   1.1352E+05   1.2547E-05   4.3117E+00
   9.9100E-04   1.5929E+03   3.4015E+02   1.1352E+05   1.2555E-05   4.3169E+00
   1.0010E-03   1.5929E+03   3.4015E+02   1.1352E+05   1.2555E-05   4.3169E+00
   1.1010E-03   1.5919E+03   3.4015E+02   1.1352E+05   1.2547E-05   4.3117E+00
   1.2010E-03   1.5919E+03   3.4015E+02   1.1352E+05   1.2547E-05   4.3117E+00
   1.3010E-03   1.5919E+03   3.4015E+02   1.1352E+05   1.2547E-05   4.3117E+00
   1.4010E-03   1.5919E+03   3.4015E+02   1.1352E+05   1.2547E-05   4.3117E+00
   1.5010E-03   1.5919E+03   3.4015E+02   1.1352E+05   1.2547E-05   4.3117E+00
   1.6010E-03   1.5919E+03   3.4015E+02   1.1352E+05   1.2547E-05   4.3117E+00
   1.7010E-03   1.5919E+03   3.4015E+02   1.1352E+05   1.2547E-05   4.3117E+00
   1.8010E-03   1.5919E+03   3.4015E+02   1.1352E+05   1.2547E-05   4.3117E+00
   1.9010E-03   1.5919E+03   3.4015E+02   1.1352E+05   1.2547E-05   4.3117E+00
   2.0010E-03   1.5919E+03   3.4015E+02   1.1352E+05   1.2547E-05   4.3117E+00
   2.1010E-03   1.5919E+03   3.4015E+02   1.1352E+05   1.2547E-05   4.3117E+00
   2.2010E-03   1.5919E+03   3.4015E+02   1.1352E+05   1.2547E-05   4.3117E+00
   2.3010E-03   1.5919E+03   3.4015E+02   1.1352E+05   1.2547E-05   4.3117E+00
   2.4010E-03   1.5919E+03   3.4015E+02   1.1352E+05   1.2547E-05   4.3117E+00
   2.5010E-03   1.5919E+03   3.4015E+02   1.1352E+05   1.2547E-05   4.3117E+00
   2.6010E-03   1.5919E+03   3.4015E+02   1.1352E+05   1.2547E-05   4.3117E+00
   2.7010E-03   1.5919E+03   3.4015E+02   1.1352E+05   1.2547E-05   4.3117E+00
   2.8010E-03   1.5919E+03   3.4015E+02   1.1352E+05   1.2547E-05   4.3117E+00
   2.9010E-03   1.5919E+03   3.4015E+02   1.1352E+05   1.2547E-05   4.3117E+00
   3.0010E-03   1.5919E+03   3.4015E+02   1.1352E+05   1.2547E-05   4.3117E+00
   3.1010E-03   1.5919E+03   3.4015E+02   1.1352E+05   1.2547E-05   4.3117E+00
   3.2010E-03   1.5919E+03   3.4015E+02   1.1352E+05   1.2547E-05   4.3117E+00
   3.3010E-03   1.5929E+03   3.4015E+02   1.1352E+05   1.2555E-05   4.3169E+00
   3.4010E-03   1.5919E+03   3.4015E+02   1.1352E+05   1.2547E-05   4.3117E+00
   3.5010E-03   1.5919E+03   3.4015E+02   1.1352E+05   1.2547E-05   4.3118E+00
   3.6010E-03   1.5919E+03   3.4015E+02   1.1352E+05   1.2547E-05   4.3118E+00
   3.7010E-03   1.5929E+03   3.4015E+02   1.1352E+05   1.2555E-05   4.3169E+00
   3.8010E-03   1.5919E+03   3.4015E+02   1.1352E+05   1.2547E-05   4.3118E+00
   3.9010E-03   1.5919E+03   3.4015E+02   1.1352E+05   1.2547E-05   4.3118E+00
   4.0010E-03   1.5919E+03   3.4015E+02   1.1352E+05   1.2547E-05   4.3118E+00
   4.1010E-03   1.5919E+03   3.4015E+02   1.1352E+05   1.2547E-05   4.3118E+00
   4.2010E-03   1.5929E+03   3.4015E+02   1.1352E+05   1.2555E-05   4.3169E+00
   4.3010E-03   1.5919E+03   3.4015E+02   1.1352E+05   1.2547E-05   4.3118E+00
   4.4010E-03   1.5919E+03   3.4015E+02   1.1352E+05   1.2547E-05   4.3118E+00
   4.5010E-03   1.5919E+03   3.4015E+02   1.1352E+05   1.2547E-05   4.3118E+00
   4.6010E-03   1.5929E+03   3.4015E+02   1.1352E+05   1.2555E-05   4.3169E+00
   4.7010E-03   1.5919E+03   3.4015E+02   1.1352E+05   1.2547E-05   4.3118E+00
   4.8010E-03   1.5919E+03   3.4015E+02   1.1352E+05   1.2547E-05   4.3118E+00
   4.9010E-03   1.5919E+03   3.4015E+02   1.1352E+05   1.2547E-05   4.3118E+00
   5.0010E-03   1.5919E+03   3.4015E+02   1.1352E+05   1.2547E-05   4.3118E+00
   5.1010E-03   1.5929E+03   3.4015E+02   1.1352E+05   1.2555E-05   4.3169E+00
   5.2010E-03   1.5919E+03   3.4015E+02   1.1352E+05   1.2547E-05   4.3118E+00
   5.3010E-03   1.5919E+03   3.4015E+02   1.1352E+05   1.2547E-05   4.3118E+00
   5.4010E-03   1.5919E+03   3.4015E+02   1.1352E+05   1.2547E-05   4.3118E+00
   5.5010E-03   1.5919E+03   3.4015E+02   1.1352E+05   1.2547E-05   4.3118E+00
   5.6010E-03   1.5929E+03   3.4015E+02   1.1352E+05   1.2555E-05   4.3169E+00
   5.7010E-03   1.5919E+03   3.4015E+02   1.1352E+05   1.2547E-05   4.3118E+00
   5.8010E-03   1.5919E+03   3.4015E+02   1.1352E+05   1.2547E-05   4.3118E+00
   5.9010E-03   1.5919E+03   3.4015E+02   1.1352E+05   1.2547E-05   4.3118E+00
   6.0010E-03   1.5929E+03   3.4015E+02   1.1352E+05   1.2555E-05   4.3169E+00
   6.1010E-03   1.5919E+03   3.4015E+02   1.1352E+05   1.2547E-05   4.3118E+00
   6.2010E-03   1.5919E+03   3.4015E+02   1.1352E+05   1.2547E-05   4.3118E+00
   6.3010E-03   1.5919E+03   3.4015E+02   1.1352E+05   1.2547E-05   4.3118E+00
   6.4010E-03   1.5919E+03   3.4015E+02   1.1352E+05   1.2547E-05   4.3118E+00
   6.5010E-03   1.5929E+03   3.4015E+02   1.1352E+05   1.2555E-05   4.3169E+00
   6.6010E-03   1.5919E+03   3.4015E+02   1.1352E+05   1.2547E-05   4.3118E+00
   6.7010E-03   1.5919E+03   3.4015E+02   1.1352E+05   1.2547E-05   4.3118E+00
   6.8010E-03   1.5919E+03   3.4015E+02   1.1352E+05   1.2547E-05   4.3118E+00
   6.9010E-03   1.5919E+03   3.4015E+02   1.1352E+05   1.2547E-05   4.3118E+00
   7.0010E-03   1.5919E+03   3.4015E+02   1.1352E+05   1.2547E-05   4.3118E+00
   7.1010E-03   1.5919E+03   3.4015E+02   1.1352E+05   1.2547E-05   4.3118E+00
   7.2010E-03   1.5919E+03   3.4015E+02   1.1352E+05   1.2547E-05   4.3118E+00
   7.3010E-03   1.5919E+03   3.4015E+02   1.1352E+05   1.2547E-05   4.3118E+00
   7.4010E-03   1.5919E+03   3.4015E+02   1.1352E+05   1.2547E-05   4.3118E+00
   7.5010E-03   1.5919E+03   3.4015E+02   1.1352E+05   1.2547E-05   4.3118E+00
   7.6010E-03   1.5919E+03   3.4015E+02   1.1352E+05   1.2547E-05   4.3119E+00
   7.7010E-03   1.5919E+03   3.4015E+02   1.1352E+05   1.2547E-05   4.3119E+00
   7.8010E-03   1.5919E+03   3.4015E+02   1.1352E+05   1.2547E-05   4.3119E+00
   7.9010E-03   1.5919E+03   3.4015E+02   1.1352E+05   1.2547E-05   4.3119E+00
   8.0010E-03   1.5919E+03   3.4015E+02   1.1352E+05   1.2547E-05   4.3119E+00
   8.1010E-03   1.5919E+03   3.4015E+02   1.1352E+05   1.2547E-05   4.3119E+00
   8.2010E-03   1.5919E+03   3.4015E+02   1.1352E+05   1.2547E-05   4.3119E+00
   8.3010E-03   1.5919E+03   3.4015E+02   1.1352E+05   1.2547E-05   4.3119E+00
   8.4010E-03   1.5919E+03   3.4015E+02   1.1352E+05   1.2547E-05   4.3119E+00
   8.5010E-03   1.5919E+03   3.4015E+02   1.1352E+05   1.2547E-05   4.3119E+00
   8.6010E-03   1.5919E+03   3.4015E+02   1.1352E+05   1.2547E-05   4.3119E+00
   8.7010E-03   1.5919E+03   3.4015E+02   1.1352E+05   1.2547E-05   4.3119E+00
   8.8010E-03   1.5919E+03   3.4015E+02   1.1352E+05   1.2547E-05   4.3119E+00
   8.9010E-03   1.5919E+03   3.4015E+02   1.1352E+05   1.2547E-05   4.3119E+00
   9.0010E-03   1.5919E+03   3.4015E+02   1.1352E+05   1.2547E-05   4.3119E+00
   9.1010E-03   1.5919E+03   3.4015E+02   1.1352E+05   1.2547E-05   4.3119E+00
   9.2010E-03   1.5919E+03   3.4015E+02   1.1352E+05   1.2547E-05   4.3119E+00
   9.3010E-03   1.5919E+03   3.4015E+02   1.1352E+05   1.2547E-05   4.3119E+00
   9.4010E-03   1.5919E+03   3.4015E+02   1.1352E+05   1.2547E-05   4.3119E+00
   9.5010E-03   1.5919E+03   3.4015E+02   1.1352E+05   1.2547E-05   4.3119E+00
   9.6010E-03   1.5919E+03   3.4015E+02   1.1352E+05   1.2547E-05   4.3119E+00
   9.7010E-03   1.5919E+03   3.4015E+02   1.1352E+05   1.2547E-05   4.3119E+00
   9.8010E-03   1.5919E+03   3.4015E+02   1.1352E+05   1.2547E-05   4.3119E+00
   9.9010E-03   1.5929E+03   3.4015E+02   1.1352E+05   1.2555E-05   4.3169E+00
   1.0001E-02   1.5919E+03   3.4015E+02   1.1352E+05   1.2547E-05   4.3119E+00
   1.1001E-02   1.5919E+03   3.4015E+02   1.1352E+05   1.2547E-05   4.3119E+00
   1.2001E-02   1.5919E+03   3.4015E+02   1.1352E+05   1.2547E-05   4.3119E+00
   1.3001E-02   1.5919E+03   3.4015E+02   1.1352E+05   1.2547E-05   4.3119E+00
   1.4001E-02   1.5919E+03   3.4015E+02   1.1352E+05   1.2547E-05   4.3119E+00
   1.5001E-02   1.5919E+03   3.4015E+02   1.1352E+05   1.2547E-05   4.3120E+00
   1.6001E-02   1.5919E+03   3.4015E+02   1.1352E+05   1.2547E-05   4.3120E+00
   1.7001E-02   1.5919E+03   3.4015E+02   1.1352E+05   1.2547E-05   4.3120E+00
   1.8001E-02   1.5919E+03   3.4015E+02   1.1352E+05   1.2547E-05   4.3120E+00
   1.9001E-02   1.5919E+03   3.4015E+02   1.1352E+05   1.2547E-05   4.3120E+00
   2.0001E-02   1.5919E+03   3.4015E+02   1.1352E+05   1.2547E-05   4.3120E+00
   2.1001E-02   1.5919E+03   3.4015E+02   1.1352E+05   1.2547E-05   4.3120E+00
   2.2001E-02   1.5919E+03   3.4015E+02   1.1352E+05   1.2547E-05   4.3120E+00
   2.3001E-02   1.5919E+03   3.4015E+02   1.1352E+05   1.2547E-05   4.3120E+00
   2.4001E-02   1.5919E+03   3.4015E+02   1.1352E+05   1.2547E-05   4.3120E+00
   2.5001E-02   1.5919E+03   3.4015E+02   1.1352E+05   1.2547E-05   4.3120E+00
   2.6001E-02   1.5919E+03   3.4015E+02   1.1352E+05   1.2547E-05   4.3120E+00
   2.7001E-02   1.5919E+03   3.4015E+02   1.1352E+05   1.2547E-05   4.3120E+00
   2.8001E-02   1.5919E+03   3.4015E+02   1.1352E+05   1.2547E-05   4.3120E+00
   2.9001E-02   1.5919E+03   3.4015E+02   1.1352E+05   1.2547E-05   4.3120E+00
   3.0001E-02   1.5919E+03   3.4015E+02   1.1352E+05   1.2547E-05   4.3121E+00
   3.1001E-02   1.5919E+03   3.4015E+02   1.1352E+05   1.2547E-05   4.3121E+00
   3.2001E-02   1.5919E+03   3.4015E+02   1.1352E+05   1.2547E-05   4.3121E+00
   3.3001E-02   1.5919E+03   3.4015E+02   1.1352E+05   1.2547E-05   4.3121E+00
   3.4001E-02   1.5919E+03   3.4015E+02   1.1352E+05   1.2547E-05   4.3121E+00
   3.5001E-02   1.5919E+03   3.4015E+02   1.1352E+05   1.2547E-05   4.3121E+00
   3.6001E-02   1.5919E+03   3.4015E+02   1.1352E+05   1.2547E-05   4.3121E+00
   3.7001E-02   1.5919E+03   3.4015E+02   1.1352E+05   1.2547E-05   4.3121E+00
   3.8001E-02   1.5919E+03   3.4015E+02   1.1352E+05   1.2547E-05   4.3121E+00
   3.9001E-02   1.5919E+03   3.4015E+02   1.1352E+05   1.2547E-05   4.3121E+00
   4.0001E-02   1.5919E+03   3.4015E+02   1.1352E+05   1.2547E-05   4.3121E+00
   4.1001E-02   1.5919E+03   3.4015E+02   1.1352E+05   1.2547E-05   4.3121E+00
   4.2001E-02   1.5919E+03   3.4015E+02   1.1352E+05   1.2547E-05   4.3121E+00
   4.3001E-02   1.5919E+03   3.4015E+02   1.1352E+05   1.2547E-05   4.3121E+00
   4.4001E-02   1.5919E+03   3.4015E+02   1.1352E+05   1.2547E-05   4.3121E+00
   4.5001E-02   1.5919E+03   3.4015E+02   1.1352E+05   1.2547E-05   4.3121E+00
   4.6001E-02   1.5919E+03   3.4015E+02   1.1352E+05   1.2547E-05   4.3122E+00
   4.7001E-02   1.5919E+03   3.4015E+02   1.1352E+05   1.2547E-05   4.3122E+00
   4.8001E-02   1.5919E+03   3.4015E+02   1.1352E+05   1.2547E-05   4.3122E+00
   4.9001E-02   1.5919E+03   3.4015E+02   1.1352E+05   1.2547E-05   4.3122E+00
   5.0001E-02   1.5919E+03   3.4015E+02   1.1352E+05   1.2547E-05   4.3122E+00
   5.1001E-02   1.5919E+03   3.4015E+02   1.1352E+05   1.2547E-05   4.3122E+00
   5.2001E-02   1.5919E+03   3.4015E+02   1.1352E+05   1.2547E-05   4.3122E+00
   5.3001E-02   1.5919E+03   3.4015E+02   1.1352E+05   1.2547E-05   4.3122E+00
   5.4001E-02   1.5919E+03   3.4015E+02   1.1352E+05   1.2547E-05   4.3122E+00
   5.5001E-02   1.5919E+03   3.4015E+02   1.1352E+05   1.2547E-05   4.3122E+00
   5.6001E-02   1.5919E+03   3.4015E+02   1.1352E+05   1.2547E-05   4.3122E+00
   5.7001E-02   1.5919E+03   3.4015E+02   1.1352E+05   1.2547E-05   4.3122E+00
   5.8001E-02   1.5919E+03   3.4015E+02   1.1352E+05   1.2547E-05   4.3122E+00
   5.9001E-02   1.5919E+03   3.4015E+02   1.1352E+05   1.2547E-05   4.3122E+00
   6.0001E-02   1.5919E+03   3.4015E+02   1.1352E+05   1.2547E-05   4.3122E+00
   6.1001E-02   1.5919E+03   3.4015E+02   1.1352E+05   1.2547E-05   4.3123E+00
   6.2001E-02   1.5919E+03   3.4015E+02   1.1352E+05   1.2547E-05   4.3123E+00
   6.3001E-02   1.5919E+03   3.4015E+02   1.1352E+05   1.2547E-05   4.3123E+00
   6.4001E-02   1.5928E+03   3.4015E+02   1.1352E+05   1.2554E-05   4.3169E+00
   6.5001E-02   1.5919E+03   3.4015E+02   1.1352E+05   1.2547E-05   4.3123E+00
   6.6001E-02   1.5919E+03   3.4015E+02   1.1352E+05   1.2547E-05   4.3123E+00
   6.7001E-02   1.5919E+03   3.4015E+02   1.1352E+05   1.2547E-05   4.3123E+00
   6.8001E-02   1.5928E+03   3.4015E+02   1.1352E+05   1.2554E-05   4.3169E+00
   6.9001E-02   1.5919E+03   3.4015E+02   1.1352E+05   1.2547E-05   4.3123E+00
   7.0001E-02   1.5928E+03   3.4015E+02   1.1352E+05   1.2554E-05   4.3169E+00
   7.1001E-02   1.5919E+03   3.4015E+02   1.1352E+05   1.2547E-05   4.3123E+00
   7.2001E-02   1.5928E+03   3.4015E+02   1.1352E+05   1.2553E-05   4.3169E+00
   7.3001E-02   1.5919E+03   3.4015E+02   1.1352E+05   1.2547E-05   4.3123E+00
   7.4001E-02   1.5928E+03   3.4015E+02   1.1352E+05   1.2553E-05   4.3169E+00
   7.5001E-02   1.5928E+03   3.4015E+02   1.1352E+05   1.2553E-05   4.3169E+00
   7.6001E-02   1.5919E+03   3.4015E+02   1.1352E+05   1.2547E-05   4.3123E+00
   7.7001E-02   1.5928E+03   3.4015E+02   1.1352E+05   1.2553E-05   4.3169E+00
   7.8001E-02   1.5919E+03   3.4015E+02   1.1352E+05   1.2547E-05   4.3124E+00
   7.9001E-02   1.5928E+03   3.4015E+02   1.1352E+05   1.2553E-05   4.3169E+00
   8.0001E-02   1.5919E+03   3.4015E+02   1.1352E+05   1.2547E-05   4.3124E+00
   8.1001E-02   1.5928E+03   3.4015E+02   1.1352E+05   1.2553E-05   4.3169E+00
   8.2001E-02   1.5919E+03   3.4015E+02   1.1352E+05   1.2547E-05   4.3124E+00
   8.3001E-02   1.5928E+03   3.4015E+02   1.1352E+05   1.2553E-05   4.3169E+00
   8.4001E-02   1.5919E+03   3.4015E+02   1.1352E+05   1.2547E-05   4.3124E+00
   8.5001E-02   1.5928E+03   3.4015E+02   1.1352E+05   1.2553E-05   4.3169E+00
   8.6001E-02   1.5928E+03   3.4015E+02   1.1352E+05   1.2553E-05   4.3169E+00
   8.7001E-02   1.5919E+03   3.4015E+02   1.1352E+05   1.2547E-05   4.3124E+00
   8.8001E-02   1.5928E+03   3.4015E+02   1.1352E+05   1.2553E-05   4.3169E+00
   8.9001E-02   1.5919E+03   3.4015E+02   1.1352E+05   1.2547E-05   4.3124E+00
   9.0001E-02   1.5928E+03   3.4015E+02   1.1352E+05   1.2553E-05   4.3169E+00
   9.1001E-02   1.5919E+03   3.4015E+02   1.1352E+05   1.2547E-05   4.3124E+00
   9.2001E-02   1.5928E+03   3.4015E+02   1.1352E+05   1.2553E-05   4.3169E+00
   9.3001E-02   1.5919E+03   3.4015E+02   1.1352E+05   1.2547E-05   4.3124E+00
   9.4001E-02   1.5928E+03   3.4015E+02   1.1352E+05   1.2553E-05   4.3169E+00
   9.5001E-02   1.5928E+03   3.4015E+02   1.1352E+05   1.2553E-05   4.3169E+00
   9.6001E-02   1.5919E+03   3.4015E+02   1.1352E+05   1.2547E-05   4.3125E+00
   9.7001E-02   1.5928E+03   3.4015E+02   1.1352E+05   1.2553E-05   4.3169E+00
   9.8001E-02   1.5919E+03   3.4015E+02   1.1352E+05   1.2547E-05   4.3125E+00
   9.9001E-02   1.5928E+03   3.4015E+02   1.1352E+05   1.2553E-05   4.3169E+00
   1.0000E-01   1.5919E+03   3.4015E+02   1.1352E+05   1.2547E-05   4.3125E+00
   1.1000E-01   1.5919E+03   3.4015E+02   1.1352E+05   1.2546E-05   4.3125E+00
   1.2000E-01   1.5919E+03   3.4015E+02   1.1352E+05   1.2546E-05   4.3126E+00
   1.3000E-01   1.5919E+03   3.4015E+02   1.1352E+05   1.2546E-05   4.3126E+00
   1.4000E-01   1.5919E+03   3.4015E+02   1.1352E+05   1.2546E-05   4.3127E+00
   1.5000E-01   1.5919E+03   3.4015E+02   1.1352E+05   1.2546E-05   4.3127E+00
   1.6000E-01   1.5919E+03   3.4015E+02   1.1352E+05   1.2546E-05   4.3128E+00
   1.7000E-01   1.5919E+03   3.4015E+02   1.1352E+05   1.2546E-05   4.3128E+00
   1.8000E-01   1.5919E+03   3.4015E+02   1.1352E+05   1.2546E-05   4.3128E+00
   1.9000E-01   1.5919E+03   3.4015E+02   1.1352E+05   1.2546E-05   4.3129E+00
   2.0000E-01   1.5919E+03   3.4015E+02   1.1352E+05   1.2546E-05   4.3129E+00
   2.1000E-01   1.5919E+03   3.4015E+02   1.1354E+05   1.2546E-05   4.3131E+00
   2.2000E-01   1.5919E+03   3.4015E+02   1.1354E+05   1.2546E-05   4.3132E+00
   2.3000E-01   1.5919E+03   3.4015E+02   1.1354E+05   1.2546E-05   4.3132E+00
   2.4000E-01   1.5919E+03   3.4015E+02   1.1354E+05   1.2546E-05   4.3132E+00
   2.5000E-01   1.5919E+03   3.4015E+02   1.1354E+05   1.2546E-05   4.3133E+00
   2.6000E-01   1.5919E+03   3.4015E+02   1.1354E+05   1.2546E-05   4.3133E+00
   2.7000E-01   1.5919E+03   3.4015E+02   1.1354E+05   1.2546E-05   4.3133E+00
   2.8000E-01   1.5919E+03   3.4015E+02   1.1354E+05   1.2546E-05   4.3134E+00
   2.9000E-01   1.5919E+03   3.4015E+02   1.1354E+05   1.2546E-05   4.3134E+00
   3.0000E-01   1.5919E+03   3.4015E+02   1.1354E+05   1.2546E-05   4.3134E+00
   3.1000E-01   1.5919E+03   3.4015E+02   1.1354E+05   1.2546E-05   4.3134E+00
   3.2000E-01   1.5919E+03   3.4015E+02   1.1354E+05   1.2546E-05   4.3135E+00
   3.3000E-01   1.5919E+03   3.4015E+02   1.1354E+05   1.2545E-05   4.3135E+00
   3.4000E-01   1.5919E+03   3.4015E+02   1.1354E+05   1.2545E-05   4.3135E+00
   3.5000E-01   1.5919E+03   3.4015E+02   1.1354E+05   1.2545E-05   4.3135E+00
   3.6000E-01   1.5919E+03   3.4015E+02   1.1354E+05   1.2545E-05   4.3136E+00
   3.7000E-01   1.5919E+03   3.4015E+02   1.1354E+05   1.2545E-05   4.3136E+00
   3.8000E-01   1.5919E+03   3.4015E+02   1.1354E+05   1.2545E-05   4.3136E+00
   3.9000E-01   1.5919E+03   3.4015E+02   1.1354E+05   1.2545E-05   4.3136E+00
   4.0000E-01   1.5919E+03   3.4015E+02   1.1354E+05   1.2545E-05   4.3136E+00
   4.1000E-01   1.5919E+03   3.4015E+02   1.1354E+05   1.2545E-05   4.3137E+00
   4.2000E-01   1.5919E+03   3.4015E+02   1.1354E+05   1.2545E-05   4.3137E+00
   4.3000E-01   1.5919E+03   3.4015E+02   1.1354E+05   1.2545E-05   4.3137E+00
   4.4000E-01   1.5919E+03   3.4015E+02   1.1354E+05   1.2545E-05   4.3137E+00
   4.5000E-01   1.5919E+03   3.4015E+02   1.1354E+05   1.2545E-05   4.3137E+00
   4.6000E-01   1.5919E+03   3.4015E+02   1.1354E+05   1.2545E-05   4.3138E+00
   4.7000E-01   1.5925E+03   3.4015E+02   1.1357E+05   1.2547E-05   4.3163E+00
   4.8000E-01   1.5925E+03   3.4015E+02   1.1357E+05   1.2547E-05   4.3163E+00
   4.9000E-01   1.5925E+03   3.4015E+02   1.1357E+05   1.2547E-05   4.3163E+00
   5.0000E-01   1.5925E+03   3.4015E+02   1.1357E+05   1.2547E-05   4.3163E+00
   5.1000E-01   1.5925E+03   3.4015E+02   1.1357E+05   1.2547E-05   4.3163E+00
   5.2000E-01   1.5925E+03   3.4015E+02   1.1357E+05   1.2547E-05   4.3163E+00
   5.3000E-01   1.5925E+03   3.4015E+02   1.1357E+05   1.2547E-05   4.3163E+00
   5.4000E-01   1.5925E+03   3.4015E+02   1.1357E+05   1.2547E-05   4.3164E+00
   5.5000E-01   1.5925E+03   3.4015E+02   1.1357E+05   1.2547E-05   4.3164E+00
   5.6000E-01   1.5925E+03   3.4015E+02   1.1357E+05   1.2546E-05   4.3164E+00
   5.7000E-01   1.5925E+03   3.4015E+02   1.1357E+05   1.2546E-05   4.3164E+00
   5.8000E-01   1.5925E+03   3.4015E+02   1.1357E+05   1.2546E-05   4.3164E+00
   5.9000E-01   1.5925E+03   3.4015E+02   1.1357E+05   1.2546E-05   4.3164E+00
   6.0000E-01   1.5925E+03   3.4015E+02   1.1357E+05   1.2546E-05   4.3164E+00
   6.1000E-01   1.5925E+03   3.4015E+02   1.1357E+05   1.2546E-05   4.3164E+00
   6.2000E-01   1.5925E+03   3.4015E+02   1.1357E+05   1.2546E-05   4.3164E+00
   6.3000E-01   1.5925E+03   3.4015E+02   1.1357E+05   1.2546E-05   4.3165E+00
   6.4000E-01   1.5925E+03   3.4015E+02   1.1357E+05   1.2546E-05   4.3165E+00
   6.5000E-01   1.5925E+03   3.4015E+02   1.1357E+05   1.2546E-05   4.3165E+00
   6.6000E-01   1.5925E+03   3.4015E+02   1.1357E+05   1.2546E-05   4.3165E+00
   6.7000E-01   1.5925E+03   3.4015E+02   1.1357E+05   1.2546E-05   4.3165E+00
   6.8000E-01   1.5925E+03   3.4015E+02   1.1357E+05   1.2546E-05   4.3165E+00
   6.9000E-01   1.5925E+03   3.4015E+02   1.1357E+05   1.2546E-05   4.3165E+00
   7.0000E-01   1.5925E+03   3.4015E+02   1.1357E+05   1.2545E-05   4.3165E+00
   7.1000E-01   1.5925E+03   3.4015E+02   1.1357E+05   1.2545E-05   4.3165E+00
   7.2000E-01   1.5925E+03   3.4015E+02   1.1357E+05   1.2545E-05   4.3165E+00
   7.3000E-01   1.5925E+03   3.4015E+02   1.1357E+05   1.2545E-05   4.3165E+00
   7.4000E-01   1.5925E+03   3.4015E+02   1.1357E+05   1.2545E-05   4.3165E+00
   7.5000E-01   1.5925E+03   3.4015E+02   1.1357E+05   1.2545E-05   4.3165E+00
   7.6000E-01   1.5926E+03   3.4015E+02   1.1358E+05   1.2544E-05   4.3165E+00
   7.7000E-01   1.5926E+03   3.4015E+02   1.1358E+05   1.2544E-05   4.3165E+00
   7.8000E-01   1.5926E+03   3.4015E+02   1.1358E+05   1.2544E-05   4.3165E+00
   7.9000E-01   1.5926E+03   3.4015E+02   1.1358E+05   1.2544E-05   4.3165E+00
   8.0000E-01   1.5926E+03   3.4015E+02   1.1358E+05   1.2544E-05   4.3165E+00
   8.1000E-01   1.5926E+03   3.4015E+02   1.1358E+05   1.2544E-05   4.3165E+00
   8.2000E-01   1.5926E+03   3.4015E+02   1.1358E+05   1.2544E-05   4.3165E+00
   8.3000E-01   1.5926E+03   3.4015E+02   1.1358E+05   1.2544E-05   4.3165E+00
   8.4000E-01   1.5926E+03   3.4015E+02   1.1358E+05   1.2544E-05   4.3165E+00
   8.5000E-01   1.5926E+03   3.4015E+02   1.1358E+05   1.2544E-05   4.3165E+00
   8.6000E-01   1.5926E+03   3.4015E+02   1.1358E+05   1.2544E-05   4.3165E+00
   8.7000E-01   1.5926E+03   3.4015E+02   1.1358E+05   1.2543E-05   4.3165E+00
   8.8000E-01   1.5926E+03   3.4015E+02   1.1358E+05   1.2543E-05   4.3165E+00
   8.9000E-01   1.5926E+03   3.4015E+02   1.1358E+05   1.2543E-05   4.3165E+00
   9.0000E-01   1.5926E+03   3.4015E+02   1.1358E+05   1.2543E-05   4.3165E+00
   9.1000E-01   1.5926E+03   3.4015E+02   1.1358E+05   1.2543E-05   4.3165E+00
   9.2000E-01   1.5926E+03   3.4015E+02   1.1358E+05   1.2543E-05   4.3165E+00
   9.3000E-01   1.5926E+03   3.4015E+02   1.1358E+05   1.2543E-05   4.3165E+00
   9.4000E-01   1.5926E+03   3.4015E+02   1.1358E+05   1.2543E-05   4.3165E+00
   9.5000E-01   1.5926E+03   3.4015E+02   1.1358E+05   1.2543E-05   4.3165E+00
   9.6000E-01   1.5926E+03   3.4015E+02   1.1358E+05   1.2543E-05   4.3165E+00
   9.7000E-01   1.5926E+03   3.4015E+02   1.1358E+05   1.2543E-05   4.3165E+00
   9.8000E-01   1.5926E+03   3.4015E+02   1.1358E+05   1.2543E-05   4.3165E+00
   9.9000E-01   1.5927E+03   3.4015E+02   1.1358E+05   1.2543E-05   4.3169E+00
   1.0000E+00   1.5927E+03   3.4015E+02   1.1358E+05   1.2543E-05   4.3169E+00
   1.1000E+00   1.5926E+03   3.4015E+02   1.1359E+05   1.2540E-05   4.3160E+00
   1.2000E+00   1.5926E+03   3.4015E+02   1.1359E+05   1.2540E-05   4.3159E+00
   1.3000E+00   1.5926E+03   3.4015E+02   1.1359E+05   1.2539E-05   4.3159E+00
   1.4000E+00   1.5926E+03   3.4015E+02   1.1359E+05   1.2537E-05   4.3153E+00
   1.5000E+00   1.5926E+03   3.4015E+02   1.1359E+05   1.2536E-05   4.3153E+00
   1.6000E+00   1.5926E+03   3.4015E+02   1.1359E+05   1.2535E-05   4.3152E+00
   1.7000E+00   1.5926E+03   3.4015E+02   1.1359E+05   1.2535E-05   4.3151E+00
   1.8000E+00   1.5926E+03   3.4015E+02   1.1360E+05   1.2532E-05   4.3146E+00
   1.9000E+00   1.5926E+03   3.4015E+02   1.1360E+05   1.2532E-05   4.3145E+00
   2.0000E+00   1.5926E+03   3.4015E+02   1.1360E+05   1.2531E-05   4.3144E+00
   2.1000E+00   1.5926E+03   3.4015E+02   1.1360E+05   1.2530E-05   4.3143E+00
   2.2000E+00   1.5931E+03   3.4015E+02   1.1363E+05   1.2531E-05   4.3160E+00
   2.3000E+00   1.5931E+03   3.4015E+02   1.1363E+05   1.2530E-05   4.3159E+00
   2.4000E+00   1.5931E+03   3.4015E+02   1.1363E+05   1.2529E-05   4.3158E+00
   2.5000E+00   1.5931E+03   3.4015E+02   1.1363E+05   1.2529E-05   4.3157E+00
   2.6000E+00   1.5933E+03   3.4015E+02   1.1364E+05   1.2528E-05   4.3162E+00
   2.7000E+00   1.5933E+03   3.4015E+02   1.1364E+05   1.2527E-05   4.3161E+00
   2.8000E+00   1.5933E+03   3.4015E+02   1.1364E+05   1.2527E-05   4.3159E+00
   2.9000E+00   1.5933E+03   3.4015E+02   1.1364E+05   1.2526E-05   4.3158E+00
   3.0000E+00   1.5935E+03   3.4015E+02   1.1366E+05   1.2525E-05   4.3162E+00
   3.1000E+00   1.5935E+03   3.4015E+02   1.1366E+05   1.2524E-05   4.3161E+00
   3.2000E+00   1.5935E+03   3.4015E+02   1.1366E+05   1.2524E-05   4.3159E+00
   3.3000E+00   1.5935E+03   3.4015E+02   1.1366E+05   1.2523E-05   4.3158E+00
   3.4000E+00   1.5937E+03   3.4015E+02   1.1368E+05   1.2522E-05   4.3162E+00
   3.5000E+00   1.5937E+03   3.4015E+02   1.1368E+05   1.2521E-05   4.3161E+00
   3.6000E+00   1.5937E+03   3.4015E+02   1.1368E+05   1.2521E-05   4.3159E+00
   3.7000E+00   1.5937E+03   3.4015E+02   1.1368E+05   1.2520E-05   4.3158E+00
   3.8000E+00   1.5937E+03   3.4015E+02   1.1368E+05   1.2519E-05   4.3156E+00
   3.9000E+00   1.5940E+03   3.4015E+02   1.1369E+05   1.2519E-05   4.3162E+00
   4.0000E+00   1.5940E+03   3.4015E+02   1.1369E+05   1.2518E-05   4.3160E+00
   4.1000E+00   1.5940E+03   3.4015E+02   1.1369E+05   1.2517E-05   4.3159E+00
   4.2000E+00   1.5940E+03   3.4015E+02   1.1369E+05   1.2517E-05   4.3157E+00
   4.3000E+00   1.5940E+03   3.4015E+02   1.1370E+05   1.2515E-05   4.3152E+00
   4.4000E+00   1.5943E+03   3.4015E+02   1.1370E+05   1.2517E-05   4.3168E+00
   4.5000E+00   1.5940E+03   3.4015E+02   1.1370E+05   1.2513E-05   4.3149E+00
   4.6000E+00   1.5940E+03   3.4015E+02   1.1370E+05   1.2513E-05   4.3147E+00
   4.7000E+00   1.5940E+03   3.4015E+02   1.1370E+05   1.2512E-05   4.3146E+00
   4.8000E+00   1.5940E+03   3.4015E+02   1.1371E+05   1.2510E-05   4.3141E+00
   4.9000E+00   1.5940E+03   3.4015E+02   1.1371E+05   1.2510E-05   4.3139E+00
   5.0000E+00   1.5940E+03   3.4015E+02   1.1371E+05   1.2509E-05   4.3137E+00
   5.1000E+00   1.5940E+03   3.4015E+02   1.1371E+05   1.2508E-05   4.3136E+00
   5.2000E+00   1.5940E+03   3.4015E+02   1.1371E+05   1.2507E-05   4.3134E+00
   5.3000E+00   1.5940E+03   3.4015E+02   1.1371E+05   1.2506E-05   4.3129E+00
   5.4000E+00   1.5940E+03   3.4015E+02   1.1371E+05   1.2505E-05   4.3127E+00
   5.5000E+00   1.5940E+03   3.4015E+02   1.1371E+05   1.2504E-05   4.3125E+00
   5.6000E+00   1.5940E+03   3.4015E+02   1.1371E+05   1.2504E-05   4.3124E+00
   5.7000E+00   1.5948E+03   3.4015E+02   1.1376E+05   1.2506E-05   4.3157E+00
   5.8000E+00   1.5948E+03   3.4015E+02   1.1376E+05   1.2506E-05   4.3156E+00
   5.9000E+00   1.5948E+03   3.4015E+02   1.1376E+05   1.2505E-05   4.3154E+00
   6.0000E+00   1.5951E+03   3.4015E+02   1.1376E+05   1.2507E-05   4.3168E+00
   6.1000E+00   1.5948E+03   3.4015E+02   1.1376E+05   1.2504E-05   4.3151E+00
   6.2000E+00   1.5952E+03   3.4015E+02   1.1378E+05   1.2504E-05   4.3162E+00
   6.3000E+00   1.5952E+03   3.4015E+02   1.1378E+05   1.2503E-05   4.3160E+00
   6.4000E+00   1.5952E+03   3.4015E+02   1.1378E+05   1.2502E-05   4.3158E+00
   6.5000E+00   1.5952E+03   3.4015E+02   1.1378E+05   1.2502E-05   4.3157E+00
   6.6000E+00   1.5952E+03   3.4015E+02   1.1378E+05   1.2501E-05   4.3155E+00
   6.7000E+00   1.5954E+03   3.4015E+02   1.1380E+05   1.2500E-05   4.3161E+00
   6.8000E+00   1.5954E+03   3.4015E+02   1.1380E+05   1.2500E-05   4.3159E+00
   6.9000E+00   1.5954E+03   3.4015E+02   1.1380E+05   1.2499E-05   4.3157E+00
   7.0000E+00   1.5954E+03   3.4015E+02   1.1380E+05   1.2498E-05   4.3156E+00
   7.1000E+00   1.5954E+03   3.4015E+02   1.1380E+05   1.2498E-05   4.3154E+00
   7.2000E+00   1.5957E+03   3.4015E+02   1.1380E+05   1.2499E-05   4.3168E+00
   7.3000E+00   1.5958E+03   3.4015E+02   1.1383E+05   1.2497E-05   4.3161E+00
   7.4000E+00   1.5958E+03   3.4015E+02   1.1383E+05   1.2496E-05   4.3160E+00
   7.5000E+00   1.5958E+03   3.4015E+02   1.1383E+05   1.2495E-05   4.3158E+00
   7.6000E+00   1.5958E+03   3.4015E+02   1.1383E+05   1.2495E-05   4.3156E+00
   7.7000E+00   1.5958E+03   3.4015E+02   1.1383E+05   1.2494E-05   4.3155E+00
   7.8000E+00   1.5960E+03   3.4015E+02   1.1385E+05   1.2494E-05   4.3162E+00
   7.9000E+00   1.5960E+03   3.4015E+02   1.1385E+05   1.2493E-05   4.3160E+00
   8.0000E+00   1.5960E+03   3.4015E+02   1.1385E+05   1.2492E-05   4.3159E+00
   8.1000E+00   1.5960E+03   3.4015E+02   1.1385E+05   1.2492E-05   4.3157E+00
   8.2000E+00   1.5960E+03   3.4015E+02   1.1385E+05   1.2491E-05   4.3155E+00
   8.3000E+00   1.5963E+03   3.4015E+02   1.1385E+05   1.2492E-05   4.3168E+00
   8.4000E+00   1.5963E+03   3.4015E+02   1.1387E+05   1.2490E-05   4.3161E+00
   8.5000E+00   1.5963E+03   3.4015E+02   1.1387E+05   1.2489E-05   4.3160E+00
   8.6000E+00   1.5963E+03   3.4015E+02   1.1387E+05   1.2488E-05   4.3158E+00
   8.7000E+00   1.5963E+03   3.4015E+02   1.1387E+05   1.2488E-05   4.3156E+00
   8.8000E+00   1.5966E+03   3.4015E+02   1.1387E+05   1.2489E-05   4.3168E+00
   8.9000E+00   1.5966E+03   3.4015E+02   1.1389E+05   1.2487E-05   4.3162E+00
   9.0000E+00   1.5966E+03   3.4015E+02   1.1389E+05   1.2486E-05   4.3160E+00
   9.1000E+00   1.5966E+03   3.4015E+02   1.1389E+05   1.2485E-05   4.3159E+00
   9.2000E+00   1.5966E+03   3.4015E+02   1.1389E+05   1.2485E-05   4.3157E+00
   9.3000E+00   1.5966E+03   3.4015E+02   1.1389E+05   1.2484E-05   4.3155E+00
   9.4000E+00   1.5969E+03   3.4015E+02   1.1389E+05   1.2485E-05   4.3168E+00
   9.5000E+00   1.5969E+03   3.4015E+02   1.1391E+05   1.2483E-05   4.3161E+00
   9.6000E+00   1.5969E+03   3.4015E+02   1.1391E+05   1.2482E-05   4.3160E+00
   9.7000E+00   1.5969E+03   3.4015E+02   1.1391E+05   1.2482E-05   4.3158E+00
   9.8000E+00   1.5969E+03   3.4015E+02   1.1391E+05   1.2481E-05   4.3156E+00
   9.9000E+00   1.5969E+03   3.4015E+02   1.1391E+05   1.2480E-05   4.3155E+00
   1.0000E+01   1.5972E+03   3.4015E+02   1.1393E+05   1.2480E-05   4.3161E+00
   1.0100E+01   1.5972E+03   3.4015E+02   1.1393E+05   1.2479E-05   4.3160E+00
   1.0200E+01   1.5972E+03   3.4015E+02   1.1393E+05   1.2478E-05   4.3158E+00
   1.0300E+01   1.5972E+03   3.4015E+02   1.1393E+05   1.2478E-05   4.3156E+00
   1.0400E+01   1.5972E+03   3.4015E+02   1.1393E+05   1.2477E-05   4.3155E+00
   1.0500E+01   1.5972E+03   3.4015E+02   1.1393E+05   1.2476E-05   4.3153E+00
   1.0600E+01   1.5975E+03   3.4015E+02   1.1396E+05   1.2476E-05   4.3161E+00
   1.0700E+01   1.5975E+03   3.4015E+02   1.1396E+05   1.2475E-05   4.3159E+00
   1.0800E+01   1.5975E+03   3.4015E+02   1.1396E+05   1.2474E-05   4.3158E+00
   1.0900E+01   1.5977E+03   3.4015E+02   1.1396E+05   1.2475E-05   4.3168E+00
   1.1000E+01   1.5975E+03   3.4015E+02   1.1396E+05   1.2473E-05   4.3154E+00
   1.1100E+01   1.5977E+03   3.4015E+02   1.1398E+05   1.2473E-05   4.3162E+00
   1.1200E+01   1.5977E+03   3.4015E+02   1.1398E+05   1.2472E-05   4.3160E+00
   1.1300E+01   1.5977E+03   3.4015E+02   1.1398E+05   1.2471E-05   4.3159E+00
   1.1400E+01   1.5977E+03   3.4015E+02   1.1398E+05   1.2471E-05   4.3157E+00
   1.1500E+01   1.5977E+03   3.4015E+02   1.1398E+05   1.2470E-05   4.3155E+00
   1.1600E+01   1.5980E+03   3.4015E+02   1.1398E+05   1.2471E-05   4.3168E+00
   1.1700E+01   1.5980E+03   3.4015E+02   1.1400E+05   1.2469E-05   4.3162E+00
   1.1800E+01   1.5980E+03   3.4015E+02   1.1400E+05   1.2468E-05   4.3160E+00
   1.1900E+01   1.5980E+03   3.4015E+02   1.1400E+05   1.2468E-05   4.3159E+00
   1.2000E+01   1.5980E+03   3.4015E+02   1.1400E+05   1.2467E-05   4.3157E+00
   1.2100E+01   1.5980E+03   3.4015E+02   1.1400E+05   1.2466E-05   4.3155E+00
   1.2200E+01   1.5983E+03   3.4015E+02   1.1400E+05   1.2468E-05   4.3168E+00
   1.2300E+01   1.5983E+03   3.4015E+02   1.1402E+05   1.2465E-05   4.3161E+00
   1.2400E+01   1.5983E+03   3.4015E+02   1.1402E+05   1.2465E-05   4.3160E+00
   1.2500E+01   1.5985E+03   3.4015E+02   1.1402E+05   1.2465E-05   4.3168E+00
   1.2600E+01   1.5983E+03   3.4015E+02   1.1402E+05   1.2463E-05   4.3156E+00
   1.2700E+01   1.5983E+03   3.4015E+02   1.1402E+05   1.2462E-05   4.3155E+00
   1.2800E+01   1.5983E+03   3.4015E+02   1.1402E+05   1.2462E-05   4.3153E+00
   1.2900E+01   1.5986E+03   3.4015E+02   1.1405E+05   1.2461E-05   4.3161E+00
   1.3000E+01   1.5986E+03   3.4015E+02   1.1405E+05   1.2461E-05   4.3159E+00
   1.3100E+01   1.5986E+03   3.4015E+02   1.1405E+05   1.2460E-05   4.3157E+00
   1.3200E+01   1.5986E+03   3.4015E+02   1.1405E+05   1.2459E-05   4.3156E+00
   1.3300E+01   1.5986E+03   3.4015E+02   1.1405E+05   1.2458E-05   4.3154E+00
   1.3400E+01   1.5989E+03   3.4015E+02   1.1405E+05   1.2460E-05   4.3168E+00
   1.3500E+01   1.5989E+03   3.4015E+02   1.1407E+05   1.2458E-05   4.3162E+00
   1.3600E+01   1.5989E+03   3.4015E+02   1.1407E+05   1.2457E-05   4.3160E+00
   1.3700E+01   1.5989E+03   3.4015E+02   1.1407E+05   1.2456E-05   4.3159E+00
   1.3800E+01   1.5989E+03   3.4015E+02   1.1407E+05   1.2456E-05   4.3157E+00
   1.3900E+01   1.5989E+03   3.4015E+02   1.1407E+05   1.2455E-05   4.3155E+00
   1.4000E+01   1.5992E+03   3.4015E+02   1.1409E+05   1.2455E-05   4.3162E+00
   1.4100E+01   1.5992E+03   3.4015E+02   1.1409E+05   1.2454E-05   4.3161E+00
   1.4200E+01   1.5992E+03   3.4015E+02   1.1409E+05   1.2453E-05   4.3159E+00
   1.4300E+01   1.5992E+03   3.4015E+02   1.1409E+05   1.2452E-05   4.3157E+00
   1.4400E+01   1.5992E+03   3.4015E+02   1.1409E+05   1.2452E-05   4.3156E+00
   1.4500E+01   1.5995E+03   3.4015E+02   1.1411E+05   1.2451E-05   4.3162E+00
   1.4600E+01   1.5995E+03   3.4015E+02   1.1411E+05   1.2451E-05   4.3160E+00
   1.4700E+01   1.5995E+03   3.4015E+02   1.1411E+05   1.2450E-05   4.3159E+00
   1.4800E+01   1.5995E+03   3.4015E+02   1.1411E+05   1.2449E-05   4.3157E+00
   1.4900E+01   1.5995E+03   3.4015E+02   1.1411E+05   1.2448E-05   4.3155E+00
   1.5000E+01   1.5995E+03   3.4015E+02   1.1411E+05   1.2448E-05   4.3154E+00
   1.5100E+01   1.5997E+03   3.4015E+02   1.1413E+05   1.2448E-05   4.3162E+00
   1.5200E+01   1.5997E+03   3.4015E+02   1.1413E+05   1.2447E-05   4.3161E+00
   1.5300E+01   1.5997E+03   3.4015E+02   1.1413E+05   1.2446E-05   4.3159E+00
   1.5400E+01   1.5997E+03   3.4015E+02   1.1413E+05   1.2446E-05   4.3157E+00
   1.5500E+01   1.5997E+03   3.4015E+02   1.1413E+05   1.2445E-05   4.3156E+00
   1.5600E+01   1.6000E+03   3.4015E+02   1.1413E+05   1.2446E-05   4.3168E+00
   1.5700E+01   1.6000E+03   3.4015E+02   1.1415E+05   1.2444E-05   4.3162E+00
   1.5800E+01   1.6000E+03   3.4015E+02   1.1415E+05   1.2443E-05   4.3160E+00
   1.5900E+01   1.6000E+03   3.4015E+02   1.1415E+05   1.2442E-05   4.3159E+00
   1.6000E+01   1.6000E+03   3.4015E+02   1.1415E+05   1.2442E-05   4.3157E+00
   1.6100E+01   1.6000E+03   3.4015E+02   1.1415E+05   1.2441E-05   4.3155E+00
   1.6200E+01   1.6003E+03   3.4015E+02   1.1415E+05   1.2442E-05   4.3168E+00
   1.6300E+01   1.6003E+03   3.4015E+02   1.1417E+05   1.2440E-05   4.3162E+00
   1.6400E+01   1.6003E+03   3.4015E+02   1.1417E+05   1.2439E-05   4.3161E+00
   1.6500E+01   1.6003E+03   3.4015E+02   1.1417E+05   1.2439E-05   4.3159E+00
   1.6600E+01   1.6005E+03   3.4015E+02   1.1417E+05   1.2440E-05   4.3168E+00
   1.6700E+01   1.6003E+03   3.4015E+02   1.1417E+05   1.2437E-05   4.3156E+00
   1.6800E+01   1.6006E+03   3.4015E+02   1.1420E+05   1.2437E-05   4.3162E+00
   1.6900E+01   1.6006E+03   3.4015E+02   1.1420E+05   1.2436E-05   4.3160E+00
   1.7000E+01   1.6006E+03   3.4015E+02   1.1420E+05   1.2435E-05   4.3159E+00
