       Time_s           01           02           03           04           05
   0.0000E+00   1.7689E+02   3.0315E+02   0.0000E+00   0.0000E+00   0.0000E+00
   1.0000E-06   1.7689E+02   3.0315E+02   4.7456E+04   2.0217E-06   8.6620E-02
   2.0000E-06   1.2488E+03   3.0315E+02   9.7759E+04   1.0613E-05   3.2101E+00
   3.0000E-06   1.4482E+03   3.0315E+02   1.0689E+05   1.1781E-05   4.1323E+00
   4.0000E-06   1.4802E+03   3.0315E+02   1.0836E+05   1.1964E-05   4.2892E+00
   5.0000E-06   1.4849E+03   3.0315E+02   1.0857E+05   1.1998E-05   4.3152E+00
   6.0000E-06   1.4849E+03   3.0315E+02   1.0857E+05   1.2006E-05   4.3180E+00
   7.0000E-06   1.4849E+03   3.0315E+02   1.0857E+05   1.2014E-05   4.3208E+00
   8.0000E-06   1.4849E+03   3.0315E+02   1.0857E+05   1.2022E-05   4.3237E+00
   9.0000E-06   1.4849E+03   3.0315E+02   1.0857E+05   1.2030E-05   4.3265E+00
   1.0000E-05   1.4833E+03   3.0315E+02   1.0850E+05   1.2029E-05   4.3214E+00
   1.1000E-05   1.4833E+03   3.0315E+02   1.0850E+05   1.2037E-05   4.3242E+00
   1.2000E-05   1.4833E+03   3.0315E+02   1.0850E+05   1.2044E-05   4.3270E+00
   1.3000E-05   1.4816E+03   3.0315E+02   1.0842E+05   1.2043E-05   4.3214E+00
   1.4000E-05   1.4816E+03   3.0315E+02   1.0842E+05   1.2051E-05   4.3243E+00
   1.5000E-05   1.4816E+03   3.0315E+02   1.0842E+05   1.2059E-05   4.3271E+00
   1.6000E-05   1.4798E+03   3.0315E+02   1.0834E+05   1.2057E-05   4.3215E+00
   1.7000E-05   1.4798E+03   3.0315E+02   1.0834E+05   1.2065E-05   4.3243E+00
   1.8000E-05   1.4798E+03   3.0315E+02   1.0834E+05   1.2073E-05   4.3271E+00
   1.9000E-05   1.4781E+03   3.0315E+02   1.0826E+05   1.2071E-05   4.3215E+00
   2.0000E-05   1.4781E+03   3.0315E+02   1.0826E+05   1.2079E-05   4.3243E+00
   2.1000E-05   1.4781E+03   3.0315E+02   1.0826E+05   1.2087E-05   4.3271E+00
   2.2000E-05   1.4763E+03   3.0315E+02   1.0818E+05   1.2086E-05   4.3215E+00
   2.3000E-05   1.4763E+03   3.0315E+02   1.0818E+05   1.2093E-05   4.3243E+00
   2.4000E-05   1.4763E+03   3.0315E+02   1.0818E+05   1.2101E-05   4.3271E+00
   2.5000E-05   1.4746E+03   3.0315E+02   1.0810E+05   1.2100E-05   4.3214E+00
   2.6000E-05   1.4746E+03   3.0315E+02   1.0810E+05   1.2108E-05   4.3243E+00
   2.7000E-05   1.4746E+03   3.0315E+02   1.0810E+05   1.2116E-05   4.3271E+00
   2.8000E-05   1.4729E+03   3.0315E+02   1.0802E+05   1.2114E-05   4.3214E+00
   2.9000E-05   1.4729E+03   3.0315E+02   1.0802E+05   1.2122E-05   4.3242E+00
   3.0000E-05   1.4729E+03   3.0315E+02   1.0802E+05   1.2130E-05   4.3271E+00
   3.1000E-05   1.4711E+03   3.0315E+02   1.0794E+05   1.2128E-05   4.3214E+00
   3.2000E-05   1.4711E+03   3.0315E+02   1.0794E+05   1.2136E-05   4.3242E+00
   3.3000E-05   1.4711E+03   3.0315E+02   1.0794E+05   1.2144E-05   4.3270E+00
   3.4000E-05   1.4694E+03   3.0315E+02   1.0786E+05   1.2142E-05   4.3214E+00
   3.5000E-05   1.4694E+03   3.0315E+02   1.0786E+05   1.2150E-05   4.3242E+00
   3.6000E-05   1.4694E+03   3.0315E+02   1.0786E+05   1.2158E-05   4.3270E+00
   3.7000E-05   1.4677E+03   3.0315E+02   1.0779E+05   1.2156E-05   4.3214E+00
   3.8000E-05   1.4677E+03   3.0315E+02   1.0779E+05   1.2164E-05   4.3242E+00
   3.9000E-05   1.4677E+03   3.0315E+02   1.0779E+05   1.2172E-05   4.3270E+00
   4.0000E-05   1.4660E+03   3.0315E+02   1.0771E+05   1.2170E-05   4.3214E+00
   4.1000E-05   1.4660E+03   3.0315E+02   1.0771E+05   1.2178E-05   4.3242E+00
   4.2000E-05   1.4660E+03   3.0315E+02   1.0771E+05   1.2186E-05   4.3270E+00
   4.3000E-05   1.4643E+03   3.0315E+02   1.0763E+05   1.2184E-05   4.3214E+00
   4.4000E-05   1.4643E+03   3.0315E+02   1.0763E+05   1.2192E-05   4.3241E+00
   4.5000E-05   1.4643E+03   3.0315E+02   1.0763E+05   1.2200E-05   4.3269E+00
   4.6000E-05   1.4626E+03   3.0315E+02   1.0755E+05   1.2199E-05   4.3214E+00
   4.7000E-05   1.4626E+03   3.0315E+02   1.0755E+05   1.2206E-05   4.3241E+00
   4.8000E-05   1.4626E+03   3.0315E+02   1.0755E+05   1.2214E-05   4.3269E+00
   4.9000E-05   1.4609E+03   3.0315E+02   1.0748E+05   1.2213E-05   4.3213E+00
   5.0000E-05   1.4609E+03   3.0315E+02   1.0748E+05   1.2221E-05   4.3241E+00
   5.1000E-05   1.4609E+03   3.0315E+02   1.0748E+05   1.2228E-05   4.3269E+00
   5.2000E-05   1.4592E+03   3.0315E+02   1.0740E+05   1.2227E-05   4.3213E+00
   5.3000E-05   1.4592E+03   3.0315E+02   1.0740E+05   1.2235E-05   4.3241E+00
   5.4000E-05   1.4592E+03   3.0315E+02   1.0740E+05   1.2242E-05   4.3269E+00
   5.5000E-05   1.4576E+03   3.0315E+02   1.0732E+05   1.2241E-05   4.3213E+00
   5.6000E-05   1.4576E+03   3.0315E+02   1.0732E+05   1.2249E-05   4.3241E+00
   5.7000E-05   1.4576E+03   3.0315E+02   1.0732E+05   1.2257E-05   4.3269E+00
   5.8000E-05   1.4559E+03   3.0315E+02   1.0724E+05   1.2255E-05   4.3213E+00
   5.9000E-05   1.4559E+03   3.0315E+02   1.0724E+05   1.2263E-05   4.3240E+00
   6.0000E-05   1.4559E+03   3.0315E+02   1.0724E+05   1.2270E-05   4.3268E+00
   6.1000E-05   1.4542E+03   3.0315E+02   1.0717E+05   1.2269E-05   4.3212E+00
   6.2000E-05   1.4542E+03   3.0315E+02   1.0717E+05   1.2277E-05   4.3240E+00
   6.3000E-05   1.4542E+03   3.0315E+02   1.0717E+05   1.2284E-05   4.3268E+00
   6.4000E-05   1.4526E+03   3.0315E+02   1.0709E+05   1.2283E-05   4.3212E+00
   6.5000E-05   1.4526E+03   3.0315E+02   1.0709E+05   1.2290E-05   4.3240E+00
   6.6000E-05   1.4526E+03   3.0315E+02   1.0709E+05   1.2298E-05   4.3267E+00
   6.7000E-05   1.4509E+03   3.0315E+02   1.0702E+05   1.2297E-05   4.3212E+00
   6.8000E-05   1.4509E+03   3.0315E+02   1.0702E+05   1.2304E-05   4.3240E+00
   6.9000E-05   1.4509E+03   3.0315E+02   1.0702E+05   1.2312E-05   4.3267E+00
   7.0000E-05   1.4493E+03   3.0315E+02   1.0694E+05   1.2311E-05   4.3212E+00
   7.1000E-05   1.4493E+03   3.0315E+02   1.0694E+05   1.2318E-05   4.3240E+00
   7.2000E-05   1.4493E+03   3.0315E+02   1.0694E+05   1.2326E-05   4.3267E+00
   7.3000E-05   1.4476E+03   3.0315E+02   1.0686E+05   1.2324E-05   4.3212E+00
   7.4000E-05   1.4476E+03   3.0315E+02   1.0686E+05   1.2332E-05   4.3240E+00
   7.5000E-05   1.4476E+03   3.0315E+02   1.0686E+05   1.2340E-05   4.3267E+00
   7.6000E-05   1.4460E+03   3.0315E+02   1.0679E+05   1.2338E-05   4.3212E+00
   7.7000E-05   1.4460E+03   3.0315E+02   1.0679E+05   1.2346E-05   4.3240E+00
   7.8000E-05   1.4460E+03   3.0315E+02   1.0679E+05   1.2354E-05   4.3267E+00
   7.9000E-05   1.4444E+03   3.0315E+02   1.0671E+05   1.2352E-05   4.3212E+00
   8.0000E-05   1.4444E+03   3.0315E+02   1.0671E+05   1.2360E-05   4.3240E+00
   8.1000E-05   1.4444E+03   3.0315E+02   1.0671E+05   1.2368E-05   4.3267E+00
   8.2000E-05   1.4427E+03   3.0315E+02   1.0664E+05   1.2366E-05   4.3212E+00
   8.3000E-05   1.4427E+03   3.0315E+02   1.0664E+05   1.2374E-05   4.3240E+00
   8.4000E-05   1.4427E+03   3.0315E+02   1.0664E+05   1.2382E-05   4.3267E+00
   8.5000E-05   1.4411E+03   3.0315E+02   1.0656E+05   1.2380E-05   4.3212E+00
   8.6000E-05   1.4411E+03   3.0315E+02   1.0656E+05   1.2388E-05   4.3239E+00
   8.7000E-05   1.4411E+03   3.0315E+02   1.0656E+05   1.2396E-05   4.3267E+00
   8.8000E-05   1.4395E+03   3.0315E+02   1.0649E+05   1.2394E-05   4.3212E+00
   8.9000E-05   1.4395E+03   3.0315E+02   1.0649E+05   1.2402E-05   4.3239E+00
   9.0000E-05   1.4395E+03   3.0315E+02   1.0649E+05   1.2410E-05   4.3266E+00
   9.1000E-05   1.4379E+03   3.0315E+02   1.0642E+05   1.2408E-05   4.3212E+00
   9.2000E-05   1.4379E+03   3.0315E+02   1.0642E+05   1.2416E-05   4.3239E+00
   9.3000E-05   1.4379E+03   3.0315E+02   1.0642E+05   1.2424E-05   4.3266E+00
   9.4000E-05   1.4363E+03   3.0315E+02   1.0634E+05   1.2422E-05   4.3212E+00
   9.5000E-05   1.4363E+03   3.0315E+02   1.0634E+05   1.2430E-05   4.3239E+00
   9.6000E-05   1.4363E+03   3.0315E+02   1.0634E+05   1.2438E-05   4.3266E+00
   9.7000E-05   1.4346E+03   3.0315E+02   1.0627E+05   1.2436E-05   4.3212E+00
   9.8000E-05   1.4346E+03   3.0315E+02   1.0627E+05   1.2444E-05   4.3239E+00
   9.9000E-05   1.4346E+03   3.0315E+02   1.0627E+05   1.2452E-05   4.3266E+00
   1.0000E-04   1.4330E+03   3.0315E+02   1.0619E+05   1.2450E-05   4.3212E+00
   1.0100E-04   1.4330E+03   3.0315E+02   1.0619E+05   1.2458E-05   4.3239E+00
   1.1100E-04   1.4330E+03   3.0315E+02   1.0619E+05   1.2536E-05   4.3511E+00
   1.2100E-04   1.4274E+03   3.0315E+02   1.0594E+05   1.2580E-05   4.3491E+00
   1.3100E-04   1.4221E+03   3.0315E+02   1.0569E+05   1.2625E-05   4.3485E+00
   1.4100E-04   1.4169E+03   3.0315E+02   1.0545E+05   1.2670E-05   4.3483E+00
   1.5100E-04   1.4118E+03   3.0315E+02   1.0522E+05   1.2716E-05   4.3481E+00
   1.6100E-04   1.4068E+03   3.0315E+02   1.0498E+05   1.2761E-05   4.3480E+00
   1.7100E-04   1.4017E+03   3.0315E+02   1.0475E+05   1.2807E-05   4.3481E+00
   1.8100E-04   1.3967E+03   3.0315E+02   1.0452E+05   1.2853E-05   4.3480E+00
   1.9100E-04   1.3917E+03   3.0315E+02   1.0429E+05   1.2899E-05   4.3479E+00
   2.0100E-04   1.3867E+03   3.0315E+02   1.0407E+05   1.2945E-05   4.3477E+00
   2.1100E-04   1.3818E+03   3.0315E+02   1.0385E+05   1.2993E-05   4.3486E+00
   2.2100E-04   1.3768E+03   3.0315E+02   1.0362E+05   1.3037E-05   4.3473E+00
   2.3100E-04   1.3719E+03   3.0315E+02   1.0339E+05   1.3082E-05   4.3470E+00
   2.4100E-04   1.3672E+03   3.0315E+02   1.0318E+05   1.3127E-05   4.3468E+00
   2.5100E-04   1.3625E+03   3.0315E+02   1.0296E+05   1.3171E-05   4.3465E+00
   2.6100E-04   1.3579E+03   3.0315E+02   1.0274E+05   1.3216E-05   4.3464E+00
   2.7100E-04   1.3533E+03   3.0315E+02   1.0253E+05   1.3260E-05   4.3461E+00
   2.8100E-04   1.3487E+03   3.0315E+02   1.0232E+05   1.3304E-05   4.3459E+00
   2.9100E-04   1.3442E+03   3.0315E+02   1.0211E+05   1.3349E-05   4.3460E+00
   3.0100E-04   1.3397E+03   3.0315E+02   1.0191E+05   1.3395E-05   4.3462E+00
   3.1100E-04   1.3352E+03   3.0315E+02   1.0170E+05   1.3440E-05   4.3462E+00
   3.2100E-04   1.3307E+03   3.0315E+02   1.0150E+05   1.3484E-05   4.3459E+00
   3.3100E-04   1.3262E+03   3.0315E+02   1.0130E+05   1.3529E-05   4.3457E+00
   3.4100E-04   1.3218E+03   3.0315E+02   1.0109E+05   1.3573E-05   4.3455E+00
   3.5100E-04   1.3175E+03   3.0315E+02   1.0090E+05   1.3617E-05   4.3453E+00
   3.6100E-04   1.3132E+03   3.0315E+02   1.0070E+05   1.3662E-05   4.3452E+00
   3.7100E-04   1.3089E+03   3.0315E+02   1.0050E+05   1.3706E-05   4.3451E+00
   3.8100E-04   1.3047E+03   3.0315E+02   1.0031E+05   1.3750E-05   4.3450E+00
   3.9100E-04   1.3004E+03   3.0315E+02   1.0012E+05   1.3794E-05   4.3448E+00
   4.0100E-04   1.2963E+03   3.0315E+02   9.9925E+04   1.3838E-05   4.3447E+00
   4.1100E-04   1.2921E+03   3.0315E+02   9.9735E+04   1.3882E-05   4.3445E+00
   4.2100E-04   1.2880E+03   3.0315E+02   9.9548E+04   1.3926E-05   4.3444E+00
   4.3100E-04   1.2839E+03   3.0315E+02   9.9362E+04   1.3970E-05   4.3443E+00
   4.4100E-04   1.2799E+03   3.0315E+02   9.9178E+04   1.4014E-05   4.3443E+00
   4.5100E-04   1.2758E+03   3.0315E+02   9.8993E+04   1.4057E-05   4.3438E+00
   4.6100E-04   1.2719E+03   3.0315E+02   9.8812E+04   1.4100E-05   4.3437E+00
   4.7100E-04   1.2680E+03   3.0315E+02   9.8631E+04   1.4142E-05   4.3430E+00
   4.8100E-04   1.2641E+03   3.0315E+02   9.8456E+04   1.4185E-05   4.3433E+00
   4.9100E-04   1.2603E+03   3.0315E+02   9.8282E+04   1.4229E-05   4.3436E+00
   5.0100E-04   1.2564E+03   3.0315E+02   9.8106E+04   1.4273E-05   4.3435E+00
   5.1100E-04   1.2526E+03   3.0315E+02   9.7932E+04   1.4317E-05   4.3435E+00
   5.2100E-04   1.2488E+03   3.0315E+02   9.7757E+04   1.4360E-05   4.3432E+00
   5.3100E-04   1.2450E+03   3.0315E+02   9.7585E+04   1.4403E-05   4.3430E+00
   5.4100E-04   1.2412E+03   3.0315E+02   9.7414E+04   1.4446E-05   4.3428E+00
   5.5100E-04   1.2375E+03   3.0315E+02   9.7245E+04   1.4488E-05   4.3427E+00
   5.6100E-04   1.2339E+03   3.0315E+02   9.7077E+04   1.4531E-05   4.3426E+00
   5.7100E-04   1.2302E+03   3.0315E+02   9.6911E+04   1.4574E-05   4.3425E+00
   5.8100E-04   1.2266E+03   3.0315E+02   9.6746E+04   1.4617E-05   4.3424E+00
   5.9100E-04   1.2230E+03   3.0315E+02   9.6581E+04   1.4659E-05   4.3423E+00
   6.0100E-04   1.2194E+03   3.0315E+02   9.6418E+04   1.4702E-05   4.3422E+00
   6.1100E-04   1.2159E+03   3.0315E+02   9.6256E+04   1.4745E-05   4.3421E+00
   6.2100E-04   1.2123E+03   3.0315E+02   9.6095E+04   1.4787E-05   4.3419E+00
   6.3100E-04   1.2088E+03   3.0315E+02   9.5936E+04   1.4830E-05   4.3419E+00
   6.4100E-04   1.2054E+03   3.0315E+02   9.5778E+04   1.4872E-05   4.3418E+00
   6.5100E-04   1.2019E+03   3.0315E+02   9.5621E+04   1.4915E-05   4.3418E+00
   6.6100E-04   1.1985E+03   3.0315E+02   9.5464E+04   1.4956E-05   4.3414E+00
   6.7100E-04   1.1951E+03   3.0315E+02   9.5310E+04   1.4998E-05   4.3412E+00
   6.8100E-04   1.1917E+03   3.0315E+02   9.5157E+04   1.5040E-05   4.3411E+00
   6.9100E-04   1.1884E+03   3.0315E+02   9.5006E+04   1.5082E-05   4.3411E+00
   7.0100E-04   1.1851E+03   3.0315E+02   9.4855E+04   1.5123E-05   4.3409E+00
   7.1100E-04   1.1818E+03   3.0315E+02   9.4705E+04   1.5165E-05   4.3408E+00
   7.2100E-04   1.1786E+03   3.0315E+02   9.4557E+04   1.5207E-05   4.3409E+00
   7.3100E-04   1.1753E+03   3.0315E+02   9.4409E+04   1.5249E-05   4.3407E+00
   7.4100E-04   1.1721E+03   3.0315E+02   9.4262E+04   1.5290E-05   4.3407E+00
   7.5100E-04   1.1689E+03   3.0315E+02   9.4116E+04   1.5332E-05   4.3406E+00
   7.6100E-04   1.1657E+03   3.0315E+02   9.3971E+04   1.5373E-05   4.3405E+00
   7.7100E-04   1.1625E+03   3.0315E+02   9.3826E+04   1.5414E-05   4.3403E+00
   7.8100E-04   1.1594E+03   3.0315E+02   9.3684E+04   1.5456E-05   4.3402E+00
   7.9100E-04   1.1563E+03   3.0315E+02   9.3542E+04   1.5497E-05   4.3401E+00
   8.0100E-04   1.1532E+03   3.0315E+02   9.3402E+04   1.5538E-05   4.3400E+00
   8.1100E-04   1.1501E+03   3.0315E+02   9.3262E+04   1.5579E-05   4.3399E+00
   8.2100E-04   1.1471E+03   3.0315E+02   9.3123E+04   1.5620E-05   4.3398E+00
   8.3100E-04   1.1441E+03   3.0315E+02   9.2985E+04   1.5661E-05   4.3397E+00
   8.4100E-04   1.1411E+03   3.0315E+02   9.2849E+04   1.5703E-05   4.3397E+00
   8.5100E-04   1.1381E+03   3.0315E+02   9.2712E+04   1.5743E-05   4.3396E+00
   8.6100E-04   1.1351E+03   3.0315E+02   9.2577E+04   1.5784E-05   4.3395E+00
   8.7100E-04   1.1321E+03   3.0315E+02   9.2443E+04   1.5825E-05   4.3395E+00
   8.8100E-04   1.1292E+03   3.0315E+02   9.2301E+04   1.5858E-05   4.3370E+00
   8.9100E-04   1.1266E+03   3.0315E+02   9.2181E+04   1.5901E-05   4.3388E+00
   9.0100E-04   1.1237E+03   3.0315E+02   9.2051E+04   1.5942E-05   4.3389E+00
   9.1100E-04   1.1209E+03   3.0315E+02   9.1921E+04   1.5982E-05   4.3389E+00
   9.2100E-04   1.1180E+03   3.0315E+02   9.1791E+04   1.6023E-05   4.3389E+00
   9.3100E-04   1.1152E+03   3.0315E+02   9.1661E+04   1.6063E-05   4.3388E+00
   9.4100E-04   1.1124E+03   3.0315E+02   9.1533E+04   1.6103E-05   4.3387E+00
   9.5100E-04   1.1096E+03   3.0315E+02   9.1405E+04   1.6144E-05   4.3386E+00
   9.6100E-04   1.1068E+03   3.0315E+02   9.1279E+04   1.6184E-05   4.3386E+00
   9.7100E-04   1.1041E+03   3.0315E+02   9.1154E+04   1.6225E-05   4.3388E+00
   9.8100E-04   1.1013E+03   3.0315E+02   9.1029E+04   1.6266E-05   4.3388E+00
   9.9100E-04   1.0985E+03   3.0315E+02   9.0904E+04   1.6307E-05   4.3387E+00
   1.0010E-03   1.0957E+03   3.0315E+02   9.0780E+04   1.6347E-05   4.3385E+00
   1.1010E-03   1.0930E+03   3.0315E+02   9.0656E+04   1.7027E-05   4.5076E+00
   1.2010E-03   1.0697E+03   3.0315E+02   8.9591E+04   1.7460E-05   4.5236E+00
   1.3010E-03   1.0449E+03   3.0315E+02   8.8481E+04   1.7867E-05   4.5220E+00
   1.4010E-03   1.0210E+03   3.0315E+02   8.7386E+04   1.8246E-05   4.5120E+00
   1.5010E-03   9.9865E+02   3.0315E+02   8.6376E+04   1.8633E-05   4.5069E+00
   1.6010E-03   9.7738E+02   3.0315E+02   8.5399E+04   1.8991E-05   4.4957E+00
   1.7010E-03   9.5776E+02   3.0315E+02   8.4509E+04   1.9368E-05   4.4929E+00
   1.8010E-03   9.3882E+02   3.0315E+02   8.3651E+04   1.9738E-05   4.4882E+00
   1.9010E-03   9.2073E+02   3.0315E+02   8.2830E+04   2.0096E-05   4.4816E+00
   2.0010E-03   9.0366E+02   3.0315E+02   8.2058E+04   2.0459E-05   4.4778E+00
   2.1010E-03   8.8727E+02   3.0315E+02   8.1312E+04   2.0803E-05   4.4707E+00
   2.2010E-03   8.7188E+02   3.0315E+02   8.0609E+04   2.1149E-05   4.4662E+00
   2.3010E-03   8.5719E+02   3.0315E+02   7.9941E+04   2.1497E-05   4.4632E+00
   2.4010E-03   8.4303E+02   3.0315E+02   7.9298E+04   2.1842E-05   4.4598E+00
   2.5010E-03   8.2942E+02   3.0315E+02   7.8682E+04   2.2176E-05   4.4549E+00
   2.6010E-03   8.1647E+02   3.0315E+02   7.8095E+04   2.2511E-05   4.4516E+00
   2.7010E-03   8.0403E+02   3.0315E+02   7.7531E+04   2.2844E-05   4.4487E+00
   2.8010E-03   7.9204E+02   3.0315E+02   7.6981E+04   2.3165E-05   4.4439E+00
   2.9010E-03   7.8065E+02   3.0315E+02   7.6461E+04   2.3489E-05   4.4412E+00
   3.0010E-03   7.6965E+02   3.0315E+02   7.5959E+04   2.3810E-05   4.4384E+00
   3.1010E-03   7.5904E+02   3.0315E+02   7.5477E+04   2.4129E-05   4.4359E+00
   3.2010E-03   7.4880E+02   3.0315E+02   7.5012E+04   2.4448E-05   4.4339E+00
   3.3010E-03   7.3885E+02   3.0315E+02   7.4560E+04   2.4758E-05   4.4306E+00
   3.4010E-03   7.2931E+02   3.0315E+02   7.4127E+04   2.5066E-05   4.4277E+00
   3.5010E-03   7.2013E+02   3.0315E+02   7.3708E+04   2.5372E-05   4.4253E+00
   3.6010E-03   7.1126E+02   3.0315E+02   7.3303E+04   2.5673E-05   4.4227E+00
   3.7010E-03   7.0271E+02   3.0315E+02   7.2912E+04   2.5974E-05   4.4207E+00
   3.8010E-03   6.9441E+02   3.0315E+02   7.2533E+04   2.6273E-05   4.4188E+00
   3.9010E-03   6.8636E+02   3.0315E+02   7.2165E+04   2.6568E-05   4.4167E+00
   4.0010E-03   6.7857E+02   3.0315E+02   7.1810E+04   2.6864E-05   4.4152E+00
   4.1010E-03   6.7098E+02   3.0315E+02   7.1463E+04   2.7155E-05   4.4130E+00
   4.2010E-03   6.6363E+02   3.0315E+02   7.1128E+04   2.7443E-05   4.4110E+00
   4.3010E-03   6.5652E+02   3.0315E+02   7.0806E+04   2.7731E-05   4.4096E+00
   4.4010E-03   6.4959E+02   3.0315E+02   7.0489E+04   2.8017E-05   4.4080E+00
   4.5010E-03   6.4284E+02   3.0315E+02   7.0180E+04   2.8296E-05   4.4057E+00
   4.6010E-03   6.3634E+02   3.0315E+02   6.9882E+04   2.8575E-05   4.4042E+00
   4.7010E-03   6.3000E+02   3.0315E+02   6.9592E+04   2.8855E-05   4.4030E+00
   4.8010E-03   6.2382E+02   3.0315E+02   6.9309E+04   2.9131E-05   4.4014E+00
   4.9010E-03   6.1780E+02   3.0315E+02   6.9034E+04   2.9404E-05   4.3998E+00
   5.0010E-03   6.1195E+02   3.0315E+02   6.8766E+04   2.9676E-05   4.3985E+00
   5.1010E-03   6.0625E+02   3.0315E+02   6.8505E+04   2.9946E-05   4.3972E+00
   5.2010E-03   6.0069E+02   3.0315E+02   6.8250E+04   3.0215E-05   4.3960E+00
   5.3010E-03   5.9526E+02   3.0315E+02   6.8001E+04   3.0481E-05   4.3947E+00
   5.4010E-03   5.8998E+02   3.0315E+02   6.7760E+04   3.0748E-05   4.3938E+00
   5.5010E-03   5.8479E+02   3.0315E+02   6.7523E+04   3.1009E-05   4.3921E+00
   5.6010E-03   5.7977E+02   3.0315E+02   6.7292E+04   3.1270E-05   4.3910E+00
   5.7010E-03   5.7486E+02   3.0315E+02   6.7066E+04   3.1528E-05   4.3898E+00
   5.8010E-03   5.7007E+02   3.0315E+02   6.6846E+04   3.1786E-05   4.3888E+00
   5.9010E-03   5.6538E+02   3.0315E+02   6.6631E+04   3.2041E-05   4.3877E+00
   6.0010E-03   5.6080E+02   3.0315E+02   6.6421E+04   3.2296E-05   4.3868E+00
   6.1010E-03   5.5632E+02   3.0315E+02   6.6215E+04   3.2549E-05   4.3858E+00
   6.2010E-03   5.5194E+02   3.0315E+02   6.6014E+04   3.2801E-05   4.3849E+00
   6.3010E-03   5.4764E+02   3.0315E+02   6.5816E+04   3.3050E-05   4.3839E+00
   6.4010E-03   5.4345E+02   3.0315E+02   6.5623E+04   3.3299E-05   4.3831E+00
   6.5010E-03   5.3933E+02   3.0315E+02   6.5434E+04   3.3545E-05   4.3820E+00
   6.6010E-03   5.3531E+02   3.0315E+02   6.5249E+04   3.3791E-05   4.3812E+00
   6.7010E-03   5.3137E+02   3.0315E+02   6.5067E+04   3.4036E-05   4.3805E+00
   6.8010E-03   5.2750E+02   3.0315E+02   6.4889E+04   3.4277E-05   4.3794E+00
   6.9010E-03   5.2373E+02   3.0315E+02   6.4715E+04   3.4520E-05   4.3788E+00
   7.0010E-03   5.2001E+02   3.0315E+02   6.4543E+04   3.4759E-05   4.3779E+00
   7.1010E-03   5.1638E+02   3.0315E+02   6.4376E+04   3.4998E-05   4.3771E+00
   7.2010E-03   5.1281E+02   3.0315E+02   6.4211E+04   3.5235E-05   4.3764E+00
   7.3010E-03   5.0931E+02   3.0315E+02   6.4050E+04   3.5470E-05   4.3755E+00
   7.4010E-03   5.0589E+02   3.0315E+02   6.3892E+04   3.5704E-05   4.3749E+00
   7.5010E-03   5.0253E+02   3.0315E+02   6.3737E+04   3.5937E-05   4.3741E+00
   7.6010E-03   4.9924E+02   3.0315E+02   6.3585E+04   3.6168E-05   4.3734E+00
   7.7010E-03   4.9600E+02   3.0315E+02   6.3437E+04   3.6403E-05   4.3733E+00
   7.8010E-03   4.9280E+02   3.0315E+02   6.3289E+04   3.6631E-05   4.3722E+00
   7.9010E-03   4.8967E+02   3.0315E+02   6.3141E+04   3.6856E-05   4.3712E+00
   8.0010E-03   4.8662E+02   3.0315E+02   6.3000E+04   3.7085E-05   4.3709E+00
   8.1010E-03   4.8361E+02   3.0315E+02   6.2861E+04   3.7310E-05   4.3702E+00
   8.2010E-03   4.8065E+02   3.0315E+02   6.2724E+04   3.7534E-05   4.3696E+00
   8.3010E-03   4.7774E+02   3.0315E+02   6.2589E+04   3.7758E-05   4.3691E+00
   8.4010E-03   4.7488E+02   3.0315E+02   6.2457E+04   3.7980E-05   4.3685E+00
   8.5010E-03   4.7207E+02   3.0315E+02   6.2327E+04   3.8201E-05   4.3679E+00
   8.6010E-03   4.6931E+02   3.0315E+02   6.2199E+04   3.8420E-05   4.3673E+00
   8.7010E-03   4.6660E+02   3.0315E+02   6.2073E+04   3.8640E-05   4.3668E+00
   8.8010E-03   4.6392E+02   3.0315E+02   6.1949E+04   3.8859E-05   4.3664E+00
   8.9010E-03   4.6129E+02   3.0315E+02   6.1827E+04   3.9075E-05   4.3658E+00
   9.0010E-03   4.5870E+02   3.0315E+02   6.1707E+04   3.9292E-05   4.3654E+00
   9.1010E-03   4.5615E+02   3.0315E+02   6.1587E+04   3.9507E-05   4.3648E+00
   9.2010E-03   4.5364E+02   3.0315E+02   6.1471E+04   3.9723E-05   4.3646E+00
   9.3010E-03   4.5116E+02   3.0315E+02   6.1356E+04   3.9934E-05   4.3638E+00
   9.4010E-03   4.4873E+02   3.0315E+02   6.1243E+04   4.0147E-05   4.3634E+00
   9.5010E-03   4.4633E+02   3.0315E+02   6.1131E+04   4.0358E-05   4.3629E+00
   9.6010E-03   4.4398E+02   3.0315E+02   6.1022E+04   4.0567E-05   4.3624E+00
   9.7010E-03   4.4166E+02   3.0315E+02   6.0914E+04   4.0778E-05   4.3621E+00
   9.8010E-03   4.3936E+02   3.0315E+02   6.0807E+04   4.0985E-05   4.3615E+00
   9.9010E-03   4.3711E+02   3.0315E+02   6.0702E+04   4.1193E-05   4.3612E+00
   1.0001E-02   4.3489E+02   3.0315E+02   6.0598E+04   4.1399E-05   4.3607E+00
   1.1001E-02   4.3270E+02   3.0315E+02   6.0496E+04   4.5241E-05   4.7414E+00
   1.2001E-02   4.1288E+02   3.0315E+02   5.9570E+04   4.7375E-05   4.7377E+00
   1.3001E-02   3.9412E+02   3.0315E+02   5.8687E+04   4.9202E-05   4.6968E+00
   1.4001E-02   3.7785E+02   3.0315E+02   5.7918E+04   5.1000E-05   4.6674E+00
   1.5001E-02   3.6338E+02   3.0315E+02   5.7234E+04   5.2714E-05   4.6397E+00
   1.6001E-02   3.5052E+02   3.0315E+02   5.6621E+04   5.4369E-05   4.6159E+00
   1.7001E-02   3.3897E+02   3.0315E+02   5.6065E+04   5.5984E-05   4.5965E+00
   1.8001E-02   3.2850E+02   3.0315E+02   5.5560E+04   5.7514E-05   4.5763E+00
   1.9001E-02   3.1906E+02   3.0315E+02   5.5102E+04   5.9040E-05   4.5626E+00
   2.0001E-02   3.1035E+02   3.0315E+02   5.4678E+04   6.0494E-05   4.5474E+00
   2.1001E-02   3.0238E+02   3.0315E+02   5.4287E+04   6.1914E-05   4.5347E+00
   2.2001E-02   2.9503E+02   3.0315E+02   5.3923E+04   6.3309E-05   4.5242E+00
   2.3001E-02   2.8820E+02   3.0315E+02   5.3584E+04   6.4636E-05   4.5120E+00
   2.4001E-02   2.8190E+02   3.0315E+02   5.3270E+04   6.5966E-05   4.5042E+00
   2.5001E-02   2.7598E+02   3.0315E+02   5.2969E+04   6.7222E-05   4.4936E+00
   2.6001E-02   2.7050E+02   3.0315E+02   5.2691E+04   6.8469E-05   4.4861E+00
   2.7001E-02   2.6535E+02   3.0315E+02   5.2428E+04   6.9691E-05   4.4793E+00
   2.8001E-02   2.6050E+02   3.0315E+02   5.2180E+04   7.0869E-05   4.4717E+00
   2.9001E-02   2.5595E+02   3.0315E+02   5.1946E+04   7.2019E-05   4.4649E+00
   3.0001E-02   2.5167E+02   3.0315E+02   5.1724E+04   7.3149E-05   4.4592E+00
   3.1001E-02   2.4762E+02   3.0315E+02   5.1511E+04   7.4252E-05   4.4537E+00
   3.2001E-02   2.4379E+02   3.0315E+02   5.1309E+04   7.5326E-05   4.4482E+00
   3.3001E-02   2.4017E+02   3.0315E+02   5.1118E+04   7.6380E-05   4.4434E+00
   3.4001E-02   2.3673E+02   3.0315E+02   5.0934E+04   7.7412E-05   4.4389E+00
   3.5001E-02   2.3345E+02   3.0315E+02   5.0758E+04   7.8424E-05   4.4347E+00
   3.6001E-02   2.3033E+02   3.0315E+02   5.0588E+04   7.9409E-05   4.4304E+00
   3.7001E-02   2.2736E+02   3.0315E+02   5.0426E+04   8.0374E-05   4.4265E+00
   3.8001E-02   2.2453E+02   3.0315E+02   5.0271E+04   8.1316E-05   4.4226E+00
   3.9001E-02   2.2183E+02   3.0315E+02   5.0122E+04   8.2239E-05   4.4191E+00
   4.0001E-02   2.1925E+02   3.0315E+02   4.9979E+04   8.3148E-05   4.4160E+00
   4.1001E-02   2.1678E+02   3.0315E+02   4.9841E+04   8.4044E-05   4.4133E+00
   4.2001E-02   2.1440E+02   3.0315E+02   4.9707E+04   8.4907E-05   4.4097E+00
   4.3001E-02   2.1214E+02   3.0315E+02   4.9579E+04   8.5764E-05   4.4071E+00
   4.4001E-02   2.0995E+02   3.0315E+02   4.9455E+04   8.6601E-05   4.4044E+00
   4.5001E-02   2.0786E+02   3.0315E+02   4.9335E+04   8.7417E-05   4.4016E+00
   4.6001E-02   2.0585E+02   3.0315E+02   4.9219E+04   8.8219E-05   4.3990E+00
   4.7001E-02   2.0392E+02   3.0315E+02   4.9107E+04   8.9006E-05   4.3967E+00
   4.8001E-02   2.0206E+02   3.0315E+02   4.8998E+04   8.9785E-05   4.3948E+00
   4.9001E-02   2.0027E+02   3.0315E+02   4.8893E+04   9.0545E-05   4.3925E+00
   5.0001E-02   1.9854E+02   3.0315E+02   4.8790E+04   9.1288E-05   4.3903E+00
   5.1001E-02   1.9687E+02   3.0315E+02   4.8691E+04   9.2017E-05   4.3883E+00
   5.2001E-02   1.9526E+02   3.0315E+02   4.8595E+04   9.2730E-05   4.3862E+00
   5.3001E-02   1.9371E+02   3.0315E+02   4.8502E+04   9.3432E-05   4.3844E+00
   5.4001E-02   1.9222E+02   3.0315E+02   4.8412E+04   9.4124E-05   4.3828E+00
   5.5001E-02   1.9077E+02   3.0315E+02   4.8324E+04   9.4795E-05   4.3808E+00
   5.6001E-02   1.8938E+02   3.0315E+02   4.8238E+04   9.5459E-05   4.3792E+00
   5.7001E-02   1.8802E+02   3.0315E+02   4.8155E+04   9.6109E-05   4.3776E+00
   5.8001E-02   1.8672E+02   3.0315E+02   4.8075E+04   9.6748E-05   4.3760E+00
   5.9001E-02   1.8545E+02   3.0315E+02   4.7996E+04   9.7373E-05   4.3745E+00
   6.0001E-02   1.8423E+02   3.0315E+02   4.7920E+04   9.7992E-05   4.3733E+00
   6.1001E-02   1.8304E+02   3.0315E+02   4.7845E+04   9.8595E-05   4.3718E+00
   6.2001E-02   1.8189E+02   3.0315E+02   4.7773E+04   9.9184E-05   4.3702E+00
   6.3001E-02   1.8077E+02   3.0315E+02   4.7703E+04   9.9764E-05   4.3689E+00
   6.4001E-02   1.7969E+02   3.0315E+02   4.7634E+04   1.0033E-04   4.3677E+00
   6.5001E-02   1.7865E+02   3.0315E+02   4.7567E+04   1.0090E-04   4.3666E+00
   6.6001E-02   1.7763E+02   3.0315E+02   4.7502E+04   1.0145E-04   4.3654E+00
   6.7001E-02   1.7664E+02   3.0315E+02   4.7438E+04   1.0199E-04   4.3641E+00
   6.8001E-02   1.7568E+02   3.0315E+02   4.7375E+04   1.0252E-04   4.3632E+00
   6.9001E-02   1.7475E+02   3.0315E+02   4.7314E+04   1.0304E-04   4.3620E+00
   7.0001E-02   1.7384E+02   3.0315E+02   4.7255E+04   1.0355E-04   4.3611E+00
   7.1001E-02   1.7296E+02   3.0315E+02   4.7196E+04   1.0405E-04   4.3599E+00
   7.2001E-02   1.7211E+02   3.0315E+02   4.7139E+04   1.0455E-04   4.3590E+00
   7.3001E-02   1.7127E+02   3.0315E+02   4.7084E+04   1.0503E-04   4.3579E+00
   7.4001E-02   1.7047E+02   3.0315E+02   4.7030E+04   1.0550E-04   4.3570E+00
   7.5001E-02   1.6968E+02   3.0315E+02   4.6977E+04   1.0597E-04   4.3560E+00
   7.6001E-02   1.6892E+02   3.0315E+02   4.6925E+04   1.0642E-04   4.3551E+00
   7.7001E-02   1.6818E+02   3.0315E+02   4.6875E+04   1.0687E-04   4.3544E+00
   7.8001E-02   1.6745E+02   3.0315E+02   4.6826E+04   1.0731E-04   4.3535E+00
   7.9001E-02   1.6675E+02   3.0315E+02   4.6778E+04   1.0775E-04   4.3527E+00
   8.0001E-02   1.6606E+02   3.0315E+02   4.6731E+04   1.0817E-04   4.3519E+00
   8.1001E-02   1.6539E+02   3.0315E+02   4.6685E+04   1.0859E-04   4.3511E+00
   8.2001E-02   1.6474E+02   3.0315E+02   4.6641E+04   1.0900E-04   4.3504E+00
   8.3001E-02   1.6411E+02   3.0315E+02   4.6597E+04   1.0940E-04   4.3498E+00
   8.4001E-02   1.6349E+02   3.0315E+02   4.6553E+04   1.0980E-04   4.3490E+00
   8.5001E-02   1.6289E+02   3.0315E+02   4.6511E+04   1.1019E-04   4.3483E+00
   8.6001E-02   1.6230E+02   3.0315E+02   4.6470E+04   1.1057E-04   4.3475E+00
   8.7001E-02   1.6173E+02   3.0315E+02   4.6430E+04   1.1094E-04   4.3470E+00
   8.8001E-02   1.6117E+02   3.0315E+02   4.6390E+04   1.1131E-04   4.3463E+00
   8.9001E-02   1.6062E+02   3.0315E+02   4.6351E+04   1.1167E-04   4.3457E+00
   9.0001E-02   1.6009E+02   3.0315E+02   4.6314E+04   1.1203E-04   4.3451E+00
   9.1001E-02   1.5957E+02   3.0315E+02   4.6276E+04   1.1238E-04   4.3444E+00
   9.2001E-02   1.5906E+02   3.0315E+02   4.6240E+04   1.1272E-04   4.3438E+00
   9.3001E-02   1.5857E+02   3.0315E+02   4.6205E+04   1.1305E-04   4.3433E+00
   9.4001E-02   1.5809E+02   3.0315E+02   4.6170E+04   1.1338E-04   4.3427E+00
   9.5001E-02   1.5762E+02   3.0315E+02   4.6136E+04   1.1371E-04   4.3422E+00
   9.6001E-02   1.5716E+02   3.0315E+02   4.6103E+04   1.1402E-04   4.3416E+00
   9.7001E-02   1.5671E+02   3.0315E+02   4.6070E+04   1.1433E-04   4.3410E+00
   9.8001E-02   1.5628E+02   3.0315E+02   4.6039E+04   1.1464E-04   4.3406E+00
   9.9001E-02   1.5585E+02   3.0315E+02   4.6008E+04   1.1494E-04   4.3401E+00
   1.0000E-01   1.5543E+02   3.0315E+02   4.5977E+04   1.1523E-04   4.3396E+00
   1.1000E-01   1.5503E+02   3.0315E+02   4.5947E+04   1.2065E-04   4.5320E+00
   1.2000E-01   1.5131E+02   3.0315E+02   4.5670E+04   1.2265E-04   4.4965E+00
   1.3000E-01   1.4825E+02   3.0315E+02   4.5436E+04   1.2418E-04   4.4609E+00
   1.4000E-01   1.4584E+02   3.0315E+02   4.5247E+04   1.2543E-04   4.4326E+00
   1.5000E-01   1.4393E+02   3.0315E+02   4.5095E+04   1.2641E-04   4.4089E+00
   1.6000E-01   1.4242E+02   3.0315E+02   4.4973E+04   1.2723E-04   4.3912E+00
   1.7000E-01   1.4121E+02   3.0315E+02   4.4874E+04   1.2791E-04   4.3773E+00
   1.8000E-01   1.4023E+02   3.0315E+02   4.4792E+04   1.2849E-04   4.3670E+00
   1.9000E-01   1.3942E+02   3.0315E+02   4.4725E+04   1.2893E-04   4.3569E+00
   2.0000E-01   1.3878E+02   3.0315E+02   4.4671E+04   1.2929E-04   4.3492E+00
   2.1000E-01   1.3827E+02   3.0315E+02   4.4628E+04   1.2959E-04   4.3431E+00
   2.2000E-01   1.3785E+02   3.0315E+02   4.4592E+04   1.2983E-04   4.3384E+00
   2.3000E-01   1.3751E+02   3.0315E+02   4.4563E+04   1.3003E-04   4.3344E+00
   2.4000E-01   1.3723E+02   3.0315E+02   4.4539E+04   1.3019E-04   4.3310E+00
   2.5000E-01   1.3701E+02   3.0315E+02   4.4519E+04   1.3032E-04   4.3285E+00
   2.6000E-01   1.3683E+02   3.0315E+02   4.4503E+04   1.3042E-04   4.3263E+00
   2.7000E-01   1.3668E+02   3.0315E+02   4.4490E+04   1.3051E-04   4.3246E+00
   2.8000E-01   1.3656E+02   3.0315E+02   4.4480E+04   1.3058E-04   4.3232E+00
   2.9000E-01   1.3646E+02   3.0315E+02   4.4471E+04   1.3063E-04   4.3221E+00
   3.0000E-01   1.3646E+02   3.0315E+02   4.4471E+04   1.3076E-04   4.3266E+00
   3.1000E-01   1.3631E+02   3.0315E+02   4.4457E+04   1.3072E-04   4.3206E+00
   3.2000E-01   1.3631E+02   3.0315E+02   4.4457E+04   1.3081E-04   4.3235E+00
   3.3000E-01   1.3620E+02   3.0315E+02   4.4447E+04   1.3078E-04   4.3194E+00
   3.4000E-01   1.3620E+02   3.0315E+02   4.4447E+04   1.3083E-04   4.3213E+00
   3.5000E-01   1.3620E+02   3.0315E+02   4.4447E+04   1.3088E-04   4.3230E+00
   3.6000E-01   1.3620E+02   3.0315E+02   4.4447E+04   1.3092E-04   4.3247E+00
   3.7000E-01   1.3608E+02   3.0315E+02   4.4434E+04   1.3085E-04   4.3187E+00
   3.8000E-01   1.3608E+02   3.0315E+02   4.4434E+04   1.3087E-04   4.3193E+00
   3.9000E-01   1.3608E+02   3.0315E+02   4.4434E+04   1.3088E-04   4.3199E+00
   4.0000E-01   1.3608E+02   3.0315E+02   4.4434E+04   1.3089E-04   4.3204E+00
   4.1000E-01   1.3608E+02   3.0315E+02   4.4434E+04   1.3091E-04   4.3210E+00
   4.2000E-01   1.3608E+02   3.0315E+02   4.4434E+04   1.3092E-04   4.3216E+00
   4.3000E-01   1.3608E+02   3.0315E+02   4.4434E+04   1.3093E-04   4.3221E+00
   4.4000E-01   1.3608E+02   3.0315E+02   4.4434E+04   1.3094E-04   4.3227E+00
   4.5000E-01   1.3608E+02   3.0315E+02   4.4434E+04   1.3095E-04   4.3233E+00
   4.6000E-01   1.3608E+02   3.0315E+02   4.4434E+04   1.3097E-04   4.3238E+00
   4.7000E-01   1.3608E+02   3.0315E+02   4.4434E+04   1.3098E-04   4.3244E+00
   4.8000E-01   1.3608E+02   3.0315E+02   4.4434E+04   1.3099E-04   4.3250E+00
   4.9000E-01   1.3608E+02   3.0315E+02   4.4434E+04   1.3101E-04   4.3256E+00
   5.0000E-01   1.3595E+02   3.0315E+02   4.4417E+04   1.3090E-04   4.3181E+00
   5.1000E-01   1.3595E+02   3.0315E+02   4.4417E+04   1.3088E-04   4.3175E+00
   5.2000E-01   1.3595E+02   3.0315E+02   4.4417E+04   1.3086E-04   4.3170E+00
   5.3000E-01   1.3595E+02   3.0315E+02   4.4417E+04   1.3085E-04   4.3166E+00
   5.4000E-01   1.3595E+02   3.0315E+02   4.4417E+04   1.3083E-04   4.3163E+00
   5.5000E-01   1.3596E+02   3.0315E+02   4.4417E+04   1.3083E-04   4.3167E+00
   5.6000E-01   1.3596E+02   3.0315E+02   4.4415E+04   1.3083E-04   4.3168E+00
   5.7000E-01   1.3596E+02   3.0315E+02   4.4415E+04   1.3082E-04   4.3167E+00
   5.8000E-01   1.3596E+02   3.0315E+02   4.4415E+04   1.3081E-04   4.3166E+00
   5.9000E-01   1.3596E+02   3.0315E+02   4.4415E+04   1.3081E-04   4.3166E+00
   6.0000E-01   1.3596E+02   3.0315E+02   4.4415E+04   1.3081E-04   4.3167E+00
   6.1000E-01   1.3596E+02   3.0315E+02   4.4415E+04   1.3080E-04   4.3168E+00
   6.2000E-01   1.3596E+02   3.0315E+02   4.4415E+04   1.3080E-04   4.3169E+00
   6.3000E-01   1.3596E+02   3.0315E+02   4.4415E+04   1.3081E-04   4.3171E+00
   6.4000E-01   1.3595E+02   3.0315E+02   4.4417E+04   1.3079E-04   4.3165E+00
   6.5000E-01   1.3595E+02   3.0315E+02   4.4417E+04   1.3080E-04   4.3168E+00
   6.6000E-01   1.3595E+02   3.0315E+02   4.4417E+04   1.3080E-04   4.3172E+00
   6.7000E-01   1.3595E+02   3.0315E+02   4.4417E+04   1.3081E-04   4.3176E+00
   6.8000E-01   1.3593E+02   3.0315E+02   4.4407E+04   1.3084E-04   4.3184E+00
   6.9000E-01   1.3593E+02   3.0315E+02   4.4407E+04   1.3084E-04   4.3184E+00
   7.0000E-01   1.3593E+02   3.0315E+02   4.4407E+04   1.3083E-04   4.3184E+00
   7.1000E-01   1.3593E+02   3.0315E+02   4.4407E+04   1.3083E-04   4.3186E+00
   7.2000E-01   1.3593E+02   3.0315E+02   4.4407E+04   1.3083E-04   4.3188E+00
   7.3000E-01   1.3591E+02   3.0315E+02   4.4407E+04   1.3081E-04   4.3172E+00
   7.4000E-01   1.3593E+02   3.0315E+02   4.4407E+04   1.3084E-04   4.3194E+00
   7.5000E-01   1.3593E+02   3.0315E+02   4.4407E+04   1.3085E-04   4.3197E+00
   7.6000E-01   1.3589E+02   3.0315E+02   4.4407E+04   1.3082E-04   4.3173E+00
   7.7000E-01   1.3593E+02   3.0315E+02   4.4407E+04   1.3087E-04   4.3206E+00
   7.8000E-01   1.3593E+02   3.0315E+02   4.4407E+04   1.3088E-04   4.3211E+00
   7.9000E-01   1.3587E+02   3.0315E+02   4.4407E+04   1.3083E-04   4.3175E+00
   8.0000E-01   1.3593E+02   3.0315E+02   4.4407E+04   1.3090E-04   4.3222E+00
   8.1000E-01   1.3585E+02   3.0315E+02   4.4407E+04   1.3084E-04   4.3175E+00
   8.2000E-01   1.3584E+02   3.0315E+02   4.4407E+04   1.3084E-04   4.3176E+00
   8.3000E-01   1.3583E+02   3.0315E+02   4.4390E+04   1.3086E-04   4.3180E+00
   8.4000E-01   1.3582E+02   3.0315E+02   4.4389E+04   1.3082E-04   4.3164E+00
   8.5000E-01   1.3583E+02   3.0315E+02   4.4390E+04   1.3083E-04   4.3174E+00
   8.6000E-01   1.3583E+02   3.0315E+02   4.4390E+04   1.3083E-04   4.3173E+00
   8.7000E-01   1.3583E+02   3.0315E+02   4.4390E+04   1.3082E-04   4.3173E+00
   8.8000E-01   1.3583E+02   3.0315E+02   4.4390E+04   1.3082E-04   4.3174E+00
   8.9000E-01   1.3583E+02   3.0315E+02   4.4390E+04   1.3082E-04   4.3175E+00
   9.0000E-01   1.3583E+02   3.0315E+02   4.4390E+04   1.3082E-04   4.3177E+00
   9.1000E-01   1.3582E+02   3.0315E+02   4.4390E+04   1.3081E-04   4.3172E+00
   9.2000E-01   1.3582E+02   3.0315E+02   4.4389E+04   1.3081E-04   4.3171E+00
   9.3000E-01   1.3581E+02   3.0315E+02   4.4389E+04   1.3081E-04   4.3173E+00
   9.4000E-01   1.3582E+02   3.0315E+02   4.4389E+04   1.3083E-04   4.3180E+00
   9.5000E-01   1.3582E+02   3.0315E+02   4.4389E+04   1.3084E-04   4.3185E+00
   9.6000E-01   1.3582E+02   3.0315E+02   4.4389E+04   1.3085E-04   4.3190E+00
   9.7000E-01   1.3582E+02   3.0315E+02   4.4389E+04   1.3086E-04   4.3196E+00
   9.8000E-01   1.3582E+02   3.0315E+02   4.4389E+04   1.3088E-04   4.3203E+00
   9.9000E-01   1.3582E+02   3.0315E+02   4.4389E+04   1.3089E-04   4.3209E+00
   1.0000E+00   1.3582E+02   3.0315E+02   4.4389E+04   1.3091E-04   4.3217E+00
   1.1000E+00   1.3574E+02   3.0315E+02   4.4374E+04   1.3092E-04   4.3210E+00
   1.2000E+00   1.3568E+02   3.0315E+02   4.4361E+04   1.3096E-04   4.3218E+00
   1.3000E+00   1.3568E+02   3.0315E+02   4.4352E+04   1.3125E-04   4.3326E+00
   1.4000E+00   1.3543E+02   3.0315E+02   4.4331E+04   1.3094E-04   4.3160E+00
   1.5000E+00   1.3543E+02   3.0315E+02   4.4321E+04   1.3117E-04   4.3249E+00
   1.6000E+00   1.3531E+02   3.0315E+02   4.4308E+04   1.3117E-04   4.3223E+00
   1.7000E+00   1.3522E+02   3.0315E+02   4.4294E+04   1.3128E-04   4.3248E+00
   1.8000E+00   1.3510E+02   3.0315E+02   4.4278E+04   1.3135E-04   4.3243E+00
   1.9000E+00   1.3498E+02   3.0315E+02   4.4263E+04   1.3146E-04   4.3257E+00
   2.0000E+00   1.3485E+02   3.0315E+02   4.4244E+04   1.3154E-04   4.3251E+00
   2.1000E+00   1.3472E+02   3.0315E+02   4.4227E+04   1.3166E-04   4.3262E+00
   2.2000E+00   1.3458E+02   3.0315E+02   4.4210E+04   1.3174E-04   4.3258E+00
   2.3000E+00   1.3444E+02   3.0315E+02   4.4191E+04   1.3188E-04   4.3272E+00
   2.4000E+00   1.3428E+02   3.0315E+02   4.4172E+04   1.3199E-04   4.3267E+00
   2.5000E+00   1.3413E+02   3.0315E+02   4.4151E+04   1.3213E-04   4.3279E+00
   2.6000E+00   1.3396E+02   3.0315E+02   4.4132E+04   1.3225E-04   4.3274E+00
   2.7000E+00   1.3379E+02   3.0315E+02   4.4111E+04   1.3239E-04   4.3281E+00
   2.8000E+00   1.3362E+02   3.0315E+02   4.4089E+04   1.3256E-04   4.3295E+00
   2.9000E+00   1.3343E+02   3.0315E+02   4.4066E+04   1.3271E-04   4.3293E+00
   3.0000E+00   1.3324E+02   3.0315E+02   4.4045E+04   1.3282E-04   4.3279E+00
   3.1000E+00   1.3307E+02   3.0315E+02   4.4022E+04   1.3304E-04   4.3309E+00
   3.2000E+00   1.3285E+02   3.0315E+02   4.3997E+04   1.3320E-04   4.3303E+00
   3.3000E+00   1.3265E+02   3.0315E+02   4.3974E+04   1.3333E-04   4.3292E+00
   3.4000E+00   1.3246E+02   3.0315E+02   4.3951E+04   1.3354E-04   4.3311E+00
   3.5000E+00   1.3224E+02   3.0315E+02   4.3926E+04   1.3370E-04   4.3304E+00
   3.6000E+00   1.3204E+02   3.0315E+02   4.3898E+04   1.3400E-04   4.3346E+00
   3.7000E+00   1.3177E+02   3.0315E+02   4.3872E+04   1.3404E-04   4.3281E+00
   3.8000E+00   1.3160E+02   3.0315E+02   4.3849E+04   1.3433E-04   4.3330E+00
   3.9000E+00   1.3135E+02   3.0315E+02   4.3819E+04   1.3461E-04   4.3353E+00
   4.0000E+00   1.3108E+02   3.0315E+02   4.3790E+04   1.3467E-04   4.3291E+00
   4.1000E+00   1.3089E+02   3.0315E+02   4.3766E+04   1.3501E-04   4.3352E+00
   4.2000E+00   1.3062E+02   3.0315E+02   4.3737E+04   1.3514E-04   4.3314E+00
   4.3000E+00   1.3040E+02   3.0315E+02   4.3709E+04   1.3542E-04   4.3345E+00
   4.4000E+00   1.3013E+02   3.0315E+02   4.3679E+04   1.3565E-04   4.3343E+00
   4.5000E+00   1.2987E+02   3.0315E+02   4.3649E+04   1.3587E-04   4.3337E+00
   4.6000E+00   1.2962E+02   3.0315E+02   4.3618E+04   1.3620E-04   4.3369E+00
   4.7000E+00   1.2932E+02   3.0315E+02   4.3587E+04   1.3633E-04   4.3323E+00
   4.8000E+00   1.2909E+02   3.0315E+02   4.3558E+04   1.3666E-04   4.3362E+00
   4.9000E+00   1.2881E+02   3.0315E+02   4.3524E+04   1.3695E-04   4.3370E+00
   5.0000E+00   1.2851E+02   3.0315E+02   4.3492E+04   1.3711E-04   4.3332E+00
   5.1000E+00   1.2827E+02   3.0315E+02   4.3464E+04   1.3745E-04   4.3367E+00
   5.2000E+00   1.2797E+02   3.0315E+02   4.3429E+04   1.3771E-04   4.3364E+00
   5.3000E+00   1.2769E+02   3.0315E+02   4.3394E+04   1.3805E-04   4.3383E+00
   5.4000E+00   1.2737E+02   3.0315E+02   4.3360E+04   1.3824E-04   4.3349E+00
   5.5000E+00   1.2711E+02   3.0315E+02   4.3327E+04   1.3862E-04   4.3388E+00
   5.6000E+00   1.2679E+02   3.0315E+02   4.3290E+04   1.3891E-04   4.3382E+00
   5.7000E+00   1.2648E+02   3.0315E+02   4.3254E+04   1.3916E-04   4.3365E+00
   5.8000E+00   1.2619E+02   3.0315E+02   4.3221E+04   1.3949E-04   4.3381E+00
   5.9000E+00   1.2588E+02   3.0315E+02   4.3183E+04   1.3989E-04   4.3409E+00
   6.0000E+00   1.2553E+02   3.0315E+02   4.3145E+04   1.4006E-04   4.3355E+00
   6.1000E+00   1.2527E+02   3.0315E+02   4.3110E+04   1.4054E-04   4.3420E+00
   6.2000E+00   1.2490E+02   3.0315E+02   4.3069E+04   1.4076E-04   4.3375E+00
   6.3000E+00   1.2461E+02   3.0315E+02   4.3034E+04   1.4113E-04   4.3395E+00
   6.4000E+00   1.2428E+02   3.0315E+02   4.2997E+04   1.4144E-04   4.3389E+00
   6.5000E+00   1.2397E+02   3.0315E+02   4.2959E+04   1.4182E-04   4.3407E+00
   6.6000E+00   1.2363E+02   3.0315E+02   4.2919E+04   1.4214E-04   4.3398E+00
   6.7000E+00   1.2330E+02   3.0315E+02   4.2880E+04   1.4252E-04   4.3410E+00
   6.8000E+00   1.2296E+02   3.0315E+02   4.2839E+04   1.4292E-04   4.3421E+00
   6.9000E+00   1.2260E+02   3.0315E+02   4.2796E+04   1.4324E-04   4.3403E+00
   7.0000E+00   1.2227E+02   3.0315E+02   4.2756E+04   1.4360E-04   4.3406E+00
   7.1000E+00   1.2194E+02   3.0315E+02   4.2716E+04   1.4404E-04   4.3432E+00
   7.2000E+00   1.2157E+02   3.0315E+02   4.2672E+04   1.4440E-04   4.3418E+00
   7.3000E+00   1.2122E+02   3.0315E+02   4.2630E+04   1.4476E-04   4.3412E+00
   7.4000E+00   1.2088E+02   3.0315E+02   4.2589E+04   1.4513E-04   4.3413E+00
   7.5000E+00   1.2054E+02   3.0315E+02   4.2546E+04   1.4560E-04   4.3441E+00
   7.6000E+00   1.2016E+02   3.0315E+02   4.2501E+04   1.4592E-04   4.3412E+00
   7.7000E+00   1.1982E+02   3.0315E+02   4.2459E+04   1.4639E-04   4.3441E+00
   7.8000E+00   1.1945E+02   3.0315E+02   4.2413E+04   1.4676E-04   4.3425E+00
   7.9000E+00   1.1910E+02   3.0315E+02   4.2369E+04   1.4720E-04   4.3439E+00
   8.0000E+00   1.1873E+02   3.0315E+02   4.2323E+04   1.4759E-04   4.3428E+00
   8.1000E+00   1.1837E+02   3.0315E+02   4.2277E+04   1.4811E-04   4.3461E+00
   8.2000E+00   1.1797E+02   3.0315E+02   4.2230E+04   1.4843E-04   4.3421E+00
   8.3000E+00   1.1763E+02   3.0315E+02   4.2186E+04   1.4891E-04   4.3446E+00
   8.4000E+00   1.1726E+02   3.0315E+02   4.2139E+04   1.4932E-04   4.3436E+00
   8.5000E+00   1.1690E+02   3.0315E+02   4.2094E+04   1.4979E-04   4.3452E+00
   8.6000E+00   1.1652E+02   3.0315E+02   4.2044E+04   1.5028E-04   4.3460E+00
   8.7000E+00   1.1613E+02   3.0315E+02   4.1994E+04   1.5073E-04   4.3456E+00
   8.8000E+00   1.1574E+02   3.0315E+02   4.1947E+04   1.5111E-04   4.3432E+00
   8.9000E+00   1.1539E+02   3.0315E+02   4.1901E+04   1.5162E-04   4.3458E+00
   9.0000E+00   1.1501E+02   3.0315E+02   4.1851E+04   1.5209E-04   4.3459E+00
   9.1000E+00   1.1462E+02   3.0315E+02   4.1801E+04   1.5254E-04   4.3450E+00
   9.2000E+00   1.1425E+02   3.0315E+02   4.1752E+04   1.5307E-04   4.3472E+00
   9.3000E+00   1.1385E+02   3.0315E+02   4.1701E+04   1.5348E-04   4.3447E+00
   9.4000E+00   1.1349E+02   3.0315E+02   4.1652E+04   1.5402E-04   4.3472E+00
   9.5000E+00   1.1309E+02   3.0315E+02   4.1600E+04   1.5450E-04   4.3466E+00
   9.6000E+00   1.1271E+02   3.0315E+02   4.1548E+04   1.5499E-04   4.3465E+00
   9.7000E+00   1.1232E+02   3.0315E+02   4.1497E+04   1.5550E-04   4.3468E+00
   9.8000E+00   1.1194E+02   3.0315E+02   4.1446E+04   1.5599E-04   4.3467E+00
   9.9000E+00   1.1155E+02   3.0315E+02   4.1394E+04   1.5651E-04   4.3471E+00
   1.0000E+01   1.1117E+02   3.0315E+02   4.1342E+04   1.5701E-04   4.3469E+00
   1.0100E+01   1.1078E+02   3.0315E+02   4.1289E+04   1.5753E-04   4.3474E+00
   1.0200E+01   1.1039E+02   3.0315E+02   4.1237E+04   1.5801E-04   4.3462E+00
   1.0300E+01   1.1002E+02   3.0315E+02   4.1184E+04   1.5861E-04   4.3493E+00
   1.0400E+01   1.0961E+02   3.0315E+02   4.1129E+04   1.5904E-04   4.3458E+00
   1.0500E+01   1.0925E+02   3.0315E+02   4.1078E+04   1.5964E-04   4.3486E+00
   1.0600E+01   1.0885E+02   3.0315E+02   4.1023E+04   1.6016E-04   4.3479E+00
   1.0700E+01   1.0846E+02   3.0315E+02   4.0969E+04   1.6071E-04   4.3483E+00
   1.0800E+01   1.0807E+02   3.0315E+02   4.0914E+04   1.6120E-04   4.3467E+00
   1.0900E+01   1.0770E+02   3.0315E+02   4.0862E+04   1.6178E-04   4.3485E+00
   1.1000E+01   1.0731E+02   3.0315E+02   4.0805E+04   1.6234E-04   4.3486E+00
   1.1100E+01   1.0691E+02   3.0315E+02   4.0751E+04   1.6285E-04   4.3475E+00
   1.1200E+01   1.0654E+02   3.0315E+02   4.0697E+04   1.6341E-04   4.3480E+00
   1.1300E+01   1.0616E+02   3.0315E+02   4.0641E+04   1.6401E-04   4.3492E+00
   1.1400E+01   1.0576E+02   3.0315E+02   4.0584E+04   1.6456E-04   4.3488E+00
   1.1500E+01   1.0537E+02   3.0315E+02   4.0528E+04   1.6508E-04   4.3474E+00
   1.1600E+01   1.0500E+02   3.0315E+02   4.0473E+04   1.6571E-04   4.3496E+00
   1.1700E+01   1.0461E+02   3.0315E+02   4.0416E+04   1.6624E-04   4.3481E+00
   1.1800E+01   1.0423E+02   3.0315E+02   4.0361E+04   1.6677E-04   4.3473E+00
   1.1900E+01   1.0387E+02   3.0315E+02   4.0306E+04   1.6737E-04   4.3486E+00
   1.2000E+01   1.0349E+02   3.0315E+02   4.0249E+04   1.6797E-04   4.3493E+00
   1.2100E+01   1.0310E+02   3.0315E+02   4.0191E+04   1.6855E-04   4.3491E+00
   1.2200E+01   1.0272E+02   3.0315E+02   4.0134E+04   1.6908E-04   4.3476E+00
   1.2300E+01   1.0236E+02   3.0315E+02   4.0078E+04   1.6972E-04   4.3496E+00
   1.2400E+01   1.0198E+02   3.0315E+02   4.0019E+04   1.7030E-04   4.3489E+00
   1.2500E+01   1.0160E+02   3.0315E+02   3.9962E+04   1.7090E-04   4.3491E+00
   1.2600E+01   1.0122E+02   3.0315E+02   3.9904E+04   1.7146E-04   4.3481E+00
   1.2700E+01   1.0086E+02   3.0315E+02   3.9848E+04   1.7204E-04   4.3481E+00
   1.2800E+01   1.0050E+02   3.0315E+02   3.9791E+04   1.7268E-04   4.3496E+00
   1.2900E+01   1.0012E+02   3.0315E+02   3.9732E+04   1.7323E-04   4.3481E+00
   1.3000E+01   9.9760E+01   3.0315E+02   3.9675E+04   1.7383E-04   4.3483E+00
   1.3100E+01   9.9399E+01   3.0315E+02   3.9618E+04   1.7445E-04   4.3490E+00
   1.3200E+01   9.9032E+01   3.0315E+02   3.9559E+04   1.7507E-04   4.3492E+00
   1.3300E+01   9.8664E+01   3.0315E+02   3.9501E+04   1.7564E-04   4.3481E+00
   1.3400E+01   9.8310E+01   3.0315E+02   3.9443E+04   1.7627E-04   4.3490E+00
   1.3500E+01   9.7947E+01   3.0315E+02   3.9385E+04   1.7685E-04   4.3481E+00
   1.3600E+01   9.7595E+01   3.0315E+02   3.9328E+04   1.7744E-04   4.3480E+00
   1.3700E+01   9.7246E+01   3.0315E+02   3.9270E+04   1.7812E-04   4.3500E+00
   1.3800E+01   9.6876E+01   3.0315E+02   3.9210E+04   1.7866E-04   4.3473E+00
   1.3900E+01   9.6537E+01   3.0315E+02   3.9153E+04   1.7930E-04   4.3486E+00
   1.4000E+01   9.6185E+01   3.0315E+02   3.9095E+04   1.7988E-04   4.3477E+00
   1.4100E+01   9.5844E+01   3.0315E+02   3.9039E+04   1.8050E-04   4.3480E+00
   1.4200E+01   9.5501E+01   3.0315E+02   3.8981E+04   1.8111E-04   4.3482E+00
   1.4300E+01   9.5158E+01   3.0315E+02   3.8923E+04   1.8174E-04   4.3484E+00
   1.4400E+01   9.4813E+01   3.0315E+02   3.8865E+04   1.8234E-04   4.3478E+00
   1.4500E+01   9.4476E+01   3.0315E+02   3.8808E+04   1.8294E-04   4.3475E+00
   1.4600E+01   9.4143E+01   3.0315E+02   3.8750E+04   1.8359E-04   4.3484E+00
   1.4700E+01   9.3802E+01   3.0315E+02   3.8691E+04   1.8423E-04   4.3488E+00
   1.4800E+01   9.3457E+01   3.0315E+02   3.8633E+04   1.8477E-04   4.3464E+00
   1.4900E+01   9.3139E+01   3.0315E+02   3.8577E+04   1.8541E-04   4.3473E+00
   1.5000E+01   9.2813E+01   3.0315E+02   3.8521E+04   1.8602E-04   4.3474E+00
   1.5100E+01   9.2487E+01   3.0315E+02   3.8464E+04   1.8664E-04   4.3473E+00
   1.5200E+01   9.2163E+01   3.0315E+02   3.8406E+04   1.8729E-04   4.3481E+00
   1.5300E+01   9.1833E+01   3.0315E+02   3.8348E+04   1.8786E-04   4.3465E+00
   1.5400E+01   9.1520E+01   3.0315E+02   3.8292E+04   1.8850E-04   4.3473E+00
   1.5500E+01   9.1200E+01   3.0315E+02   3.8236E+04   1.8910E-04   4.3468E+00
   1.5600E+01   9.0885E+01   3.0315E+02   3.8179E+04   1.8974E-04   4.3473E+00
   1.5700E+01   9.0568E+01   3.0315E+02   3.8122E+04   1.9032E-04   4.3461E+00
   1.5800E+01   9.0263E+01   3.0315E+02   3.8067E+04   1.9098E-04   4.3474E+00
   1.5900E+01   8.9946E+01   3.0315E+02   3.8010E+04   1.9155E-04   4.3461E+00
   1.6000E+01   8.9644E+01   3.0315E+02   3.7955E+04   1.9216E-04   4.3461E+00
   1.6100E+01   8.9342E+01   3.0315E+02   3.7900E+04   1.9279E-04   4.3464E+00
   1.6200E+01   8.9039E+01   3.0315E+02   3.7844E+04   1.9340E-04   4.3462E+00
   1.6300E+01   8.8738E+01   3.0315E+02   3.7789E+04   1.9403E-04   4.3464E+00
   1.6400E+01   8.8437E+01   3.0315E+02   3.7733E+04   1.9461E-04   4.3456E+00
   1.6500E+01   8.8145E+01   3.0315E+02   3.7679E+04   1.9523E-04   4.3458E+00
   1.6600E+01   8.7851E+01   3.0315E+02   3.7623E+04   1.9596E-04   4.3483E+00
   1.6700E+01   8.7534E+01   3.0315E+02   3.7565E+04   1.9640E-04   4.3431E+00
   1.6800E+01   8.7271E+01   3.0315E+02   3.7515E+04   1.9709E-04   4.3461E+00
   1.6900E+01   8.6977E+01   3.0315E+02   3.7460E+04   1.9767E-04   4.3450E+00
   1.7000E+01   8.6696E+01   3.0315E+02   3.7406E+04   1.9834E-04   4.3464E+00
   1.7100E+01   8.6402E+01   3.0315E+02   3.7350E+04   1.9888E-04   4.3443E+00
