       Time_s           01           02           03           04           05
   0.0000E+00   5.5300E+02   2.9815E+02   0.0000E+00   0.0000E+00   0.0000E+00
   1.0000E-04   5.5300E+02   2.9815E+02   6.6073E+04   3.7917E-04   5.1584E+01
   2.0000E-04   5.5300E+02   2.9815E+02   6.6073E+04   2.9425E-04   4.0032E+01
   3.0000E-04   5.5300E+02   2.9815E+02   6.6073E+04   2.5514E-04   3.4712E+01
   4.0000E-04   5.5300E+02   2.9815E+02   6.6073E+04   2.3168E-04   3.1522E+01
   5.0000E-04   5.5300E+02   2.9815E+02   6.6073E+04   2.1588E-04   2.9373E+01
   6.0000E-04   5.5300E+02   2.9815E+02   6.6073E+04   2.0447E-04   2.7821E+01
   7.0000E-04   5.5300E+02   2.9815E+02   6.6073E+04   1.9582E-04   2.6644E+01
   8.0000E-04   5.5300E+02   2.9815E+02   6.6073E+04   1.8899E-04   2.5715E+01
   9.0000E-04   5.5300E+02   2.9815E+02   6.6073E+04   1.8342E-04   2.4957E+01
   1.0000E-03   5.5300E+02   2.9815E+02   6.6083E+04   1.7890E-04   2.4342E+01
   1.1000E-03   5.5300E+02   2.9815E+02   6.6083E+04   1.7485E-04   2.3791E+01
   1.2000E-03   5.5300E+02   2.9815E+02   6.6083E+04   1.7128E-04   2.3307E+01
   1.3000E-03   5.5300E+02   2.9815E+02   6.6083E+04   1.6809E-04   2.2872E+01
   1.4000E-03   5.5300E+02   2.9815E+02   6.6083E+04   1.6518E-04   2.2477E+01
   1.5000E-03   5.5300E+02   2.9815E+02   6.6083E+04   1.6251E-04   2.2114E+01
   1.6000E-03   5.5300E+02   2.9815E+02   6.6083E+04   1.6003E-04   2.1776E+01
   1.7000E-03   5.5300E+02   2.9815E+02   6.6083E+04   1.5771E-04   2.1461E+01
   1.8000E-03   5.5300E+02   2.9815E+02   6.6083E+04   1.5554E-04   2.1166E+01
   1.9000E-03   5.5300E+02   2.9815E+02   6.6083E+04   1.5349E-04   2.0887E+01
   2.0000E-03   5.5300E+02   2.9815E+02   6.6083E+04   1.5156E-04   2.0624E+01
   2.1000E-03   5.5300E+02   2.9815E+02   6.6083E+04   1.4972E-04   2.0375E+01
   2.2000E-03   5.5300E+02   2.9815E+02   6.6083E+04   1.4798E-04   2.0138E+01
   2.3000E-03   5.5300E+02   2.9815E+02   6.6083E+04   1.4633E-04   1.9913E+01
   2.4000E-03   5.5300E+02   2.9815E+02   6.6083E+04   1.4475E-04   1.9699E+01
   2.5000E-03   5.5300E+02   2.9815E+02   6.6083E+04   1.4326E-04   1.9495E+01
   2.6000E-03   5.5300E+02   2.9815E+02   6.6094E+04   1.4196E-04   1.9319E+01
   2.7000E-03   5.5300E+02   2.9815E+02   6.6094E+04   1.4059E-04   1.9133E+01
   2.8000E-03   5.5300E+02   2.9815E+02   6.6094E+04   1.3928E-04   1.8954E+01
   2.9000E-03   5.5300E+02   2.9815E+02   6.6094E+04   1.3803E-04   1.8784E+01
   3.0000E-03   5.5300E+02   2.9815E+02   6.6094E+04   1.3683E-04   1.8621E+01
   3.1000E-03   5.5300E+02   2.9815E+02   6.6094E+04   1.3568E-04   1.8465E+01
   3.2000E-03   5.5300E+02   2.9815E+02   6.6094E+04   1.3457E-04   1.8315E+01
   3.3000E-03   5.5300E+02   2.9815E+02   6.6094E+04   1.3352E-04   1.8171E+01
   3.4000E-03   5.5300E+02   2.9815E+02   6.6094E+04   1.3250E-04   1.8033E+01
   3.5000E-03   5.5300E+02   2.9815E+02   6.6094E+04   1.3152E-04   1.7900E+01
   3.6000E-03   5.5300E+02   2.9815E+02   6.6094E+04   1.3058E-04   1.7772E+01
   3.7000E-03   5.5300E+02   2.9815E+02   6.6094E+04   1.2968E-04   1.7649E+01
   3.8000E-03   5.5300E+02   2.9815E+02   6.6094E+04   1.2880E-04   1.7530E+01
   3.9000E-03   5.5300E+02   2.9815E+02   6.6094E+04   1.2796E-04   1.7415E+01
   4.0000E-03   5.5300E+02   2.9815E+02   6.6094E+04   1.2715E-04   1.7305E+01
   4.1000E-03   5.5300E+02   2.9815E+02   6.6094E+04   1.2637E-04   1.7198E+01
   4.2000E-03   5.5300E+02   2.9815E+02   6.6094E+04   1.2561E-04   1.7096E+01
   4.3000E-03   5.5300E+02   2.9815E+02   6.6094E+04   1.2488E-04   1.6996E+01
   4.4000E-03   5.5300E+02   2.9815E+02   6.6094E+04   1.2417E-04   1.6900E+01
   4.5000E-03   5.5300E+02   2.9815E+02   6.6094E+04   1.2349E-04   1.6807E+01
   4.6000E-03   5.5300E+02   2.9815E+02   6.6105E+04   1.2294E-04   1.6733E+01
   4.7000E-03   5.5300E+02   2.9815E+02   6.6105E+04   1.2230E-04   1.6645E+01
   4.8000E-03   5.5300E+02   2.9815E+02   6.6105E+04   1.2168E-04   1.6561E+01
   4.9000E-03   5.5300E+02   2.9815E+02   6.6105E+04   1.2107E-04   1.6479E+01
   5.0000E-03   5.5300E+02   2.9815E+02   6.6105E+04   1.2049E-04   1.6399E+01
   5.1000E-03   5.5300E+02   2.9815E+02   6.6105E+04   1.1992E-04   1.6322E+01
   5.2000E-03   5.5300E+02   2.9815E+02   6.6105E+04   1.1937E-04   1.6247E+01
   5.3000E-03   5.5300E+02   2.9815E+02   6.6105E+04   1.1883E-04   1.6174E+01
   5.4000E-03   5.5300E+02   2.9815E+02   6.6105E+04   1.1831E-04   1.6104E+01
   5.5000E-03   5.5300E+02   2.9815E+02   6.6105E+04   1.1781E-04   1.6035E+01
   5.6000E-03   5.5300E+02   2.9815E+02   6.6105E+04   1.1732E-04   1.5968E+01
   5.7000E-03   5.5300E+02   2.9815E+02   6.6105E+04   1.1684E-04   1.5903E+01
   5.8000E-03   5.5300E+02   2.9815E+02   6.6105E+04   1.1638E-04   1.5840E+01
   5.9000E-03   5.5300E+02   2.9815E+02   6.6105E+04   1.1593E-04   1.5779E+01
   6.0000E-03   5.5300E+02   2.9815E+02   6.6105E+04   1.1549E-04   1.5719E+01
   6.1000E-03   5.5300E+02   2.9815E+02   6.6105E+04   1.1506E-04   1.5661E+01
   6.2000E-03   5.5300E+02   2.9815E+02   6.6105E+04   1.1464E-04   1.5605E+01
   6.3000E-03   5.5300E+02   2.9815E+02   6.6105E+04   1.1424E-04   1.5549E+01
   6.4000E-03   5.5300E+02   2.9815E+02   6.6105E+04   1.1384E-04   1.5495E+01
   6.5000E-03   5.5300E+02   2.9815E+02   6.6105E+04   1.1346E-04   1.5443E+01
   6.6000E-03   5.5300E+02   2.9815E+02   6.6105E+04   1.1308E-04   1.5392E+01
   6.7000E-03   5.5300E+02   2.9815E+02   6.6115E+04   1.1282E-04   1.5357E+01
   6.8000E-03   5.5300E+02   2.9815E+02   6.6115E+04   1.1246E-04   1.5308E+01
   6.9000E-03   5.5300E+02   2.9815E+02   6.6115E+04   1.1211E-04   1.5260E+01
   7.0000E-03   5.5300E+02   2.9815E+02   6.6115E+04   1.1177E-04   1.5213E+01
   7.1000E-03   5.5300E+02   2.9815E+02   6.6115E+04   1.1143E-04   1.5168E+01
   7.2000E-03   5.5300E+02   2.9815E+02   6.6115E+04   1.1111E-04   1.5123E+01
   7.3000E-03   5.5300E+02   2.9815E+02   6.6115E+04   1.1079E-04   1.5080E+01
   7.4000E-03   5.5300E+02   2.9815E+02   6.6115E+04   1.1047E-04   1.5037E+01
   7.5000E-03   5.5300E+02   2.9815E+02   6.6115E+04   1.1017E-04   1.4996E+01
   7.6000E-03   5.5300E+02   2.9815E+02   6.6115E+04   1.0987E-04   1.4955E+01
   7.7000E-03   5.5300E+02   2.9815E+02   6.6115E+04   1.0958E-04   1.4915E+01
   7.8000E-03   5.5300E+02   2.9815E+02   6.6115E+04   1.0929E-04   1.4877E+01
   7.9000E-03   5.5300E+02   2.9815E+02   6.6115E+04   1.0901E-04   1.4838E+01
   8.0000E-03   5.5300E+02   2.9815E+02   6.6115E+04   1.0874E-04   1.4801E+01
   8.1000E-03   5.5300E+02   2.9815E+02   6.6115E+04   1.0847E-04   1.4765E+01
   8.2000E-03   5.5300E+02   2.9815E+02   6.6115E+04   1.0821E-04   1.4729E+01
   8.3000E-03   5.5300E+02   2.9815E+02   6.6115E+04   1.0795E-04   1.4694E+01
   8.4000E-03   5.5300E+02   2.9815E+02   6.6115E+04   1.0770E-04   1.4659E+01
   8.5000E-03   5.5300E+02   2.9815E+02   6.6115E+04   1.0745E-04   1.4626E+01
   8.6000E-03   5.5300E+02   2.9815E+02   6.6115E+04   1.0720E-04   1.4593E+01
   8.7000E-03   5.5300E+02   2.9815E+02   6.6115E+04   1.0697E-04   1.4560E+01
   8.8000E-03   5.5300E+02   2.9815E+02   6.6115E+04   1.0673E-04   1.4528E+01
   8.9000E-03   5.5300E+02   2.9815E+02   6.6115E+04   1.0650E-04   1.4497E+01
   9.0000E-03   5.5300E+02   2.9815E+02   6.6115E+04   1.0628E-04   1.4466E+01
   9.1000E-03   5.5300E+02   2.9815E+02   6.6127E+04   1.0616E-04   1.4450E+01
   9.2000E-03   5.5300E+02   2.9815E+02   6.6127E+04   1.0594E-04   1.4420E+01
   9.3000E-03   5.5300E+02   2.9815E+02   6.6127E+04   1.0572E-04   1.4391E+01
   9.4000E-03   5.5300E+02   2.9815E+02   6.6127E+04   1.0551E-04   1.4362E+01
   9.5000E-03   5.5300E+02   2.9815E+02   6.6127E+04   1.0530E-04   1.4334E+01
   9.6000E-03   5.5300E+02   2.9815E+02   6.6127E+04   1.0510E-04   1.4306E+01
   9.7000E-03   5.5300E+02   2.9815E+02   6.6127E+04   1.0490E-04   1.4279E+01
   9.8000E-03   5.5300E+02   2.9815E+02   6.6127E+04   1.0470E-04   1.4252E+01
   9.9000E-03   5.5300E+02   2.9815E+02   6.6127E+04   1.0451E-04   1.4226E+01
   1.0000E-02   5.5300E+02   2.9815E+02   6.6127E+04   1.0431E-04   1.4200E+01
   1.0100E-02   5.5300E+02   2.9815E+02   6.6127E+04   1.0413E-04   1.4174E+01
   1.0200E-02   5.5300E+02   2.9815E+02   6.6127E+04   1.0394E-04   1.4149E+01
   1.0300E-02   5.5300E+02   2.9815E+02   6.6127E+04   1.0376E-04   1.4124E+01
   1.0400E-02   5.5300E+02   2.9815E+02   6.6127E+04   1.0358E-04   1.4099E+01
   1.0500E-02   5.5300E+02   2.9815E+02   6.6127E+04   1.0340E-04   1.4075E+01
   1.0600E-02   5.5300E+02   2.9815E+02   6.6127E+04   1.0322E-04   1.4051E+01
   1.0700E-02   5.5300E+02   2.9815E+02   6.6127E+04   1.0305E-04   1.4028E+01
   1.0800E-02   5.5300E+02   2.9815E+02   6.6127E+04   1.0288E-04   1.4005E+01
   1.0900E-02   5.5300E+02   2.9815E+02   6.6127E+04   1.0271E-04   1.3982E+01
   1.1000E-02   5.5300E+02   2.9815E+02   6.6127E+04   1.0255E-04   1.3959E+01
   1.1100E-02   5.5300E+02   2.9815E+02   6.6127E+04   1.0238E-04   1.3937E+01
   1.1200E-02   5.5300E+02   2.9815E+02   6.6127E+04   1.0222E-04   1.3915E+01
   1.1300E-02   5.5300E+02   2.9815E+02   6.6127E+04   1.0206E-04   1.3893E+01
   1.1400E-02   5.5300E+02   2.9815E+02   6.6127E+04   1.0191E-04   1.3872E+01
   1.1500E-02   5.5300E+02   2.9815E+02   6.6127E+04   1.0175E-04   1.3851E+01
   1.1600E-02   5.5300E+02   2.9815E+02   6.6127E+04   1.0160E-04   1.3830E+01
   1.1700E-02   5.5300E+02   2.9815E+02   6.6127E+04   1.0144E-04   1.3809E+01
   1.1800E-02   5.5300E+02   2.9815E+02   6.6127E+04   1.0129E-04   1.3789E+01
   1.1900E-02   5.5300E+02   2.9815E+02   6.6139E+04   1.0126E-04   1.3783E+01
   1.2000E-02   5.5300E+02   2.9815E+02   6.6139E+04   1.0111E-04   1.3763E+01
   1.2100E-02   5.5300E+02   2.9815E+02   6.6139E+04   1.0096E-04   1.3743E+01
   1.2200E-02   5.5300E+02   2.9815E+02   6.6139E+04   1.0082E-04   1.3724E+01
   1.2300E-02   5.5300E+02   2.9815E+02   6.6139E+04   1.0067E-04   1.3704E+01
   1.2400E-02   5.5300E+02   2.9815E+02   6.6139E+04   1.0053E-04   1.3685E+01
   1.2500E-02   5.5300E+02   2.9815E+02   6.6139E+04   1.0039E-04   1.3666E+01
   1.2600E-02   5.5300E+02   2.9815E+02   6.6139E+04   1.0025E-04   1.3647E+01
   1.2700E-02   5.5300E+02   2.9815E+02   6.6139E+04   1.0012E-04   1.3629E+01
   1.2800E-02   5.5300E+02   2.9815E+02   6.6139E+04   9.9982E-05   1.3610E+01
   1.2900E-02   5.5300E+02   2.9815E+02   6.6139E+04   9.9847E-05   1.3592E+01
   1.3000E-02   5.5300E+02   2.9815E+02   6.6139E+04   9.9714E-05   1.3574E+01
   1.3100E-02   5.5300E+02   2.9815E+02   6.6139E+04   9.9582E-05   1.3556E+01
   1.3200E-02   5.5300E+02   2.9815E+02   6.6139E+04   9.9452E-05   1.3538E+01
   1.3300E-02   5.5300E+02   2.9815E+02   6.6139E+04   9.9322E-05   1.3520E+01
   1.3400E-02   5.5300E+02   2.9815E+02   6.6139E+04   9.9194E-05   1.3503E+01
   1.3500E-02   5.5300E+02   2.9815E+02   6.6139E+04   9.9067E-05   1.3486E+01
   1.3600E-02   5.5300E+02   2.9815E+02   6.6139E+04   9.8940E-05   1.3468E+01
   1.3700E-02   5.5300E+02   2.9815E+02   6.6139E+04   9.8815E-05   1.3451E+01
   1.3800E-02   5.5300E+02   2.9815E+02   6.6139E+04   9.8691E-05   1.3435E+01
   1.3900E-02   5.5300E+02   2.9815E+02   6.6139E+04   9.8568E-05   1.3418E+01
   1.4000E-02   5.5300E+02   2.9815E+02   6.6139E+04   9.8446E-05   1.3401E+01
   1.4100E-02   5.5300E+02   2.9815E+02   6.6139E+04   9.8325E-05   1.3385E+01
   1.4200E-02   5.5300E+02   2.9815E+02   6.6139E+04   9.8205E-05   1.3368E+01
   1.4300E-02   5.5300E+02   2.9815E+02   6.6139E+04   9.8086E-05   1.3352E+01
   1.4400E-02   5.5300E+02   2.9815E+02   6.6139E+04   9.7967E-05   1.3336E+01
   1.4500E-02   5.5300E+02   2.9815E+02   6.6139E+04   9.7850E-05   1.3320E+01
   1.4600E-02   5.5300E+02   2.9815E+02   6.6150E+04   9.7826E-05   1.3317E+01
   1.4700E-02   5.5300E+02   2.9815E+02   6.6150E+04   9.7709E-05   1.3301E+01
   1.4800E-02   5.5300E+02   2.9815E+02   6.6150E+04   9.7593E-05   1.3285E+01
   1.4900E-02   5.5300E+02   2.9815E+02   6.6150E+04   9.7478E-05   1.3270E+01
   1.5000E-02   5.5300E+02   2.9815E+02   6.6150E+04   9.7364E-05   1.3254E+01
   1.5100E-02   5.5300E+02   2.9815E+02   6.6150E+04   9.7251E-05   1.3239E+01
   1.5200E-02   5.5300E+02   2.9815E+02   6.6150E+04   9.7139E-05   1.3223E+01
   1.5300E-02   5.5300E+02   2.9815E+02   6.6150E+04   9.7027E-05   1.3208E+01
   1.5400E-02   5.5300E+02   2.9815E+02   6.6150E+04   9.6917E-05   1.3193E+01
   1.5500E-02   5.5300E+02   2.9815E+02   6.6150E+04   9.6807E-05   1.3178E+01
   1.5600E-02   5.5300E+02   2.9815E+02   6.6150E+04   9.6697E-05   1.3163E+01
   1.5700E-02   5.5300E+02   2.9815E+02   6.6150E+04   9.6589E-05   1.3149E+01
   1.5800E-02   5.5300E+02   2.9815E+02   6.6150E+04   9.6481E-05   1.3134E+01
   1.5900E-02   5.5300E+02   2.9815E+02   6.6150E+04   9.6373E-05   1.3119E+01
   1.6000E-02   5.5300E+02   2.9815E+02   6.6150E+04   9.6267E-05   1.3105E+01
   1.6100E-02   5.5300E+02   2.9815E+02   6.6150E+04   9.6160E-05   1.3090E+01
   1.6200E-02   5.5300E+02   2.9815E+02   6.6150E+04   9.6055E-05   1.3076E+01
   1.6300E-02   5.5300E+02   2.9815E+02   6.6150E+04   9.5950E-05   1.3062E+01
   1.6400E-02   5.5300E+02   2.9815E+02   6.6150E+04   9.5846E-05   1.3048E+01
   1.6500E-02   5.5300E+02   2.9815E+02   6.6150E+04   9.5742E-05   1.3033E+01
   1.6600E-02   5.5300E+02   2.9815E+02   6.6150E+04   9.5639E-05   1.3019E+01
   1.6700E-02   5.5300E+02   2.9815E+02   6.6150E+04   9.5537E-05   1.3005E+01
   1.6800E-02   5.5300E+02   2.9815E+02   6.6150E+04   9.5435E-05   1.2992E+01
   1.6900E-02   5.5300E+02   2.9815E+02   6.6150E+04   9.5334E-05   1.2978E+01
   1.7000E-02   5.5300E+02   2.9815E+02   6.6150E+04   9.5233E-05   1.2964E+01
   1.7100E-02   5.5300E+02   2.9815E+02   6.6150E+04   9.5133E-05   1.2951E+01
   1.7200E-02   5.5300E+02   2.9815E+02   6.6150E+04   9.5034E-05   1.2937E+01
   1.7300E-02   5.5300E+02   2.9815E+02   6.6150E+04   9.4934E-05   1.2923E+01
   1.7400E-02   5.5300E+02   2.9815E+02   6.6160E+04   9.4926E-05   1.2922E+01
   1.7500E-02   5.5300E+02   2.9815E+02   6.6160E+04   9.4827E-05   1.2909E+01
   1.7600E-02   5.5300E+02   2.9815E+02   6.6160E+04   9.4729E-05   1.2896E+01
   1.7700E-02   5.5300E+02   2.9815E+02   6.6160E+04   9.4631E-05   1.2882E+01
   1.7800E-02   5.5300E+02   2.9815E+02   6.6160E+04   9.4534E-05   1.2869E+01
   1.7900E-02   5.5300E+02   2.9815E+02   6.6160E+04   9.4438E-05   1.2856E+01
   1.8000E-02   5.5300E+02   2.9815E+02   6.6160E+04   9.4342E-05   1.2843E+01
   1.8100E-02   5.5300E+02   2.9815E+02   6.6160E+04   9.4247E-05   1.2830E+01
   1.8200E-02   5.5300E+02   2.9815E+02   6.6160E+04   9.4152E-05   1.2817E+01
   1.8300E-02   5.5300E+02   2.9815E+02   6.6160E+04   9.4058E-05   1.2804E+01
   1.8400E-02   5.5300E+02   2.9815E+02   6.6160E+04   9.3964E-05   1.2791E+01
   1.8500E-02   5.5300E+02   2.9815E+02   6.6160E+04   9.3870E-05   1.2779E+01
   1.8600E-02   5.5300E+02   2.9815E+02   6.6160E+04   9.3777E-05   1.2766E+01
   1.8700E-02   5.5300E+02   2.9815E+02   6.6160E+04   9.3685E-05   1.2753E+01
   1.8800E-02   5.5300E+02   2.9815E+02   6.6160E+04   9.3593E-05   1.2741E+01
   1.8900E-02   5.5300E+02   2.9815E+02   6.6160E+04   9.3501E-05   1.2729E+01
   1.9000E-02   5.5300E+02   2.9815E+02   6.6160E+04   9.3410E-05   1.2716E+01
   1.9100E-02   5.5300E+02   2.9815E+02   6.6160E+04   9.3319E-05   1.2704E+01
   1.9200E-02   5.5300E+02   2.9815E+02   6.6160E+04   9.3229E-05   1.2691E+01
   1.9300E-02   5.5300E+02   2.9815E+02   6.6160E+04   9.3139E-05   1.2679E+01
   1.9400E-02   5.5300E+02   2.9815E+02   6.6160E+04   9.3050E-05   1.2667E+01
   1.9500E-02   5.5300E+02   2.9815E+02   6.6160E+04   9.2961E-05   1.2655E+01
   1.9600E-02   5.5300E+02   2.9815E+02   6.6160E+04   9.2872E-05   1.2643E+01
   1.9700E-02   5.5300E+02   2.9815E+02   6.6160E+04   9.2784E-05   1.2631E+01
   1.9800E-02   5.5300E+02   2.9815E+02   6.6160E+04   9.2696E-05   1.2619E+01
   1.9900E-02   5.5300E+02   2.9815E+02   6.6160E+04   9.2609E-05   1.2607E+01
   2.0000E-02   5.5300E+02   2.9815E+02   6.6160E+04   9.2522E-05   1.2595E+01
   2.0100E-02   5.5300E+02   2.9815E+02   6.6160E+04   9.2435E-05   1.2584E+01
   2.0200E-02   5.5300E+02   2.9815E+02   6.6160E+04   9.2349E-05   1.2572E+01
   2.0300E-02   5.5300E+02   2.9815E+02   6.6160E+04   9.2264E-05   1.2560E+01
   2.0400E-02   5.5300E+02   2.9815E+02   6.6160E+04   9.2178E-05   1.2549E+01
   2.0500E-02   5.5300E+02   2.9815E+02   6.6160E+04   9.2093E-05   1.2537E+01
   2.0600E-02   5.5300E+02   2.9815E+02   6.6173E+04   9.2111E-05   1.2539E+01
   2.0700E-02   5.5300E+02   2.9815E+02   6.6173E+04   9.2026E-05   1.2528E+01
   2.0800E-02   5.5300E+02   2.9815E+02   6.6173E+04   9.1942E-05   1.2516E+01
   2.0900E-02   5.5300E+02   2.9815E+02   6.6173E+04   9.1858E-05   1.2505E+01
   2.1000E-02   5.5300E+02   2.9815E+02   6.6173E+04   9.1775E-05   1.2494E+01
   2.1100E-02   5.5300E+02   2.9815E+02   6.6173E+04   9.1692E-05   1.2482E+01
   2.1200E-02   5.5300E+02   2.9815E+02   6.6173E+04   9.1609E-05   1.2471E+01
   2.1300E-02   5.5300E+02   2.9815E+02   6.6173E+04   9.1527E-05   1.2460E+01
   2.1400E-02   5.5300E+02   2.9815E+02   6.6173E+04   9.1445E-05   1.2449E+01
   2.1500E-02   5.5300E+02   2.9815E+02   6.6173E+04   9.1364E-05   1.2438E+01
   2.1600E-02   5.5300E+02   2.9815E+02   6.6173E+04   9.1283E-05   1.2427E+01
   2.1700E-02   5.5300E+02   2.9815E+02   6.6173E+04   9.1202E-05   1.2416E+01
   2.1800E-02   5.5300E+02   2.9815E+02   6.6173E+04   9.1122E-05   1.2405E+01
   2.1900E-02   5.5300E+02   2.9815E+02   6.6173E+04   9.1042E-05   1.2394E+01
   2.2000E-02   5.5300E+02   2.9815E+02   6.6173E+04   9.0962E-05   1.2383E+01
   2.2100E-02   5.5300E+02   2.9815E+02   6.6173E+04   9.0883E-05   1.2372E+01
   2.2200E-02   5.5300E+02   2.9815E+02   6.6173E+04   9.0804E-05   1.2362E+01
   2.2300E-02   5.5300E+02   2.9815E+02   6.6173E+04   9.0726E-05   1.2351E+01
   2.2400E-02   5.5300E+02   2.9815E+02   6.6173E+04   9.0647E-05   1.2340E+01
   2.2500E-02   5.5300E+02   2.9815E+02   6.6173E+04   9.0570E-05   1.2330E+01
   2.2600E-02   5.5300E+02   2.9815E+02   6.6173E+04   9.0492E-05   1.2319E+01
   2.2700E-02   5.5300E+02   2.9815E+02   6.6173E+04   9.0415E-05   1.2309E+01
   2.2800E-02   5.5300E+02   2.9815E+02   6.6173E+04   9.0338E-05   1.2298E+01
   2.2900E-02   5.5300E+02   2.9815E+02   6.6173E+04   9.0262E-05   1.2288E+01
   2.3000E-02   5.5300E+02   2.9815E+02   6.6173E+04   9.0186E-05   1.2278E+01
   2.3100E-02   5.5300E+02   2.9815E+02   6.6173E+04   9.0110E-05   1.2267E+01
   2.3200E-02   5.5300E+02   2.9815E+02   6.6173E+04   9.0035E-05   1.2257E+01
   2.3300E-02   5.5300E+02   2.9815E+02   6.6173E+04   8.9959E-05   1.2247E+01
   2.3400E-02   5.5300E+02   2.9815E+02   6.6173E+04   8.9885E-05   1.2237E+01
   2.3500E-02   5.5300E+02   2.9815E+02   6.6173E+04   8.9810E-05   1.2227E+01
   2.3600E-02   5.5300E+02   2.9815E+02   6.6183E+04   8.9822E-05   1.2228E+01
   2.3700E-02   5.5300E+02   2.9815E+02   6.6183E+04   8.9748E-05   1.2218E+01
   2.3800E-02   5.5300E+02   2.9815E+02   6.6183E+04   8.9674E-05   1.2208E+01
   2.3900E-02   5.5300E+02   2.9815E+02   6.6183E+04   8.9600E-05   1.2198E+01
   2.4000E-02   5.5300E+02   2.9815E+02   6.6183E+04   8.9527E-05   1.2188E+01
   2.4100E-02   5.5300E+02   2.9815E+02   6.6183E+04   8.9454E-05   1.2178E+01
   2.4200E-02   5.5300E+02   2.9815E+02   6.6183E+04   8.9382E-05   1.2168E+01
   2.4300E-02   5.5300E+02   2.9815E+02   6.6183E+04   8.9310E-05   1.2158E+01
   2.4400E-02   5.5300E+02   2.9815E+02   6.6183E+04   8.9238E-05   1.2149E+01
   2.4500E-02   5.5300E+02   2.9815E+02   6.6183E+04   8.9167E-05   1.2139E+01
   2.4600E-02   5.5300E+02   2.9815E+02   6.6183E+04   8.9095E-05   1.2129E+01
   2.4700E-02   5.5300E+02   2.9815E+02   6.6183E+04   8.9025E-05   1.2120E+01
   2.4800E-02   5.5300E+02   2.9815E+02   6.6183E+04   8.8954E-05   1.2110E+01
   2.4900E-02   5.5300E+02   2.9815E+02   6.6183E+04   8.8884E-05   1.2101E+01
   2.5000E-02   5.5300E+02   2.9815E+02   6.6183E+04   8.8814E-05   1.2091E+01
   2.5100E-02   5.5300E+02   2.9815E+02   6.6183E+04   8.8744E-05   1.2082E+01
   2.5200E-02   5.5300E+02   2.9815E+02   6.6183E+04   8.8675E-05   1.2072E+01
   2.5300E-02   5.5300E+02   2.9815E+02   6.6183E+04   8.8606E-05   1.2063E+01
   2.5400E-02   5.5300E+02   2.9815E+02   6.6183E+04   8.8537E-05   1.2053E+01
   2.5500E-02   5.5300E+02   2.9815E+02   6.6183E+04   8.8469E-05   1.2044E+01
   2.5600E-02   5.5300E+02   2.9815E+02   6.6183E+04   8.8401E-05   1.2035E+01
   2.5700E-02   5.5300E+02   2.9815E+02   6.6183E+04   8.8333E-05   1.2026E+01
   2.5800E-02   5.5300E+02   2.9815E+02   6.6183E+04   8.8266E-05   1.2016E+01
   2.5900E-02   5.5300E+02   2.9815E+02   6.6183E+04   8.8198E-05   1.2007E+01
   2.6000E-02   5.5300E+02   2.9815E+02   6.6183E+04   8.8131E-05   1.1998E+01
   2.6100E-02   5.5300E+02   2.9815E+02   6.6183E+04   8.8065E-05   1.1989E+01
   2.6200E-02   5.5300E+02   2.9815E+02   6.6183E+04   8.7998E-05   1.1980E+01
   2.6300E-02   5.5300E+02   2.9815E+02   6.6183E+04   8.7932E-05   1.1971E+01
   2.6400E-02   5.5300E+02   2.9815E+02   6.6183E+04   8.7866E-05   1.1962E+01
   2.6500E-02   5.5300E+02   2.9815E+02   6.6183E+04   8.7801E-05   1.1953E+01
   2.6600E-02   5.5300E+02   2.9815E+02   6.6183E+04   8.7736E-05   1.1944E+01
   2.6700E-02   5.5300E+02   2.9815E+02   6.6194E+04   8.7755E-05   1.1947E+01
   2.6800E-02   5.5300E+02   2.9815E+02   6.6194E+04   8.7690E-05   1.1938E+01
   2.7000E-02   5.5300E+02   2.9815E+02   6.6194E+04   8.7560E-05   1.1921E+01
   2.7200E-02   5.5300E+02   2.9815E+02   6.6194E+04   8.7432E-05   1.1903E+01
   2.7400E-02   5.5300E+02   2.9815E+02   6.6194E+04   8.7305E-05   1.1886E+01
   2.7600E-02   5.5300E+02   2.9815E+02   6.6194E+04   8.7179E-05   1.1869E+01
   2.7800E-02   5.5300E+02   2.9815E+02   6.6194E+04   8.7055E-05   1.1852E+01
   2.8000E-02   5.5300E+02   2.9815E+02   6.6194E+04   8.6931E-05   1.1835E+01
   2.8200E-02   5.5300E+02   2.9815E+02   6.6194E+04   8.6808E-05   1.1818E+01
   2.8400E-02   5.5300E+02   2.9815E+02   6.6194E+04   8.6687E-05   1.1802E+01
   2.8600E-02   5.5300E+02   2.9815E+02   6.6194E+04   8.6566E-05   1.1785E+01
   2.8800E-02   5.5300E+02   2.9815E+02   6.6194E+04   8.6446E-05   1.1769E+01
   2.9000E-02   5.5300E+02   2.9815E+02   6.6194E+04   8.6328E-05   1.1753E+01
   2.9200E-02   5.5300E+02   2.9815E+02   6.6194E+04   8.6210E-05   1.1737E+01
   2.9400E-02   5.5300E+02   2.9815E+02   6.6194E+04   8.6093E-05   1.1721E+01
   2.9600E-02   5.5300E+02   2.9815E+02   6.6194E+04   8.5977E-05   1.1705E+01
   2.9800E-02   5.5300E+02   2.9815E+02   6.6194E+04   8.5862E-05   1.1690E+01
   3.0000E-02   5.5300E+02   2.9815E+02   6.6194E+04   8.5748E-05   1.1674E+01
   3.0200E-02   5.5300E+02   2.9815E+02   6.6194E+04   8.5635E-05   1.1659E+01
   3.0400E-02   5.5300E+02   2.9815E+02   6.6194E+04   8.5523E-05   1.1643E+01
   3.0600E-02   5.5300E+02   2.9815E+02   6.6206E+04   8.5503E-05   1.1641E+01
   3.0800E-02   5.5300E+02   2.9815E+02   6.6206E+04   8.5391E-05   1.1626E+01
   3.1000E-02   5.5300E+02   2.9815E+02   6.6206E+04   8.5281E-05   1.1611E+01
   3.1200E-02   5.5300E+02   2.9815E+02   6.6206E+04   8.5172E-05   1.1596E+01
   3.1400E-02   5.5300E+02   2.9815E+02   6.6206E+04   8.5064E-05   1.1581E+01
   3.1600E-02   5.5300E+02   2.9815E+02   6.6206E+04   8.4956E-05   1.1566E+01
   3.1800E-02   5.5300E+02   2.9815E+02   6.6206E+04   8.4850E-05   1.1552E+01
   3.2000E-02   5.5300E+02   2.9815E+02   6.6206E+04   8.4744E-05   1.1538E+01
   3.2200E-02   5.5300E+02   2.9815E+02   6.6206E+04   8.4639E-05   1.1523E+01
   3.2400E-02   5.5300E+02   2.9815E+02   6.6206E+04   8.4535E-05   1.1509E+01
   3.2600E-02   5.5300E+02   2.9815E+02   6.6206E+04   8.4431E-05   1.1495E+01
   3.2800E-02   5.5300E+02   2.9815E+02   6.6206E+04   8.4328E-05   1.1481E+01
   3.3000E-02   5.5300E+02   2.9815E+02   6.6206E+04   8.4227E-05   1.1467E+01
   3.3200E-02   5.5300E+02   2.9815E+02   6.6206E+04   8.4125E-05   1.1453E+01
   3.3400E-02   5.5300E+02   2.9815E+02   6.6206E+04   8.4025E-05   1.1440E+01
   3.3600E-02   5.5300E+02   2.9815E+02   6.6206E+04   8.3925E-05   1.1426E+01
   3.3800E-02   5.5300E+02   2.9815E+02   6.6206E+04   8.3827E-05   1.1413E+01
   3.4000E-02   5.5300E+02   2.9815E+02   6.6206E+04   8.3728E-05   1.1399E+01
   3.4200E-02   5.5300E+02   2.9815E+02   6.6206E+04   8.3631E-05   1.1386E+01
   3.4400E-02   5.5300E+02   2.9815E+02   6.6206E+04   8.3534E-05   1.1373E+01
   3.4600E-02   5.5300E+02   2.9815E+02   6.6219E+04   8.3535E-05   1.1373E+01
   3.4800E-02   5.5300E+02   2.9815E+02   6.6219E+04   8.3438E-05   1.1360E+01
   3.5000E-02   5.5300E+02   2.9815E+02   6.6219E+04   8.3343E-05   1.1347E+01
   3.5200E-02   5.5300E+02   2.9815E+02   6.6219E+04   8.3249E-05   1.1334E+01
   3.5400E-02   5.5300E+02   2.9815E+02   6.6219E+04   8.3155E-05   1.1321E+01
   3.5600E-02   5.5300E+02   2.9815E+02   6.6219E+04   8.3062E-05   1.1309E+01
   3.5800E-02   5.5300E+02   2.9815E+02   6.6219E+04   8.2969E-05   1.1296E+01
   3.6000E-02   5.5300E+02   2.9815E+02   6.6219E+04   8.2877E-05   1.1284E+01
   3.6200E-02   5.5300E+02   2.9815E+02   6.6219E+04   8.2786E-05   1.1271E+01
   3.6400E-02   5.5300E+02   2.9815E+02   6.6219E+04   8.2696E-05   1.1259E+01
   3.6600E-02   5.5300E+02   2.9815E+02   6.6219E+04   8.2606E-05   1.1247E+01
   3.6800E-02   5.5300E+02   2.9815E+02   6.6219E+04   8.2517E-05   1.1235E+01
   3.7000E-02   5.5300E+02   2.9815E+02   6.6219E+04   8.2428E-05   1.1223E+01
   3.7200E-02   5.5300E+02   2.9815E+02   6.6219E+04   8.2340E-05   1.1211E+01
   3.7400E-02   5.5300E+02   2.9815E+02   6.6219E+04   8.2252E-05   1.1199E+01
   3.7600E-02   5.5300E+02   2.9815E+02   6.6219E+04   8.2166E-05   1.1187E+01
   3.7800E-02   5.5300E+02   2.9815E+02   6.6219E+04   8.2079E-05   1.1175E+01
   3.8000E-02   5.5300E+02   2.9815E+02   6.6219E+04   8.1994E-05   1.1164E+01
   3.8200E-02   5.5300E+02   2.9815E+02   6.6219E+04   8.1908E-05   1.1152E+01
   3.8400E-02   5.5300E+02   2.9815E+02   6.6219E+04   8.1824E-05   1.1140E+01
   3.8600E-02   5.5300E+02   2.9815E+02   6.6231E+04   8.1828E-05   1.1141E+01
   3.8800E-02   5.5300E+02   2.9815E+02   6.6231E+04   8.1743E-05   1.1130E+01
   3.9000E-02   5.5300E+02   2.9815E+02   6.6231E+04   8.1660E-05   1.1118E+01
   3.9200E-02   5.5300E+02   2.9815E+02   6.6231E+04   8.1577E-05   1.1107E+01
   3.9400E-02   5.5300E+02   2.9815E+02   6.6231E+04   8.1495E-05   1.1096E+01
   3.9600E-02   5.5300E+02   2.9815E+02   6.6231E+04   8.1413E-05   1.1085E+01
   3.9800E-02   5.5300E+02   2.9815E+02   6.6231E+04   8.1332E-05   1.1074E+01
   4.0000E-02   5.5300E+02   2.9815E+02   6.6231E+04   8.1251E-05   1.1063E+01
   4.0200E-02   5.5300E+02   2.9815E+02   6.6231E+04   8.1171E-05   1.1052E+01
   4.0400E-02   5.5300E+02   2.9815E+02   6.6231E+04   8.1092E-05   1.1041E+01
   4.0600E-02   5.5300E+02   2.9815E+02   6.6231E+04   8.1012E-05   1.1030E+01
   4.0800E-02   5.5300E+02   2.9815E+02   6.6231E+04   8.0934E-05   1.1019E+01
   4.1000E-02   5.5300E+02   2.9815E+02   6.6231E+04   8.0856E-05   1.1009E+01
   4.1200E-02   5.5300E+02   2.9815E+02   6.6231E+04   8.0778E-05   1.0998E+01
   4.1400E-02   5.5300E+02   2.9815E+02   6.6231E+04   8.0701E-05   1.0988E+01
   4.1600E-02   5.5300E+02   2.9815E+02   6.6231E+04   8.0624E-05   1.0977E+01
   4.1800E-02   5.5300E+02   2.9815E+02   6.6231E+04   8.0548E-05   1.0967E+01
   4.2000E-02   5.5300E+02   2.9815E+02   6.6231E+04   8.0472E-05   1.0957E+01
   4.2200E-02   5.5300E+02   2.9815E+02   6.6231E+04   8.0396E-05   1.0946E+01
   4.2400E-02   5.5300E+02   2.9815E+02   6.6243E+04   8.0409E-05   1.0948E+01
   4.2600E-02   5.5300E+02   2.9815E+02   6.6243E+04   8.0333E-05   1.0938E+01
   4.2800E-02   5.5300E+02   2.9815E+02   6.6243E+04   8.0259E-05   1.0928E+01
   4.3000E-02   5.5300E+02   2.9815E+02   6.6243E+04   8.0185E-05   1.0918E+01
   4.3200E-02   5.5300E+02   2.9815E+02   6.6243E+04   8.0111E-05   1.0908E+01
   4.3400E-02   5.5300E+02   2.9815E+02   6.6243E+04   8.0038E-05   1.0898E+01
   4.3600E-02   5.5300E+02   2.9815E+02   6.6243E+04   7.9966E-05   1.0888E+01
   4.3800E-02   5.5300E+02   2.9815E+02   6.6243E+04   7.9894E-05   1.0878E+01
   4.4000E-02   5.5300E+02   2.9815E+02   6.6243E+04   7.9822E-05   1.0868E+01
   4.4200E-02   5.5300E+02   2.9815E+02   6.6243E+04   7.9750E-05   1.0859E+01
   4.4400E-02   5.5300E+02   2.9815E+02   6.6243E+04   7.9679E-05   1.0849E+01
   4.4600E-02   5.5300E+02   2.9815E+02   6.6243E+04   7.9609E-05   1.0839E+01
   4.4800E-02   5.5300E+02   2.9815E+02   6.6243E+04   7.9539E-05   1.0830E+01
   4.5000E-02   5.5300E+02   2.9815E+02   6.6243E+04   7.9469E-05   1.0820E+01
   4.5300E-02   5.5300E+02   2.9815E+02   6.6243E+04   7.9365E-05   1.0806E+01
   4.5600E-02   5.5300E+02   2.9815E+02   6.6243E+04   7.9262E-05   1.0792E+01
   4.5900E-02   5.5300E+02   2.9815E+02   6.6243E+04   7.9160E-05   1.0778E+01
   4.6200E-02   5.5300E+02   2.9815E+02   6.6243E+04   7.9058E-05   1.0764E+01
   4.6500E-02   5.5300E+02   2.9815E+02   6.6243E+04   7.8958E-05   1.0751E+01
   4.6800E-02   5.5300E+02   2.9815E+02   6.6255E+04   7.8942E-05   1.0749E+01
   4.7100E-02   5.5300E+02   2.9815E+02   6.6255E+04   7.8841E-05   1.0735E+01
   4.7400E-02   5.5300E+02   2.9815E+02   6.6255E+04   7.8743E-05   1.0722E+01
   4.7700E-02   5.5300E+02   2.9815E+02   6.6255E+04   7.8645E-05   1.0708E+01
   4.8000E-02   5.5300E+02   2.9815E+02   6.6255E+04   7.8548E-05   1.0695E+01
   4.8300E-02   5.5300E+02   2.9815E+02   6.6255E+04   7.8452E-05   1.0682E+01
   4.8600E-02   5.5300E+02   2.9815E+02   6.6255E+04   7.8356E-05   1.0669E+01
   4.8900E-02   5.5300E+02   2.9815E+02   6.6255E+04   7.8261E-05   1.0656E+01
   4.9200E-02   5.5300E+02   2.9815E+02   6.6255E+04   7.8167E-05   1.0643E+01
   4.9500E-02   5.5300E+02   2.9815E+02   6.6255E+04   7.8074E-05   1.0631E+01
   4.9800E-02   5.5300E+02   2.9815E+02   6.6255E+04   7.7981E-05   1.0618E+01
   5.0100E-02   5.5300E+02   2.9815E+02   6.6255E+04   7.7889E-05   1.0605E+01
   5.0400E-02   5.5300E+02   2.9815E+02   6.6255E+04   7.7798E-05   1.0593E+01
   5.0700E-02   5.5300E+02   2.9815E+02   6.6267E+04   7.7789E-05   1.0592E+01
   5.1000E-02   5.5300E+02   2.9815E+02   6.6267E+04   7.7699E-05   1.0580E+01
   5.1300E-02   5.5300E+02   2.9815E+02   6.6267E+04   7.7609E-05   1.0567E+01
   5.1600E-02   5.5300E+02   2.9815E+02   6.6267E+04   7.7520E-05   1.0555E+01
   5.1900E-02   5.5300E+02   2.9815E+02   6.6267E+04   7.7431E-05   1.0543E+01
   5.2200E-02   5.5300E+02   2.9815E+02   6.6267E+04   7.7344E-05   1.0531E+01
   5.2500E-02   5.5300E+02   2.9815E+02   6.6267E+04   7.7257E-05   1.0519E+01
   5.2800E-02   5.5300E+02   2.9815E+02   6.6267E+04   7.7170E-05   1.0508E+01
   5.3100E-02   5.5300E+02   2.9815E+02   6.6267E+04   7.7084E-05   1.0496E+01
   5.3400E-02   5.5300E+02   2.9815E+02   6.6267E+04   7.6999E-05   1.0484E+01
   5.3700E-02   5.5300E+02   2.9815E+02   6.6267E+04   7.6914E-05   1.0473E+01
   5.4000E-02   5.5300E+02   2.9815E+02   6.6267E+04   7.6830E-05   1.0461E+01
   5.4300E-02   5.5300E+02   2.9815E+02   6.6267E+04   7.6747E-05   1.0450E+01
   5.4600E-02   5.5300E+02   2.9815E+02   6.6278E+04   7.6739E-05   1.0449E+01
   5.4900E-02   5.5300E+02   2.9815E+02   6.6278E+04   7.6659E-05   1.0438E+01
   5.5200E-02   5.5300E+02   2.9815E+02   6.6278E+04   7.6577E-05   1.0427E+01
   5.5500E-02   5.5300E+02   2.9815E+02   6.6278E+04   7.6495E-05   1.0416E+01
   5.5800E-02   5.5300E+02   2.9815E+02   6.6278E+04   7.6414E-05   1.0405E+01
   5.6100E-02   5.5300E+02   2.9815E+02   6.6278E+04   7.6333E-05   1.0394E+01
   5.6400E-02   5.5300E+02   2.9815E+02   6.6278E+04   7.6253E-05   1.0383E+01
   5.6700E-02   5.5300E+02   2.9815E+02   6.6278E+04   7.6174E-05   1.0372E+01
   5.7000E-02   5.5300E+02   2.9815E+02   6.6278E+04   7.6095E-05   1.0361E+01
   5.7300E-02   5.5300E+02   2.9815E+02   6.6278E+04   7.6016E-05   1.0351E+01
   5.7600E-02   5.5300E+02   2.9815E+02   6.6278E+04   7.5938E-05   1.0340E+01
   5.7900E-02   5.5300E+02   2.9815E+02   6.6278E+04   7.5861E-05   1.0330E+01
   5.8200E-02   5.5300E+02   2.9815E+02   6.6278E+04   7.5784E-05   1.0319E+01
   5.8500E-02   5.5300E+02   2.9815E+02   6.6278E+04   7.5707E-05   1.0309E+01
   5.8800E-02   5.5300E+02   2.9815E+02   6.6278E+04   7.5631E-05   1.0298E+01
   5.9100E-02   5.5300E+02   2.9815E+02   6.6290E+04   7.5635E-05   1.0299E+01
   5.9400E-02   5.5300E+02   2.9815E+02   6.6290E+04   7.5559E-05   1.0289E+01
   5.9700E-02   5.5300E+02   2.9815E+02   6.6290E+04   7.5484E-05   1.0278E+01
   6.0000E-02   5.5300E+02   2.9815E+02   6.6290E+04   7.5410E-05   1.0268E+01
   6.0300E-02   5.5300E+02   2.9815E+02   6.6290E+04   7.5336E-05   1.0258E+01
   6.0600E-02   5.5300E+02   2.9815E+02   6.6290E+04   7.5262E-05   1.0248E+01
   6.0900E-02   5.5300E+02   2.9815E+02   6.6290E+04   7.5189E-05   1.0238E+01
   6.1200E-02   5.5300E+02   2.9815E+02   6.6290E+04   7.5116E-05   1.0228E+01
   6.1500E-02   5.5300E+02   2.9815E+02   6.6290E+04   7.5044E-05   1.0218E+01
   6.1800E-02   5.5300E+02   2.9815E+02   6.6290E+04   7.4972E-05   1.0209E+01
   6.2100E-02   5.5300E+02   2.9815E+02   6.6290E+04   7.4900E-05   1.0199E+01
   6.2500E-02   5.5300E+02   2.9815E+02   6.6290E+04   7.4805E-05   1.0186E+01
   6.2900E-02   5.5300E+02   2.9815E+02   6.6290E+04   7.4712E-05   1.0173E+01
   6.3300E-02   5.5300E+02   2.9815E+02   6.6290E+04   7.4618E-05   1.0161E+01
   6.3700E-02   5.5300E+02   2.9815E+02   6.6301E+04   7.4604E-05   1.0159E+01
   6.4100E-02   5.5300E+02   2.9815E+02   6.6301E+04   7.4512E-05   1.0146E+01
   6.4500E-02   5.5300E+02   2.9815E+02   6.6301E+04   7.4420E-05   1.0134E+01
   6.4900E-02   5.5300E+02   2.9815E+02   6.6301E+04   7.4329E-05   1.0121E+01
   6.5300E-02   5.5300E+02   2.9815E+02   6.6301E+04   7.4239E-05   1.0109E+01
   6.5700E-02   5.5300E+02   2.9815E+02   6.6301E+04   7.4149E-05   1.0097E+01
   6.6100E-02   5.5300E+02   2.9815E+02   6.6301E+04   7.4060E-05   1.0085E+01
   6.6500E-02   5.5300E+02   2.9815E+02   6.6301E+04   7.3972E-05   1.0073E+01
   6.6900E-02   5.5300E+02   2.9815E+02   6.6301E+04   7.3884E-05   1.0061E+01
   6.7300E-02   5.5300E+02   2.9815E+02   6.6301E+04   7.3797E-05   1.0049E+01
   6.7700E-02   5.5300E+02   2.9815E+02   6.6301E+04   7.3711E-05   1.0037E+01
   6.8100E-02   5.5300E+02   2.9815E+02   6.6301E+04   7.3625E-05   1.0026E+01
   6.8500E-02   5.5300E+02   2.9815E+02   6.6316E+04   7.3633E-05   1.0027E+01
   6.8900E-02   5.5300E+02   2.9815E+02   6.6316E+04   7.3547E-05   1.0015E+01
   6.9300E-02   5.5300E+02   2.9815E+02   6.6316E+04   7.3463E-05   1.0003E+01
   6.9700E-02   5.5300E+02   2.9815E+02   6.6316E+04   7.3379E-05   9.9920E+00
   7.0100E-02   5.5300E+02   2.9815E+02   6.6316E+04   7.3295E-05   9.9807E+00
   7.0500E-02   5.5300E+02   2.9815E+02   6.6316E+04   7.3212E-05   9.9694E+00
   7.0900E-02   5.5300E+02   2.9815E+02   6.6316E+04   7.3130E-05   9.9582E+00
   7.1300E-02   5.5300E+02   2.9815E+02   6.6316E+04   7.3048E-05   9.9471E+00
   7.1700E-02   5.5300E+02   2.9815E+02   6.6316E+04   7.2967E-05   9.9361E+00
   7.2100E-02   5.5300E+02   2.9815E+02   6.6316E+04   7.2886E-05   9.9251E+00
   7.2500E-02   5.5300E+02   2.9815E+02   6.6316E+04   7.2806E-05   9.9142E+00
   7.2900E-02   5.5300E+02   2.9815E+02   6.6316E+04   7.2726E-05   9.9033E+00
   7.3300E-02   5.5300E+02   2.9815E+02   6.6327E+04   7.2725E-05   9.9031E+00
   7.3700E-02   5.5300E+02   2.9815E+02   6.6327E+04   7.2645E-05   9.8923E+00
   7.4100E-02   5.5300E+02   2.9815E+02   6.6327E+04   7.2567E-05   9.8816E+00
   7.4500E-02   5.5300E+02   2.9815E+02   6.6327E+04   7.2489E-05   9.8710E+00
   7.4900E-02   5.5300E+02   2.9815E+02   6.6327E+04   7.2411E-05   9.8604E+00
   7.5300E-02   5.5300E+02   2.9815E+02   6.6327E+04   7.2334E-05   9.8499E+00
   7.5700E-02   5.5300E+02   2.9815E+02   6.6327E+04   7.2257E-05   9.8395E+00
   7.6100E-02   5.5300E+02   2.9815E+02   6.6327E+04   7.2181E-05   9.8292E+00
   7.6500E-02   5.5300E+02   2.9815E+02   6.6327E+04   7.2105E-05   9.8189E+00
   7.6900E-02   5.5300E+02   2.9815E+02   6.6327E+04   7.2030E-05   9.8086E+00
   7.7300E-02   5.5300E+02   2.9815E+02   6.6327E+04   7.1955E-05   9.7984E+00
   7.7700E-02   5.5300E+02   2.9815E+02   6.6327E+04   7.1881E-05   9.7883E+00
   7.8100E-02   5.5300E+02   2.9815E+02   6.6327E+04   7.1807E-05   9.7783E+00
   7.8500E-02   5.5300E+02   2.9815E+02   6.6341E+04   7.1817E-05   9.7796E+00
   7.8900E-02   5.5300E+02   2.9815E+02   6.6341E+04   7.1743E-05   9.7696E+00
   7.9300E-02   5.5300E+02   2.9815E+02   6.6341E+04   7.1670E-05   9.7597E+00
   7.9700E-02   5.5300E+02   2.9815E+02   6.6341E+04   7.1598E-05   9.7498E+00
   8.0100E-02   5.5300E+02   2.9815E+02   6.6341E+04   7.1525E-05   9.7399E+00
   8.0500E-02   5.5300E+02   2.9815E+02   6.6341E+04   7.1454E-05   9.7302E+00
   8.0900E-02   5.5300E+02   2.9815E+02   6.6341E+04   7.1382E-05   9.7205E+00
   8.1300E-02   5.5300E+02   2.9815E+02   6.6341E+04   7.1311E-05   9.7108E+00
   8.1700E-02   5.5300E+02   2.9815E+02   6.6341E+04   7.1241E-05   9.7012E+00
   8.2100E-02   5.5300E+02   2.9815E+02   6.6341E+04   7.1170E-05   9.6916E+00
   8.2600E-02   5.5300E+02   2.9815E+02   6.6341E+04   7.1083E-05   9.6798E+00
   8.3100E-02   5.5300E+02   2.9815E+02   6.6341E+04   7.0996E-05   9.6680E+00
   8.3600E-02   5.5300E+02   2.9815E+02   6.6355E+04   7.1003E-05   9.6688E+00
   8.4100E-02   5.5300E+02   2.9815E+02   6.6355E+04   7.0916E-05   9.6571E+00
   8.4600E-02   5.5300E+02   2.9815E+02   6.6355E+04   7.0831E-05   9.6454E+00
   8.5100E-02   5.5300E+02   2.9815E+02   6.6355E+04   7.0746E-05   9.6339E+00
   8.5600E-02   5.5300E+02   2.9815E+02   6.6355E+04   7.0661E-05   9.6224E+00
   8.6100E-02   5.5300E+02   2.9815E+02   6.6355E+04   7.0578E-05   9.6110E+00
   8.6600E-02   5.5300E+02   2.9815E+02   6.6355E+04   7.0494E-05   9.5997E+00
   8.7100E-02   5.5300E+02   2.9815E+02   6.6355E+04   7.0412E-05   9.5884E+00
   8.7600E-02   5.5300E+02   2.9815E+02   6.6355E+04   7.0330E-05   9.5772E+00
   8.8100E-02   5.5300E+02   2.9815E+02   6.6355E+04   7.0248E-05   9.5661E+00
   8.8600E-02   5.5300E+02   2.9815E+02   6.6355E+04   7.0167E-05   9.5551E+00
   8.9100E-02   5.5300E+02   2.9815E+02   6.6368E+04   7.0168E-05   9.5552E+00
   8.9600E-02   5.5300E+02   2.9815E+02   6.6368E+04   7.0087E-05   9.5443E+00
   9.0100E-02   5.5300E+02   2.9815E+02   6.6368E+04   7.0007E-05   9.5334E+00
   9.0600E-02   5.5300E+02   2.9815E+02   6.6368E+04   6.9927E-05   9.5225E+00
   9.1100E-02   5.5300E+02   2.9815E+02   6.6368E+04   6.9848E-05   9.5118E+00
   9.1600E-02   5.5300E+02   2.9815E+02   6.6368E+04   6.9770E-05   9.5010E+00
   9.2100E-02   5.5300E+02   2.9815E+02   6.6368E+04   6.9691E-05   9.4904E+00
   9.2600E-02   5.5300E+02   2.9815E+02   6.6368E+04   6.9614E-05   9.4798E+00
   9.3100E-02   5.5300E+02   2.9815E+02   6.6368E+04   6.9536E-05   9.4693E+00
   9.3600E-02   5.5300E+02   2.9815E+02   6.6368E+04   6.9459E-05   9.4588E+00
   9.4100E-02   5.5300E+02   2.9815E+02   6.6368E+04   6.9383E-05   9.4484E+00
   9.4600E-02   5.5300E+02   2.9815E+02   6.6382E+04   6.9391E-05   9.4496E+00
   9.5100E-02   5.5300E+02   2.9815E+02   6.6382E+04   6.9315E-05   9.4392E+00
   9.5600E-02   5.5300E+02   2.9815E+02   6.6382E+04   6.9239E-05   9.4289E+00
   9.6100E-02   5.5300E+02   2.9815E+02   6.6382E+04   6.9164E-05   9.4187E+00
   9.6600E-02   5.5300E+02   2.9815E+02   6.6382E+04   6.9090E-05   9.4085E+00
   9.7100E-02   5.5300E+02   2.9815E+02   6.6382E+04   6.9015E-05   9.3984E+00
   9.7600E-02   5.5300E+02   2.9815E+02   6.6382E+04   6.8941E-05   9.3883E+00
   9.8100E-02   5.5300E+02   2.9815E+02   6.6382E+04   6.8868E-05   9.3783E+00
   9.8600E-02   5.5300E+02   2.9815E+02   6.6382E+04   6.8795E-05   9.3684E+00
   9.9100E-02   5.5300E+02   2.9815E+02   6.6382E+04   6.8722E-05   9.3585E+00
   9.9600E-02   5.5300E+02   2.9815E+02   6.6382E+04   6.8650E-05   9.3486E+00
   1.0010E-01   5.5300E+02   2.9815E+02   6.6382E+04   6.8578E-05   9.3388E+00
   1.0060E-01   5.5300E+02   2.9815E+02   6.6382E+04   6.8506E-05   9.3291E+00
   1.0110E-01   5.5300E+02   2.9815E+02   6.6395E+04   6.8517E-05   9.3305E+00
   1.0160E-01   5.5300E+02   2.9815E+02   6.6395E+04   6.8445E-05   9.3208E+00
   1.0220E-01   5.5300E+02   2.9815E+02   6.6395E+04   6.8360E-05   9.3092E+00
   1.0280E-01   5.5300E+02   2.9815E+02   6.6395E+04   6.8276E-05   9.2977E+00
   1.0340E-01   5.5300E+02   2.9815E+02   6.6395E+04   6.8192E-05   9.2863E+00
   1.0400E-01   5.5300E+02   2.9815E+02   6.6395E+04   6.8108E-05   9.2749E+00
   1.0460E-01   5.5300E+02   2.9815E+02   6.6395E+04   6.8025E-05   9.2637E+00
   1.0520E-01   5.5300E+02   2.9815E+02   6.6395E+04   6.7943E-05   9.2524E+00
   1.0580E-01   5.5300E+02   2.9815E+02   6.6395E+04   6.7861E-05   9.2413E+00
   1.0640E-01   5.5300E+02   2.9815E+02   6.6408E+04   6.7852E-05   9.2401E+00
   1.0700E-01   5.5300E+02   2.9815E+02   6.6408E+04   6.7771E-05   9.2290E+00
   1.0760E-01   5.5300E+02   2.9815E+02   6.6408E+04   6.7690E-05   9.2180E+00
   1.0820E-01   5.5300E+02   2.9815E+02   6.6408E+04   6.7609E-05   9.2070E+00
   1.0880E-01   5.5300E+02   2.9815E+02   6.6408E+04   6.7529E-05   9.1961E+00
   1.0940E-01   5.5300E+02   2.9815E+02   6.6408E+04   6.7450E-05   9.1853E+00
   1.1000E-01   5.5300E+02   2.9815E+02   6.6408E+04   6.7370E-05   9.1745E+00
   1.1060E-01   5.5300E+02   2.9815E+02   6.6408E+04   6.7292E-05   9.1638E+00
   1.1120E-01   5.5300E+02   2.9815E+02   6.6408E+04   6.7213E-05   9.1531E+00
   1.1180E-01   5.5300E+02   2.9815E+02   6.6408E+04   6.7135E-05   9.1425E+00
   1.1240E-01   5.5300E+02   2.9815E+02   6.6421E+04   6.7139E-05   9.1430E+00
   1.1300E-01   5.5300E+02   2.9815E+02   6.6421E+04   6.7061E-05   9.1324E+00
   1.1360E-01   5.5300E+02   2.9815E+02   6.6421E+04   6.6984E-05   9.1219E+00
   1.1420E-01   5.5300E+02   2.9815E+02   6.6421E+04   6.6908E-05   9.1115E+00
   1.1480E-01   5.5300E+02   2.9815E+02   6.6421E+04   6.6831E-05   9.1011E+00
   1.1540E-01   5.5300E+02   2.9815E+02   6.6421E+04   6.6756E-05   9.0908E+00
   1.1600E-01   5.5300E+02   2.9815E+02   6.6421E+04   6.6680E-05   9.0805E+00
   1.1660E-01   5.5300E+02   2.9815E+02   6.6421E+04   6.6605E-05   9.0703E+00
   1.1720E-01   5.5300E+02   2.9815E+02   6.6421E+04   6.6530E-05   9.0601E+00
   1.1780E-01   5.5300E+02   2.9815E+02   6.6434E+04   6.6533E-05   9.0606E+00
   1.1840E-01   5.5300E+02   2.9815E+02   6.6434E+04   6.6459E-05   9.0504E+00
   1.1900E-01   5.5300E+02   2.9815E+02   6.6434E+04   6.6385E-05   9.0403E+00
   1.1970E-01   5.5300E+02   2.9815E+02   6.6434E+04   6.6299E-05   9.0286E+00
   1.2040E-01   5.5300E+02   2.9815E+02   6.6434E+04   6.6214E-05   9.0170E+00
   1.2110E-01   5.5300E+02   2.9815E+02   6.6434E+04   6.6129E-05   9.0055E+00
   1.2180E-01   5.5300E+02   2.9815E+02   6.6434E+04   6.6045E-05   8.9940E+00
   1.2250E-01   5.5300E+02   2.9815E+02   6.6434E+04   6.5961E-05   8.9826E+00
   1.2320E-01   5.5300E+02   2.9815E+02   6.6434E+04   6.5877E-05   8.9712E+00
   1.2390E-01   5.5300E+02   2.9815E+02   6.6447E+04   6.5870E-05   8.9702E+00
   1.2460E-01   5.5300E+02   2.9815E+02   6.6447E+04   6.5787E-05   8.9589E+00
   1.2530E-01   5.5300E+02   2.9815E+02   6.6447E+04   6.5704E-05   8.9476E+00
   1.2600E-01   5.5300E+02   2.9815E+02   6.6447E+04   6.5622E-05   8.9365E+00
   1.2670E-01   5.5300E+02   2.9815E+02   6.6447E+04   6.5541E-05   8.9254E+00
   1.2740E-01   5.5300E+02   2.9815E+02   6.6447E+04   6.5460E-05   8.9143E+00
   1.2810E-01   5.5300E+02   2.9815E+02   6.6447E+04   6.5379E-05   8.9034E+00
   1.2880E-01   5.5300E+02   2.9815E+02   6.6447E+04   6.5299E-05   8.8924E+00
   1.2950E-01   5.5300E+02   2.9815E+02   6.6447E+04   6.5219E-05   8.8815E+00
   1.3020E-01   5.5300E+02   2.9815E+02   6.6460E+04   6.5214E-05   8.8809E+00
   1.3090E-01   5.5300E+02   2.9815E+02   6.6460E+04   6.5135E-05   8.8701E+00
   1.3160E-01   5.5300E+02   2.9815E+02   6.6460E+04   6.5056E-05   8.8594E+00
   1.3230E-01   5.5300E+02   2.9815E+02   6.6460E+04   6.4977E-05   8.8487E+00
   1.3300E-01   5.5300E+02   2.9815E+02   6.6460E+04   6.4899E-05   8.8380E+00
   1.3370E-01   5.5300E+02   2.9815E+02   6.6460E+04   6.4821E-05   8.8274E+00
   1.3440E-01   5.5300E+02   2.9815E+02   6.6460E+04   6.4744E-05   8.8169E+00
   1.3510E-01   5.5300E+02   2.9815E+02   6.6460E+04   6.4667E-05   8.8064E+00
   1.3580E-01   5.5300E+02   2.9815E+02   6.6474E+04   6.4666E-05   8.8063E+00
   1.3660E-01   5.5300E+02   2.9815E+02   6.6474E+04   6.4579E-05   8.7944E+00
   1.3740E-01   5.5300E+02   2.9815E+02   6.6474E+04   6.4491E-05   8.7825E+00
   1.3820E-01   5.5300E+02   2.9815E+02   6.6474E+04   6.4405E-05   8.7707E+00
   1.3900E-01   5.5300E+02   2.9815E+02   6.6474E+04   6.4319E-05   8.7590E+00
   1.3980E-01   5.5300E+02   2.9815E+02   6.6474E+04   6.4233E-05   8.7473E+00
   1.4060E-01   5.5300E+02   2.9815E+02   6.6474E+04   6.4148E-05   8.7357E+00
   1.4140E-01   5.5300E+02   2.9815E+02   6.6474E+04   6.4063E-05   8.7241E+00
   1.4220E-01   5.5300E+02   2.9815E+02   6.6488E+04   6.4062E-05   8.7240E+00
   1.4300E-01   5.5300E+02   2.9815E+02   6.6488E+04   6.3978E-05   8.7125E+00
   1.4380E-01   5.5300E+02   2.9815E+02   6.6488E+04   6.3894E-05   8.7011E+00
   1.4460E-01   5.5300E+02   2.9815E+02   6.6488E+04   6.3810E-05   8.6897E+00
   1.4540E-01   5.5300E+02   2.9815E+02   6.6488E+04   6.3727E-05   8.6784E+00
   1.4620E-01   5.5300E+02   2.9815E+02   6.6488E+04   6.3644E-05   8.6671E+00
   1.4700E-01   5.5300E+02   2.9815E+02   6.6488E+04   6.3562E-05   8.6559E+00
   1.4780E-01   5.5300E+02   2.9815E+02   6.6488E+04   6.3480E-05   8.6448E+00
   1.4860E-01   5.5300E+02   2.9815E+02   6.6488E+04   6.3399E-05   8.6337E+00
   1.4940E-01   5.5300E+02   2.9815E+02   6.6502E+04   6.3394E-05   8.6330E+00
   1.5020E-01   5.5300E+02   2.9815E+02   6.6502E+04   6.3313E-05   8.6219E+00
   1.5100E-01   5.5300E+02   2.9815E+02   6.6502E+04   6.3232E-05   8.6110E+00
   1.5180E-01   5.5300E+02   2.9815E+02   6.6502E+04   6.3152E-05   8.6000E+00
   1.5270E-01   5.5300E+02   2.9815E+02   6.6502E+04   6.3062E-05   8.5878E+00
   1.5360E-01   5.5300E+02   2.9815E+02   6.6502E+04   6.2973E-05   8.5757E+00
   1.5450E-01   5.5300E+02   2.9815E+02   6.6515E+04   6.2954E-05   8.5731E+00
   1.5540E-01   5.5300E+02   2.9815E+02   6.6515E+04   6.2865E-05   8.5610E+00
   1.5630E-01   5.5300E+02   2.9815E+02   6.6515E+04   6.2777E-05   8.5490E+00
   1.5720E-01   5.5300E+02   2.9815E+02   6.6515E+04   6.2689E-05   8.5370E+00
   1.5810E-01   5.5300E+02   2.9815E+02   6.6515E+04   6.2602E-05   8.5252E+00
   1.5900E-01   5.5300E+02   2.9815E+02   6.6515E+04   6.2515E-05   8.5133E+00
   1.5990E-01   5.5300E+02   2.9815E+02   6.6515E+04   6.2429E-05   8.5016E+00
   1.6080E-01   5.5300E+02   2.9815E+02   6.6528E+04   6.2417E-05   8.5000E+00
   1.6170E-01   5.5300E+02   2.9815E+02   6.6528E+04   6.2331E-05   8.4883E+00
   1.6260E-01   5.5300E+02   2.9815E+02   6.6528E+04   6.2246E-05   8.4766E+00
   1.6350E-01   5.5300E+02   2.9815E+02   6.6528E+04   6.2161E-05   8.4650E+00
   1.6440E-01   5.5300E+02   2.9815E+02   6.6528E+04   6.2076E-05   8.4535E+00
   1.6530E-01   5.5300E+02   2.9815E+02   6.6528E+04   6.1992E-05   8.4420E+00
   1.6620E-01   5.5300E+02   2.9815E+02   6.6528E+04   6.1908E-05   8.4306E+00
   1.6710E-01   5.5300E+02   2.9815E+02   6.6528E+04   6.1825E-05   8.4193E+00
   1.6800E-01   5.5300E+02   2.9815E+02   6.6541E+04   6.1811E-05   8.4174E+00
   1.6890E-01   5.5300E+02   2.9815E+02   6.6541E+04   6.1728E-05   8.4061E+00
   1.6980E-01   5.5300E+02   2.9815E+02   6.6541E+04   6.1645E-05   8.3948E+00
   1.7080E-01   5.5300E+02   2.9815E+02   6.6541E+04   6.1554E-05   8.3824E+00
   1.7180E-01   5.5300E+02   2.9815E+02   6.6541E+04   6.1463E-05   8.3700E+00
   1.7280E-01   5.5300E+02   2.9815E+02   6.6541E+04   6.1373E-05   8.3577E+00
   1.7380E-01   5.5300E+02   2.9815E+02   6.6554E+04   6.1349E-05   8.3545E+00
   1.7480E-01   5.5300E+02   2.9815E+02   6.6554E+04   6.1260E-05   8.3423E+00
   1.7580E-01   5.5300E+02   2.9815E+02   6.6554E+04   6.1170E-05   8.3301E+00
   1.7680E-01   5.5300E+02   2.9815E+02   6.6554E+04   6.1081E-05   8.3180E+00
   1.7780E-01   5.5300E+02   2.9815E+02   6.6554E+04   6.0993E-05   8.3060E+00
   1.7880E-01   5.5300E+02   2.9815E+02   6.6554E+04   6.0905E-05   8.2940E+00
   1.7980E-01   5.5300E+02   2.9815E+02   6.6566E+04   6.0883E-05   8.2910E+00
   1.8080E-01   5.5300E+02   2.9815E+02   6.6566E+04   6.0796E-05   8.2791E+00
   1.8180E-01   5.5300E+02   2.9815E+02   6.6566E+04   6.0709E-05   8.2673E+00
   1.8280E-01   5.5300E+02   2.9815E+02   6.6566E+04   6.0622E-05   8.2555E+00
   1.8380E-01   5.5300E+02   2.9815E+02   6.6566E+04   6.0536E-05   8.2437E+00
   1.8480E-01   5.5300E+02   2.9815E+02   6.6566E+04   6.0450E-05   8.2321E+00
   1.8580E-01   5.5300E+02   2.9815E+02   6.6578E+04   6.0429E-05   8.2292E+00
   1.8680E-01   5.5300E+02   2.9815E+02   6.6578E+04   6.0344E-05   8.2175E+00
   1.8790E-01   5.5300E+02   2.9815E+02   6.6578E+04   6.0251E-05   8.2048E+00
   1.8900E-01   5.5300E+02   2.9815E+02   6.6578E+04   6.0158E-05   8.1922E+00
   1.9010E-01   5.5300E+02   2.9815E+02   6.6578E+04   6.0066E-05   8.1796E+00
   1.9120E-01   5.5300E+02   2.9815E+02   6.6578E+04   5.9974E-05   8.1671E+00
   1.9230E-01   5.5300E+02   2.9815E+02   6.6592E+04   5.9956E-05   8.1647E+00
   1.9340E-01   5.5300E+02   2.9815E+02   6.6592E+04   5.9865E-05   8.1523E+00
   1.9450E-01   5.5300E+02   2.9815E+02   6.6592E+04   5.9774E-05   8.1399E+00
   1.9560E-01   5.5300E+02   2.9815E+02   6.6592E+04   5.9684E-05   8.1276E+00
   1.9670E-01   5.5300E+02   2.9815E+02   6.6592E+04   5.9594E-05   8.1153E+00
   1.9780E-01   5.5300E+02   2.9815E+02   6.6592E+04   5.9504E-05   8.1032E+00
   1.9890E-01   5.5300E+02   2.9815E+02   6.6604E+04   5.9478E-05   8.0996E+00
   2.0000E-01   5.5300E+02   2.9815E+02   6.6604E+04   5.9389E-05   8.0875E+00
   2.0110E-01   5.5300E+02   2.9815E+02   6.6604E+04   5.9301E-05   8.0755E+00
   2.0220E-01   5.5300E+02   2.9815E+02   6.6604E+04   5.9213E-05   8.0635E+00
   2.0330E-01   5.5300E+02   2.9815E+02   6.6604E+04   5.9125E-05   8.0515E+00
   2.0440E-01   5.5300E+02   2.9815E+02   6.6604E+04   5.9038E-05   8.0397E+00
   2.0560E-01   5.5300E+02   2.9815E+02   6.6617E+04   5.9006E-05   8.0353E+00
   2.0680E-01   5.5300E+02   2.9815E+02   6.6617E+04   5.8912E-05   8.0224E+00
   2.0800E-01   5.5300E+02   2.9815E+02   6.6617E+04   5.8818E-05   8.0096E+00
   2.0920E-01   5.5300E+02   2.9815E+02   6.6617E+04   5.8724E-05   7.9969E+00
   2.1040E-01   5.5300E+02   2.9815E+02   6.6617E+04   5.8631E-05   7.9842E+00
   2.1160E-01   5.5300E+02   2.9815E+02   6.6628E+04   5.8599E-05   7.9798E+00
   2.1280E-01   5.5300E+02   2.9815E+02   6.6628E+04   5.8507E-05   7.9673E+00
   2.1400E-01   5.5300E+02   2.9815E+02   6.6628E+04   5.8415E-05   7.9547E+00
   2.1520E-01   5.5300E+02   2.9815E+02   6.6628E+04   5.8323E-05   7.9423E+00
   2.1640E-01   5.5300E+02   2.9815E+02   6.6628E+04   5.8232E-05   7.9299E+00
   2.1760E-01   5.5300E+02   2.9815E+02   6.6642E+04   5.8208E-05   7.9266E+00
   2.1880E-01   5.5300E+02   2.9815E+02   6.6642E+04   5.8118E-05   7.9143E+00
   2.2000E-01   5.5300E+02   2.9815E+02   6.6642E+04   5.8028E-05   7.9020E+00
   2.2120E-01   5.5300E+02   2.9815E+02   6.6642E+04   5.7938E-05   7.8898E+00
   2.2250E-01   5.5300E+02   2.9815E+02   6.6642E+04   5.7842E-05   7.8767E+00
   2.2380E-01   5.5300E+02   2.9815E+02   6.6642E+04   5.7746E-05   7.8636E+00
   2.2510E-01   5.5300E+02   2.9815E+02   6.6654E+04   5.7713E-05   7.8592E+00
   2.2640E-01   5.5300E+02   2.9815E+02   6.6654E+04   5.7618E-05   7.8462E+00
   2.2770E-01   5.5300E+02   2.9815E+02   6.6654E+04   5.7523E-05   7.8333E+00
   2.2900E-01   5.5300E+02   2.9815E+02   6.6654E+04   5.7429E-05   7.8204E+00
   2.3030E-01   5.5300E+02   2.9815E+02   6.6654E+04   5.7335E-05   7.8076E+00
   2.3160E-01   5.5300E+02   2.9815E+02   6.6667E+04   5.7306E-05   7.8037E+00
   2.3290E-01   5.5300E+02   2.9815E+02   6.6667E+04   5.7213E-05   7.7910E+00
   2.3420E-01   5.5300E+02   2.9815E+02   6.6667E+04   5.7120E-05   7.7783E+00
   2.3550E-01   5.5300E+02   2.9815E+02   6.6667E+04   5.7027E-05   7.7657E+00
   2.3680E-01   5.5300E+02   2.9815E+02   6.6667E+04   5.6936E-05   7.7532E+00
   2.3810E-01   5.5300E+02   2.9815E+02   6.6679E+04   5.6902E-05   7.7487E+00
   2.3950E-01   5.5300E+02   2.9815E+02   6.6679E+04   5.6804E-05   7.7353E+00
   2.4090E-01   5.5300E+02   2.9815E+02   6.6679E+04   5.6706E-05   7.7220E+00
   2.4230E-01   5.5300E+02   2.9815E+02   6.6679E+04   5.6609E-05   7.7088E+00
   2.4370E-01   5.5300E+02   2.9815E+02   6.6679E+04   5.6512E-05   7.6956E+00
   2.4510E-01   5.5300E+02   2.9815E+02   6.6693E+04   5.6484E-05   7.6917E+00
   2.4650E-01   5.5300E+02   2.9815E+02   6.6693E+04   5.6387E-05   7.6786E+00
   2.4790E-01   5.5300E+02   2.9815E+02   6.6693E+04   5.6292E-05   7.6656E+00
   2.4930E-01   5.5300E+02   2.9815E+02   6.6693E+04   5.6197E-05   7.6526E+00
   2.5070E-01   5.5300E+02   2.9815E+02   6.6705E+04   5.6161E-05   7.6478E+00
   2.5210E-01   5.5300E+02   2.9815E+02   6.6705E+04   5.6067E-05   7.6349E+00
   2.5350E-01   5.5300E+02   2.9815E+02   6.6705E+04   5.5973E-05   7.6221E+00
   2.5490E-01   5.5300E+02   2.9815E+02   6.6705E+04   5.5880E-05   7.6094E+00
   2.5640E-01   5.5300E+02   2.9815E+02   6.6705E+04   5.5780E-05   7.5958E+00
   2.5790E-01   5.5300E+02   2.9815E+02   6.6717E+04   5.5741E-05   7.5905E+00
   2.5940E-01   5.5300E+02   2.9815E+02   6.6717E+04   5.5642E-05   7.5771E+00
   2.6090E-01   5.5300E+02   2.9815E+02   6.6717E+04   5.5544E-05   7.5637E+00
   2.6240E-01   5.5300E+02   2.9815E+02   6.6717E+04   5.5446E-05   7.5504E+00
   2.6390E-01   5.5300E+02   2.9815E+02   6.6717E+04   5.5349E-05   7.5371E+00
   2.6540E-01   5.5300E+02   2.9815E+02   6.6734E+04   5.5332E-05   7.5347E+00
   2.6690E-01   5.5300E+02   2.9815E+02   6.6734E+04   5.5235E-05   7.5216E+00
   2.6840E-01   5.5300E+02   2.9815E+02   6.6734E+04   5.5139E-05   7.5085E+00
   2.6990E-01   5.5300E+02   2.9815E+02   6.6734E+04   5.5043E-05   7.4955E+00
   2.7140E-01   5.5300E+02   2.9815E+02   6.6734E+04   5.4948E-05   7.4825E+00
   2.7300E-01   5.5300E+02   2.9815E+02   6.6747E+04   5.4909E-05   7.4772E+00
   2.7460E-01   5.5300E+02   2.9815E+02   6.6747E+04   5.4808E-05   7.4635E+00
   2.7620E-01   5.5300E+02   2.9815E+02   6.6747E+04   5.4708E-05   7.4498E+00
   2.7780E-01   5.5300E+02   2.9815E+02   6.6747E+04   5.4609E-05   7.4363E+00
   2.7940E-01   5.5300E+02   2.9815E+02   6.6747E+04   5.4510E-05   7.4228E+00
   2.8100E-01   5.5300E+02   2.9815E+02   6.6762E+04   5.4481E-05   7.4189E+00
   2.8260E-01   5.5300E+02   2.9815E+02   6.6762E+04   5.4383E-05   7.4055E+00
   2.8420E-01   5.5300E+02   2.9815E+02   6.6762E+04   5.4285E-05   7.3922E+00
   2.8580E-01   5.5300E+02   2.9815E+02   6.6762E+04   5.4188E-05   7.3790E+00
   2.8740E-01   5.5300E+02   2.9815E+02   6.6762E+04   5.4092E-05   7.3658E+00
   2.8900E-01   5.5300E+02   2.9815E+02   6.6777E+04   5.4067E-05   7.3625E+00
   2.9070E-01   5.5300E+02   2.9815E+02   6.6777E+04   5.3965E-05   7.3486E+00
   2.9240E-01   5.5300E+02   2.9815E+02   6.6777E+04   5.3864E-05   7.3348E+00
   2.9410E-01   5.5300E+02   2.9815E+02   6.6777E+04   5.3763E-05   7.3210E+00
   2.9580E-01   5.5300E+02   2.9815E+02   6.6777E+04   5.3663E-05   7.3074E+00
   2.9750E-01   5.5300E+02   2.9815E+02   6.6789E+04   5.3619E-05   7.3015E+00
   2.9920E-01   5.5300E+02   2.9815E+02   6.6789E+04   5.3520E-05   7.2879E+00
   3.0090E-01   5.5300E+02   2.9815E+02   6.6789E+04   5.3421E-05   7.2745E+00
   3.0260E-01   5.5300E+02   2.9815E+02   6.6789E+04   5.3322E-05   7.2611E+00
   3.0430E-01   5.5300E+02   2.9815E+02   6.6806E+04   5.3303E-05   7.2584E+00
   3.0600E-01   5.5300E+02   2.9815E+02   6.6806E+04   5.3205E-05   7.2451E+00
   3.0780E-01   5.5300E+02   2.9815E+02   6.6806E+04   5.3102E-05   7.2311E+00
   3.0960E-01   5.5300E+02   2.9815E+02   6.6806E+04   5.3000E-05   7.2171E+00
   3.1140E-01   5.5300E+02   2.9815E+02   6.6806E+04   5.2898E-05   7.2033E+00
   3.1320E-01   5.5300E+02   2.9815E+02   6.6822E+04   5.2870E-05   7.1994E+00
   3.1500E-01   5.5300E+02   2.9815E+02   6.6822E+04   5.2769E-05   7.1857E+00
   3.1680E-01   5.5300E+02   2.9815E+02   6.6822E+04   5.2669E-05   7.1720E+00
   3.1860E-01   5.5300E+02   2.9815E+02   6.6822E+04   5.2569E-05   7.1584E+00
   3.2040E-01   5.5300E+02   2.9815E+02   6.6822E+04   5.2470E-05   7.1449E+00
   3.2220E-01   5.5300E+02   2.9815E+02   6.6822E+04   5.2371E-05   7.1315E+00
   3.2410E-01   5.5300E+02   2.9815E+02   6.6841E+04   5.2349E-05   7.1285E+00
   3.2600E-01   5.5300E+02   2.9815E+02   6.6841E+04   5.2246E-05   7.1144E+00
   3.2790E-01   5.5300E+02   2.9815E+02   6.6841E+04   5.2143E-05   7.1004E+00
   3.2980E-01   5.5300E+02   2.9815E+02   6.6841E+04   5.2041E-05   7.0865E+00
   3.3170E-01   5.5300E+02   2.9815E+02   6.6841E+04   5.1939E-05   7.0727E+00
   3.3360E-01   5.5300E+02   2.9815E+02   6.6853E+04   5.1894E-05   7.0665E+00
   3.3550E-01   5.5300E+02   2.9815E+02   6.6853E+04   5.1793E-05   7.0528E+00
   3.3740E-01   5.5300E+02   2.9815E+02   6.6853E+04   5.1693E-05   7.0392E+00
   3.3930E-01   5.5300E+02   2.9815E+02   6.6853E+04   5.1594E-05   7.0256E+00
   3.4130E-01   5.5300E+02   2.9815E+02   6.6868E+04   5.1555E-05   7.0203E+00
   3.4330E-01   5.5300E+02   2.9815E+02   6.6868E+04   5.1451E-05   7.0062E+00
   3.4530E-01   5.5300E+02   2.9815E+02   6.6868E+04   5.1348E-05   6.9921E+00
   3.4730E-01   5.5300E+02   2.9815E+02   6.6868E+04   5.1245E-05   6.9781E+00
   3.4930E-01   5.5300E+02   2.9815E+02   6.6868E+04   5.1143E-05   6.9642E+00
   3.5130E-01   5.5300E+02   2.9815E+02   6.6882E+04   5.1102E-05   6.9586E+00
   3.5330E-01   5.5300E+02   2.9815E+02   6.6882E+04   5.1001E-05   6.9448E+00
   3.5530E-01   5.5300E+02   2.9815E+02   6.6882E+04   5.0900E-05   6.9311E+00
   3.5730E-01   5.5300E+02   2.9815E+02   6.6882E+04   5.0800E-05   6.9175E+00
   3.5940E-01   5.5300E+02   2.9815E+02   6.6897E+04   5.0765E-05   6.9127E+00
   3.6150E-01   5.5300E+02   2.9815E+02   6.6897E+04   5.0661E-05   6.8985E+00
   3.6360E-01   5.5300E+02   2.9815E+02   6.6897E+04   5.0557E-05   6.8844E+00
   3.6570E-01   5.5300E+02   2.9815E+02   6.6897E+04   5.0454E-05   6.8704E+00
   3.6780E-01   5.5300E+02   2.9815E+02   6.6916E+04   5.0432E-05   6.8674E+00
   3.6990E-01   5.5300E+02   2.9815E+02   6.6916E+04   5.0330E-05   6.8535E+00
   3.7200E-01   5.5300E+02   2.9815E+02   6.6916E+04   5.0229E-05   6.8397E+00
   3.7410E-01   5.5300E+02   2.9815E+02   6.6916E+04   5.0128E-05   6.8260E+00
   3.7630E-01   5.5300E+02   2.9815E+02   6.6928E+04   5.0075E-05   6.8188E+00
   3.7850E-01   5.5300E+02   2.9815E+02   6.6928E+04   4.9971E-05   6.8046E+00
   3.8070E-01   5.5300E+02   2.9815E+02   6.6928E+04   4.9867E-05   6.7904E+00
   3.8290E-01   5.5300E+02   2.9815E+02   6.6928E+04   4.9764E-05   6.7763E+00
   3.8510E-01   5.5300E+02   2.9815E+02   6.6928E+04   4.9661E-05   6.7624E+00
   3.8730E-01   5.5300E+02   2.9815E+02   6.6941E+04   4.9616E-05   6.7562E+00
   3.8950E-01   5.5300E+02   2.9815E+02   6.6941E+04   4.9514E-05   6.7423E+00
   3.9170E-01   5.5300E+02   2.9815E+02   6.6941E+04   4.9413E-05   6.7286E+00
   3.9400E-01   5.5300E+02   2.9815E+02   6.6956E+04   4.9370E-05   6.7227E+00
   3.9630E-01   5.5300E+02   2.9815E+02   6.6956E+04   4.9265E-05   6.7084E+00
   3.9860E-01   5.5300E+02   2.9815E+02   6.6956E+04   4.9161E-05   6.6943E+00
   4.0090E-01   5.5300E+02   2.9815E+02   6.6956E+04   4.9058E-05   6.6802E+00
   4.0320E-01   5.5300E+02   2.9815E+02   6.6969E+04   4.9008E-05   6.6735E+00
   4.0550E-01   5.5300E+02   2.9815E+02   6.6969E+04   4.8906E-05   6.6595E+00
   4.0780E-01   5.5300E+02   2.9815E+02   6.6969E+04   4.8804E-05   6.6457E+00
   4.1010E-01   5.5300E+02   2.9815E+02   6.6969E+04   4.8703E-05   6.6319E+00
   4.1250E-01   5.5300E+02   2.9815E+02   6.6981E+04   4.8650E-05   6.6246E+00
   4.1490E-01   5.5300E+02   2.9815E+02   6.6981E+04   4.8545E-05   6.6104E+00
   4.1730E-01   5.5300E+02   2.9815E+02   6.6981E+04   4.8441E-05   6.5963E+00
   4.1970E-01   5.5300E+02   2.9815E+02   6.6994E+04   4.8389E-05   6.5891E+00
   4.2210E-01   5.5300E+02   2.9815E+02   6.6994E+04   4.8286E-05   6.5752E+00
   4.2450E-01   5.5300E+02   2.9815E+02   6.6994E+04   4.8184E-05   6.5612E+00
   4.2690E-01   5.5300E+02   2.9815E+02   6.7006E+04   4.8134E-05   6.5543E+00
   4.2930E-01   5.5300E+02   2.9815E+02   6.7006E+04   4.8032E-05   6.5405E+00
   4.3180E-01   5.5300E+02   2.9815E+02   6.7006E+04   4.7928E-05   6.5263E+00
   4.3430E-01   5.5300E+02   2.9815E+02   6.7018E+04   4.7874E-05   6.5189E+00
   4.3680E-01   5.5300E+02   2.9815E+02   6.7018E+04   4.7770E-05   6.5048E+00
   4.3930E-01   5.5300E+02   2.9815E+02   6.7018E+04   4.7667E-05   6.4908E+00
   4.4180E-01   5.5300E+02   2.9815E+02   6.7032E+04   4.7620E-05   6.4843E+00
   4.4430E-01   5.5300E+02   2.9815E+02   6.7032E+04   4.7518E-05   6.4705E+00
   4.4680E-01   5.5300E+02   2.9815E+02   6.7032E+04   4.7417E-05   6.4567E+00
   4.4940E-01   5.5300E+02   2.9815E+02   6.7032E+04   4.7312E-05   6.4424E+00
   4.5200E-01   5.5300E+02   2.9815E+02   6.7047E+04   4.7267E-05   6.4363E+00
   4.5460E-01   5.5300E+02   2.9815E+02   6.7047E+04   4.7164E-05   6.4222E+00
   4.5720E-01   5.5300E+02   2.9815E+02   6.7047E+04   4.7061E-05   6.4082E+00
   4.5980E-01   5.5300E+02   2.9815E+02   6.7062E+04   4.7019E-05   6.4025E+00
   4.6240E-01   5.5300E+02   2.9815E+02   6.7062E+04   4.6917E-05   6.3886E+00
   4.6500E-01   5.5300E+02   2.9815E+02   6.7062E+04   4.6815E-05   6.3748E+00
   4.6770E-01   5.5300E+02   2.9815E+02   6.7062E+04   4.6711E-05   6.3606E+00
   4.7040E-01   5.5300E+02   2.9815E+02   6.7074E+04   4.6657E-05   6.3532E+00
   4.7310E-01   5.5300E+02   2.9815E+02   6.7074E+04   4.6554E-05   6.3392E+00
   4.7580E-01   5.5300E+02   2.9815E+02   6.7074E+04   4.6451E-05   6.3252E+00
   4.7850E-01   5.5300E+02   2.9815E+02   6.7086E+04   4.6395E-05   6.3176E+00
   4.8120E-01   5.5300E+02   2.9815E+02   6.7086E+04   4.6294E-05   6.3038E+00
   4.8390E-01   5.5300E+02   2.9815E+02   6.7086E+04   4.6193E-05   6.2900E+00
   4.8670E-01   5.5300E+02   2.9815E+02   6.7101E+04   4.6149E-05   6.2840E+00
   4.8950E-01   5.5300E+02   2.9815E+02   6.7101E+04   4.6045E-05   6.2699E+00
   4.9230E-01   5.5300E+02   2.9815E+02   6.7101E+04   4.5942E-05   6.2559E+00
   4.9510E-01   5.5300E+02   2.9815E+02   6.7101E+04   4.5840E-05   6.2419E+00
   4.9790E-01   5.5300E+02   2.9815E+02   6.7118E+04   4.5805E-05   6.2372E+00
   5.0070E-01   5.5300E+02   2.9815E+02   6.7118E+04   4.5704E-05   6.2234E+00
   5.0350E-01   5.5300E+02   2.9815E+02   6.7118E+04   4.5603E-05   6.2097E+00
   5.0640E-01   5.5300E+02   2.9815E+02   6.7118E+04   4.5500E-05   6.1956E+00
   5.0930E-01   5.5300E+02   2.9815E+02   6.7134E+04   4.5458E-05   6.1900E+00
   5.1220E-01   5.5300E+02   2.9815E+02   6.7134E+04   4.5356E-05   6.1760E+00
   5.1510E-01   5.5300E+02   2.9815E+02   6.7134E+04   4.5254E-05   6.1622E+00
   5.1800E-01   5.5300E+02   2.9815E+02   6.7150E+04   4.5213E-05   6.1566E+00
   5.2090E-01   5.5300E+02   2.9815E+02   6.7150E+04   4.5112E-05   6.1429E+00
   5.2390E-01   5.5300E+02   2.9815E+02   6.7150E+04   4.5009E-05   6.1288E+00
   5.2690E-01   5.5300E+02   2.9815E+02   6.7150E+04   4.4906E-05   6.1148E+00
   5.2990E-01   5.5300E+02   2.9815E+02   6.7162E+04   4.4851E-05   6.1072E+00
   5.3290E-01   5.5300E+02   2.9815E+02   6.7162E+04   4.4749E-05   6.0934E+00
   5.3590E-01   5.5300E+02   2.9815E+02   6.7162E+04   4.4648E-05   6.0796E+00
   5.3890E-01   5.5300E+02   2.9815E+02   6.7178E+04   4.4605E-05   6.0738E+00
   5.4190E-01   5.5300E+02   2.9815E+02   6.7178E+04   4.4505E-05   6.0602E+00
   5.4500E-01   5.5300E+02   2.9815E+02   6.7178E+04   4.4403E-05   6.0462E+00
   5.4810E-01   5.5300E+02   2.9815E+02   6.7192E+04   4.4355E-05   6.0397E+00
   5.5120E-01   5.5300E+02   2.9815E+02   6.7192E+04   4.4253E-05   6.0259E+00
   5.5430E-01   5.5300E+02   2.9815E+02   6.7192E+04   4.4152E-05   6.0121E+00
   5.5740E-01   5.5300E+02   2.9815E+02   6.7205E+04   4.4101E-05   6.0052E+00
   5.6050E-01   5.5300E+02   2.9815E+02   6.7205E+04   4.4002E-05   5.9916E+00
   5.6370E-01   5.5300E+02   2.9815E+02   6.7205E+04   4.3899E-05   5.9777E+00
   5.6690E-01   5.5300E+02   2.9815E+02   6.7220E+04   4.3855E-05   5.9716E+00
   5.7010E-01   5.5300E+02   2.9815E+02   6.7220E+04   4.3753E-05   5.9578E+00
   5.7330E-01   5.5300E+02   2.9815E+02   6.7220E+04   4.3653E-05   5.9441E+00
   5.7650E-01   5.5300E+02   2.9815E+02   6.7220E+04   4.3553E-05   5.9306E+00
   5.7970E-01   5.5300E+02   2.9815E+02   6.7235E+04   4.3507E-05   5.9242E+00
   5.8300E-01   5.5300E+02   2.9815E+02   6.7235E+04   4.3405E-05   5.9104E+00
   5.8630E-01   5.5300E+02   2.9815E+02   6.7235E+04   4.3304E-05   5.8966E+00
   5.8960E-01   5.5300E+02   2.9815E+02   6.7248E+04   4.3253E-05   5.8896E+00
   5.9290E-01   5.5300E+02   2.9815E+02   6.7248E+04   4.3153E-05   5.8760E+00
   5.9620E-01   5.5300E+02   2.9815E+02   6.7261E+04   4.3100E-05   5.8688E+00
   5.9950E-01   5.5300E+02   2.9815E+02   6.7261E+04   4.3001E-05   5.8554E+00
   6.0290E-01   5.5300E+02   2.9815E+02   6.7273E+04   4.2945E-05   5.8477E+00
   6.0630E-01   5.5300E+02   2.9815E+02   6.7273E+04   4.2845E-05   5.8340E+00
   6.0970E-01   5.5300E+02   2.9815E+02   6.7273E+04   4.2745E-05   5.8204E+00
   6.1310E-01   5.5300E+02   2.9815E+02   6.7285E+04   4.2689E-05   5.8128E+00
   6.1650E-01   5.5300E+02   2.9815E+02   6.7285E+04   4.2590E-05   5.7993E+00
   6.2000E-01   5.5300E+02   2.9815E+02   6.7285E+04   4.2489E-05   5.7856E+00
   6.2350E-01   5.5300E+02   2.9815E+02   6.7285E+04   4.2389E-05   5.7720E+00
   6.2700E-01   5.5300E+02   2.9815E+02   6.7301E+04   4.2346E-05   5.7661E+00
   6.3050E-01   5.5300E+02   2.9815E+02   6.7301E+04   4.2247E-05   5.7526E+00
   6.3400E-01   5.5300E+02   2.9815E+02   6.7315E+04   4.2196E-05   5.7457E+00
   6.3750E-01   5.5300E+02   2.9815E+02   6.7315E+04   4.2098E-05   5.7323E+00
   6.4110E-01   5.5300E+02   2.9815E+02   6.7329E+04   4.2044E-05   5.7249E+00
   6.4470E-01   5.5300E+02   2.9815E+02   6.7329E+04   4.1944E-05   5.7114E+00
   6.4830E-01   5.5300E+02   2.9815E+02   6.7329E+04   4.1845E-05   5.6979E+00
   6.5190E-01   5.5300E+02   2.9815E+02   6.7329E+04   4.1747E-05   5.6845E+00
   6.5550E-01   5.5300E+02   2.9815E+02   6.7346E+04   4.1711E-05   5.6797E+00
   6.5920E-01   5.5300E+02   2.9815E+02   6.7346E+04   4.1611E-05   5.6661E+00
   6.6290E-01   5.5300E+02   2.9815E+02   6.7346E+04   4.1512E-05   5.6526E+00
   6.6660E-01   5.5300E+02   2.9815E+02   6.7361E+04   4.1465E-05   5.6461E+00
   6.7030E-01   5.5300E+02   2.9815E+02   6.7361E+04   4.1367E-05   5.6328E+00
   6.7400E-01   5.5300E+02   2.9815E+02   6.7361E+04   4.1269E-05   5.6195E+00
   6.7770E-01   5.5300E+02   2.9815E+02   6.7374E+04   4.1219E-05   5.6126E+00
   6.8150E-01   5.5300E+02   2.9815E+02   6.7374E+04   4.1120E-05   5.5992E+00
   6.8530E-01   5.5300E+02   2.9815E+02   6.7374E+04   4.1022E-05   5.5858E+00
   6.8910E-01   5.5300E+02   2.9815E+02   6.7388E+04   4.0973E-05   5.5791E+00
   6.9290E-01   5.5300E+02   2.9815E+02   6.7388E+04   4.0876E-05   5.5659E+00
   6.9670E-01   5.5300E+02   2.9815E+02   6.7388E+04   4.0780E-05   5.5528E+00
   7.0060E-01   5.5300E+02   2.9815E+02   6.7403E+04   4.0731E-05   5.5462E+00
   7.0450E-01   5.5300E+02   2.9815E+02   6.7403E+04   4.0633E-05   5.5329E+00
   7.0840E-01   5.5300E+02   2.9815E+02   6.7403E+04   4.0536E-05   5.5197E+00
   7.1230E-01   5.5300E+02   2.9815E+02   6.7417E+04   4.0488E-05   5.5131E+00
   7.1620E-01   5.5300E+02   2.9815E+02   6.7417E+04   4.0392E-05   5.5001E+00
   7.2020E-01   5.5300E+02   2.9815E+02   6.7431E+04   4.0342E-05   5.4932E+00
   7.2420E-01   5.5300E+02   2.9815E+02   6.7431E+04   4.0245E-05   5.4800E+00
   7.2820E-01   5.5300E+02   2.9815E+02   6.7431E+04   4.0149E-05   5.4669E+00
   7.3220E-01   5.5300E+02   2.9815E+02   6.7447E+04   4.0104E-05   5.4609E+00
   7.3620E-01   5.5300E+02   2.9815E+02   6.7447E+04   4.0009E-05   5.4479E+00
   7.4030E-01   5.5300E+02   2.9815E+02   6.7447E+04   3.9912E-05   5.4347E+00
   7.4440E-01   5.5300E+02   2.9815E+02   6.7461E+04   3.9863E-05   5.4280E+00
   7.4850E-01   5.5300E+02   2.9815E+02   6.7461E+04   3.9767E-05   5.4149E+00
   7.5260E-01   5.5300E+02   2.9815E+02   6.7473E+04   3.9712E-05   5.4074E+00
   7.5670E-01   5.5300E+02   2.9815E+02   6.7473E+04   3.9617E-05   5.3945E+00
   7.6090E-01   5.5300E+02   2.9815E+02   6.7473E+04   3.9521E-05   5.3814E+00
   7.6510E-01   5.5300E+02   2.9815E+02   6.7473E+04   3.9425E-05   5.3684E+00
   7.6930E-01   5.5300E+02   2.9815E+02   6.7488E+04   3.9381E-05   5.3623E+00
   7.7350E-01   5.5300E+02   2.9815E+02   6.7488E+04   3.9286E-05   5.3494E+00
   7.7770E-01   5.5300E+02   2.9815E+02   6.7505E+04   3.9248E-05   5.3442E+00
   7.8200E-01   5.5300E+02   2.9815E+02   6.7505E+04   3.9152E-05   5.3312E+00
   7.8630E-01   5.5300E+02   2.9815E+02   6.7505E+04   3.9057E-05   5.3182E+00
   7.9060E-01   5.5300E+02   2.9815E+02   6.7505E+04   3.8963E-05   5.3054E+00
   7.9490E-01   5.5300E+02   2.9815E+02   6.7522E+04   3.8921E-05   5.2998E+00
   7.9930E-01   5.5300E+02   2.9815E+02   6.7522E+04   3.8826E-05   5.2868E+00
   8.0370E-01   5.5300E+02   2.9815E+02   6.7537E+04   3.8779E-05   5.2804E+00
   8.0810E-01   5.5300E+02   2.9815E+02   6.7537E+04   3.8685E-05   5.2676E+00
   8.1250E-01   5.5300E+02   2.9815E+02   6.7537E+04   3.8591E-05   5.2548E+00
   8.1690E-01   5.5300E+02   2.9815E+02   6.7548E+04   3.8535E-05   5.2472E+00
   8.2140E-01   5.5300E+02   2.9815E+02   6.7561E+04   3.8482E-05   5.2399E+00
   8.2590E-01   5.5300E+02   2.9815E+02   6.7561E+04   3.8388E-05   5.2271E+00
   8.3040E-01   5.5300E+02   2.9815E+02   6.7561E+04   3.8295E-05   5.2144E+00
   8.3490E-01   5.5300E+02   2.9815E+02   6.7573E+04   3.8241E-05   5.2071E+00
   8.3950E-01   5.5300E+02   2.9815E+02   6.7573E+04   3.8147E-05   5.1943E+00
   8.4410E-01   5.5300E+02   2.9815E+02   6.7573E+04   3.8053E-05   5.1815E+00
   8.4870E-01   5.5300E+02   2.9815E+02   6.7590E+04   3.8012E-05   5.1759E+00
   8.5330E-01   5.5300E+02   2.9815E+02   6.7590E+04   3.7919E-05   5.1633E+00
   8.5790E-01   5.5300E+02   2.9815E+02   6.7602E+04   3.7866E-05   5.1560E+00
   8.6260E-01   5.5300E+02   2.9815E+02   6.7602E+04   3.7772E-05   5.1433E+00
   8.6730E-01   5.5300E+02   2.9815E+02   6.7602E+04   3.7680E-05   5.1307E+00
   8.7200E-01   5.5300E+02   2.9815E+02   6.7619E+04   3.7641E-05   5.1254E+00
   8.7670E-01   5.5300E+02   2.9815E+02   6.7619E+04   3.7549E-05   5.1129E+00
   8.8150E-01   5.5300E+02   2.9815E+02   6.7619E+04   3.7457E-05   5.1003E+00
   8.8630E-01   5.5300E+02   2.9815E+02   6.7634E+04   3.7410E-05   5.0939E+00
   8.9110E-01   5.5300E+02   2.9815E+02   6.7634E+04   3.7318E-05   5.0814E+00
   8.9590E-01   5.5300E+02   2.9815E+02   6.7645E+04   3.7263E-05   5.0740E+00
   9.0080E-01   5.5300E+02   2.9815E+02   6.7645E+04   3.7171E-05   5.0614E+00
   9.0570E-01   5.5300E+02   2.9815E+02   6.7660E+04   3.7125E-05   5.0551E+00
   9.1060E-01   5.5300E+02   2.9815E+02   6.7660E+04   3.7034E-05   5.0427E+00
   9.1550E-01   5.5300E+02   2.9815E+02   6.7660E+04   3.6943E-05   5.0304E+00
   9.2050E-01   5.5300E+02   2.9815E+02   6.7678E+04   3.6904E-05   5.0251E+00
   9.2550E-01   5.5300E+02   2.9815E+02   6.7678E+04   3.6813E-05   5.0126E+00
   9.3050E-01   5.5300E+02   2.9815E+02   6.7678E+04   3.6722E-05   5.0003E+00
   9.3550E-01   5.5300E+02   2.9815E+02   6.7693E+04   3.6677E-05   4.9941E+00
   9.4060E-01   5.5300E+02   2.9815E+02   6.7693E+04   3.6585E-05   4.9816E+00
   9.4570E-01   5.5300E+02   2.9815E+02   6.7705E+04   3.6531E-05   4.9742E+00
   9.5080E-01   5.5300E+02   2.9815E+02   6.7705E+04   3.6441E-05   4.9619E+00
   9.5590E-01   5.5300E+02   2.9815E+02   6.7718E+04   3.6390E-05   4.9551E+00
   9.6110E-01   5.5300E+02   2.9815E+02   6.7718E+04   3.6299E-05   4.9427E+00
   9.6630E-01   5.5300E+02   2.9815E+02   6.7718E+04   3.6209E-05   4.9304E+00
   9.7150E-01   5.5300E+02   2.9815E+02   6.7732E+04   3.6161E-05   4.9238E+00
   9.7670E-01   5.5300E+02   2.9815E+02   6.7732E+04   3.6072E-05   4.9117E+00
   9.8200E-01   5.5300E+02   2.9815E+02   6.7745E+04   3.6021E-05   4.9048E+00
   9.8730E-01   5.5300E+02   2.9815E+02   6.7745E+04   3.5931E-05   4.8926E+00
   9.9260E-01   5.5300E+02   2.9815E+02   6.7761E+04   3.5891E-05   4.8870E+00
   9.9790E-01   5.5300E+02   2.9815E+02   6.7761E+04   3.5802E-05   4.8750E+00
   1.0033E+00   5.5300E+02   2.9815E+02   6.7761E+04   3.5712E-05   4.8628E+00
   1.0087E+00   5.5300E+02   2.9815E+02   6.7778E+04   3.5671E-05   4.8572E+00
   1.0141E+00   5.5300E+02   2.9815E+02   6.7778E+04   3.5583E-05   4.8451E+00
   1.0195E+00   5.5300E+02   2.9815E+02   6.7794E+04   3.5544E-05   4.8398E+00
   1.0250E+00   5.5300E+02   2.9815E+02   6.7794E+04   3.5455E-05   4.8277E+00
   1.0305E+00   5.5300E+02   2.9815E+02   6.7808E+04   3.5404E-05   4.8209E+00
   1.0360E+00   5.5300E+02   2.9815E+02   6.7808E+04   3.5317E-05   4.8089E+00
   1.0415E+00   5.5300E+02   2.9815E+02   6.7808E+04   3.5229E-05   4.7970E+00
   1.0471E+00   5.5300E+02   2.9815E+02   6.7823E+04   3.5186E-05   4.7911E+00
   1.0527E+00   5.5300E+02   2.9815E+02   6.7823E+04   3.5098E-05   4.7792E+00
   1.0583E+00   5.5300E+02   2.9815E+02   6.7823E+04   3.5011E-05   4.7673E+00
   1.0640E+00   5.5300E+02   2.9815E+02   6.7840E+04   3.4971E-05   4.7618E+00
   1.0697E+00   5.5300E+02   2.9815E+02   6.7840E+04   3.4883E-05   4.7499E+00
   1.0754E+00   5.5300E+02   2.9815E+02   6.7853E+04   3.4835E-05   4.7433E+00
   1.0811E+00   5.5300E+02   2.9815E+02   6.7853E+04   3.4748E-05   4.7315E+00
   1.0869E+00   5.5300E+02   2.9815E+02   6.7853E+04   3.4661E-05   4.7196E+00
   1.0927E+00   5.5300E+02   2.9815E+02   6.7869E+04   3.4619E-05   4.7139E+00
   1.0985E+00   5.5300E+02   2.9815E+02   6.7869E+04   3.4532E-05   4.7021E+00
   1.1044E+00   5.5300E+02   2.9815E+02   6.7882E+04   3.4483E-05   4.6954E+00
   1.1103E+00   5.5300E+02   2.9815E+02   6.7882E+04   3.4396E-05   4.6836E+00
   1.1162E+00   5.5300E+02   2.9815E+02   6.7895E+04   3.4345E-05   4.6767E+00
   1.1221E+00   5.5300E+02   2.9815E+02   6.7895E+04   3.4260E-05   4.6650E+00
   1.1281E+00   5.5300E+02   2.9815E+02   6.7912E+04   3.4220E-05   4.6596E+00
   1.1341E+00   5.5300E+02   2.9815E+02   6.7912E+04   3.4134E-05   4.6479E+00
   1.1401E+00   5.5300E+02   2.9815E+02   6.7924E+04   3.4083E-05   4.6409E+00
   1.1462E+00   5.5300E+02   2.9815E+02   6.7924E+04   3.3996E-05   4.6291E+00
   1.1523E+00   5.5300E+02   2.9815E+02   6.7924E+04   3.3911E-05   4.6175E+00
   1.1584E+00   5.5300E+02   2.9815E+02   6.7939E+04   3.3868E-05   4.6116E+00
   1.1645E+00   5.5300E+02   2.9815E+02   6.7952E+04   3.3818E-05   4.6049E+00
   1.1707E+00   5.5300E+02   2.9815E+02   6.7952E+04   3.3733E-05   4.5933E+00
   1.1769E+00   5.5300E+02   2.9815E+02   6.7964E+04   3.3681E-05   4.5862E+00
   1.1831E+00   5.5300E+02   2.9815E+02   6.7964E+04   3.3597E-05   4.5748E+00
   1.1894E+00   5.5300E+02   2.9815E+02   6.7964E+04   3.3512E-05   4.5632E+00
   1.1957E+00   5.5300E+02   2.9815E+02   6.7977E+04   3.3464E-05   4.5566E+00
   1.2020E+00   5.5300E+02   2.9815E+02   6.7977E+04   3.3380E-05   4.5452E+00
   1.2084E+00   5.5300E+02   2.9815E+02   6.7992E+04   3.3336E-05   4.5391E+00
   1.2148E+00   5.5300E+02   2.9815E+02   6.8004E+04   3.3284E-05   4.5322E+00
   1.2212E+00   5.5300E+02   2.9815E+02   6.8004E+04   3.3201E-05   4.5208E+00
   1.2277E+00   5.5300E+02   2.9815E+02   6.8004E+04   3.3116E-05   4.5093E+00
   1.2342E+00   5.5300E+02   2.9815E+02   6.8020E+04   3.3075E-05   4.5037E+00
   1.2407E+00   5.5300E+02   2.9815E+02   6.8020E+04   3.2992E-05   4.4923E+00
   1.2473E+00   5.5300E+02   2.9815E+02   6.8033E+04   3.2942E-05   4.4856E+00
   1.2539E+00   5.5300E+02   2.9815E+02   6.8033E+04   3.2859E-05   4.4742E+00
   1.2605E+00   5.5300E+02   2.9815E+02   6.8048E+04   3.2815E-05   4.4682E+00
   1.2671E+00   5.5300E+02   2.9815E+02   6.8048E+04   3.2732E-05   4.4570E+00
   1.2738E+00   5.5300E+02   2.9815E+02   6.8060E+04   3.2681E-05   4.4500E+00
   1.2805E+00   5.5300E+02   2.9815E+02   6.8060E+04   3.2598E-05   4.4387E+00
   1.2872E+00   5.5300E+02   2.9815E+02   6.8076E+04   3.2558E-05   4.4333E+00
   1.2940E+00   5.5300E+02   2.9815E+02   6.8076E+04   3.2476E-05   4.4220E+00
   1.3008E+00   5.5300E+02   2.9815E+02   6.8088E+04   3.2424E-05   4.4151E+00
   1.3076E+00   5.5300E+02   2.9815E+02   6.8088E+04   3.2343E-05   4.4039E+00
   1.3145E+00   5.5300E+02   2.9815E+02   6.8104E+04   3.2302E-05   4.3984E+00
   1.3214E+00   5.5300E+02   2.9815E+02   6.8104E+04   3.2220E-05   4.3873E+00
   1.3283E+00   5.5300E+02   2.9815E+02   6.8118E+04   3.2175E-05   4.3811E+00
   1.3353E+00   5.5300E+02   2.9815E+02   6.8118E+04   3.2093E-05   4.3699E+00
   1.3423E+00   5.5300E+02   2.9815E+02   6.8130E+04   3.2044E-05   4.3632E+00
   1.3493E+00   5.5300E+02   2.9815E+02   6.8130E+04   3.1963E-05   4.3522E+00
   1.3564E+00   5.5300E+02   2.9815E+02   6.8142E+04   3.1912E-05   4.3453E+00
   1.3635E+00   5.5300E+02   2.9815E+02   6.8156E+04   3.1866E-05   4.3391E+00
   1.3707E+00   5.5300E+02   2.9815E+02   6.8156E+04   3.1785E-05   4.3280E+00
   1.3779E+00   5.5300E+02   2.9815E+02   6.8167E+04   3.1733E-05   4.3209E+00
   1.3851E+00   5.5300E+02   2.9815E+02   6.8167E+04   3.1652E-05   4.3100E+00
   1.3924E+00   5.5300E+02   2.9815E+02   6.8179E+04   3.1600E-05   4.3029E+00
