EXCITATION
CH4 -> CH4(v13)
3.70E-01
SPECIES: e / CH4
PROCESS: E + CH4 -> E + CH4(v13), Excitation
PARAM.:  E = 0.37 eV, complete set
UPDATED: 2010-06-16 11:34:25
COLUMNS: Energy (eV) | Cross section (m2)
-----------------------------
 3.700000e-1    0.000000e+0
 3.710100e-1    1.332240e-22
 3.748000e-1    6.426100e-22
 3.793900e-1    8.087150e-22
 3.832600e-1    1.004960e-21
 3.871700e-1    1.207380e-21
 3.919200e-1    1.519470e-21
 3.959100e-1    1.957120e-21
 4.098200e-1    2.297390e-21
 4.233500e-1    2.824930e-21
 4.426800e-1    3.274390e-21
 4.573000e-1    3.630920e-21
 4.830700e-1    3.942230e-21
 5.282000e-1    3.892650e-21
 5.705600e-1    3.630920e-21
 6.226100e-1    3.351250e-21
 6.961600e-1    3.132520e-21
 7.943600e-1    2.959110e-21
 9.382400e-1    2.789400e-21
 1.170630e+0    2.760140e-21
 1.524180e+0    2.789400e-21
 2.033460e+0    2.824930e-21
 2.594400e+0    2.921890e-21
 3.197780e+0    3.060670e-21
 3.815530e+0    3.206050e-21
 4.452080e+0    3.429910e-21
 4.978000e+0    3.677160e-21
 5.554770e+0    4.026260e-21
 6.135760e+0    4.417820e-21
 6.627840e+0    4.847460e-21
 6.860570e+0    5.307670e-21
 7.159380e+0    5.750600e-21
 7.410790e+0    6.230500e-21
 7.908210e+0    5.559760e-21
 8.542440e+0    4.736280e-21
 9.340620e+0    3.984030e-21
 1.065822e+1    3.165730e-21
 1.203886e+1    2.634990e-21
 1.316374e+1    2.216480e-21
 1.486894e+1    1.844880e-21
 1.606142e+1    1.608510e-21
 1.792233e+1    1.324800e-21
 1.959694e+1    1.088820e-21
 2.138457e+1    8.854940e-22
 2.362124e+1    6.731320e-22
 2.525795e+1    5.281480e-22
 2.641162e+1    4.109100e-22
 2.728362e+1    3.299730e-22
 2.852981e+1    2.450850e-22
 2.917409e+1    1.878870e-22
 2.947174e+1    1.547460e-22
 2.977242e+1    1.058600e-22
-----------------------------