EFFECTIVE
C3H8
1.25E-05
SPECIES: e / C3H8
PROCESS: E + C3H8 -> E + C3H8, Effective
PARAM.:  m/M = 0.000012459, complete set
UPDATED: 2011-06-06 11:16:58
COLUMNS: Energy (eV) | Cross section (m2)
-----------------------------
 0.000000e+0    5.000000e-19
 1.040000e-2    4.039000e-19
 1.800000e-2    2.477000e-19
 2.630000e-2    1.633000e-19
 3.660000e-2    1.097000e-19
 5.370000e-2    7.366000e-20
 6.560000e-2    5.717000e-20
 8.310000e-2    4.437000e-20
 9.620000e-2    3.980000e-20
 1.073000e-1    3.909000e-20
 1.287000e-1    4.205000e-20
 1.817000e-1    5.325000e-20
 2.520000e-1    6.623000e-20
 3.559000e-1    8.388000e-20
 4.848000e-1    1.024000e-19
 7.919000e-1    1.251000e-19
 1.341000e+0    1.474000e-19
 2.038000e+0    1.675000e-19
 3.390000e+0    1.973000e-19
 5.245000e+0    2.283000e-19
 6.406000e+0    2.411000e-19
 7.969000e+0    2.456000e-19
 1.009000e+1    2.244000e-19
 1.233000e+1    1.839000e-19
 1.681000e+1    1.352000e-19
 2.420000e+1    8.599000e-20
 3.360000e+1    5.879000e-20
 4.665000e+1    4.019000e-20
 6.244000e+1    2.798000e-20
 8.357000e+1    2.020000e-20
 1.139000e+2    1.432000e-20
 1.764000e+2    8.471000e-21
 2.634000e+2    5.387000e-21
 3.933000e+2    3.303000e-21
 5.662000e+2    2.178000e-21
 9.781000e+2    1.177000e-21
-----------------------------