       Time_s           01           02           03           04           05
   0.0000E+00   1.6315E+02   3.4015E+02   0.0000E+00   0.0000E+00   0.0000E+00
   1.0000E-06   1.6315E+02   3.4015E+02   4.6532E+04   1.8734E-06   6.5979E-02
   2.0000E-06   1.1491E+03   3.4015E+02   9.3215E+04   9.9902E-06   2.4780E+00
   3.0000E-06   1.3206E+03   3.4015E+02   1.0104E+05   1.1036E-05   3.1460E+00
   4.0000E-06   1.3470E+03   3.4015E+02   1.0224E+05   1.1189E-05   3.2532E+00
   5.0000E-06   1.3511E+03   3.4015E+02   1.0243E+05   1.1213E-05   3.2702E+00
   6.0000E-06   1.3511E+03   3.4015E+02   1.0243E+05   1.1213E-05   3.2702E+00
   7.0000E-06   1.3511E+03   3.4015E+02   1.0243E+05   1.1213E-05   3.2702E+00
   8.0000E-06   1.3511E+03   3.4015E+02   1.0243E+05   1.1213E-05   3.2702E+00
   9.0000E-06   1.3511E+03   3.4015E+02   1.0243E+05   1.1213E-05   3.2702E+00
   1.0000E-05   1.3511E+03   3.4015E+02   1.0243E+05   1.1213E-05   3.2702E+00
   1.1000E-05   1.3511E+03   3.4015E+02   1.0243E+05   1.1213E-05   3.2702E+00
   1.2000E-05   1.3511E+03   3.4015E+02   1.0243E+05   1.1213E-05   3.2702E+00
   1.3000E-05   1.3511E+03   3.4015E+02   1.0243E+05   1.1213E-05   3.2702E+00
   1.4000E-05   1.3511E+03   3.4015E+02   1.0243E+05   1.1213E-05   3.2702E+00
   1.5000E-05   1.3517E+03   3.4015E+02   1.0243E+05   1.1218E-05   3.2730E+00
   1.6000E-05   1.3511E+03   3.4015E+02   1.0243E+05   1.1213E-05   3.2702E+00
   1.7000E-05   1.3511E+03   3.4015E+02   1.0243E+05   1.1213E-05   3.2702E+00
   1.8000E-05   1.3517E+03   3.4015E+02   1.0243E+05   1.1218E-05   3.2730E+00
   1.9000E-05   1.3511E+03   3.4015E+02   1.0243E+05   1.1213E-05   3.2702E+00
   2.0000E-05   1.3511E+03   3.4015E+02   1.0243E+05   1.1213E-05   3.2702E+00
   2.1000E-05   1.3517E+03   3.4015E+02   1.0243E+05   1.1218E-05   3.2730E+00
   2.2000E-05   1.3517E+03   3.4015E+02   1.0243E+05   1.1218E-05   3.2730E+00
   2.3000E-05   1.3517E+03   3.4015E+02   1.0243E+05   1.1218E-05   3.2730E+00
   2.4000E-05   1.3511E+03   3.4015E+02   1.0243E+05   1.1213E-05   3.2702E+00
   2.5000E-05   1.3517E+03   3.4015E+02   1.0243E+05   1.1218E-05   3.2730E+00
   2.6000E-05   1.3517E+03   3.4015E+02   1.0243E+05   1.1218E-05   3.2730E+00
   2.7000E-05   1.3517E+03   3.4015E+02   1.0243E+05   1.1218E-05   3.2730E+00
   2.8000E-05   1.3511E+03   3.4015E+02   1.0243E+05   1.1213E-05   3.2702E+00
   2.9000E-05   1.3517E+03   3.4015E+02   1.0243E+05   1.1218E-05   3.2730E+00
   3.0000E-05   1.3517E+03   3.4015E+02   1.0243E+05   1.1218E-05   3.2730E+00
   3.1000E-05   1.3511E+03   3.4015E+02   1.0243E+05   1.1213E-05   3.2702E+00
   3.2000E-05   1.3517E+03   3.4015E+02   1.0243E+05   1.1218E-05   3.2730E+00
   3.3000E-05   1.3517E+03   3.4015E+02   1.0243E+05   1.1218E-05   3.2730E+00
   3.4000E-05   1.3517E+03   3.4015E+02   1.0243E+05   1.1218E-05   3.2730E+00
   3.5000E-05   1.3511E+03   3.4015E+02   1.0243E+05   1.1213E-05   3.2702E+00
   3.6000E-05   1.3517E+03   3.4015E+02   1.0243E+05   1.1218E-05   3.2730E+00
   3.7000E-05   1.3517E+03   3.4015E+02   1.0243E+05   1.1218E-05   3.2730E+00
   3.8000E-05   1.3517E+03   3.4015E+02   1.0243E+05   1.1218E-05   3.2730E+00
   3.9000E-05   1.3511E+03   3.4015E+02   1.0243E+05   1.1213E-05   3.2702E+00
   4.0000E-05   1.3517E+03   3.4015E+02   1.0243E+05   1.1218E-05   3.2730E+00
   4.1000E-05   1.3517E+03   3.4015E+02   1.0243E+05   1.1218E-05   3.2730E+00
   4.2000E-05   1.3517E+03   3.4015E+02   1.0243E+05   1.1218E-05   3.2730E+00
   4.3000E-05   1.3511E+03   3.4015E+02   1.0243E+05   1.1213E-05   3.2702E+00
   4.4000E-05   1.3517E+03   3.4015E+02   1.0243E+05   1.1218E-05   3.2730E+00
   4.5000E-05   1.3517E+03   3.4015E+02   1.0243E+05   1.1218E-05   3.2730E+00
   4.6000E-05   1.3511E+03   3.4015E+02   1.0243E+05   1.1213E-05   3.2702E+00
   4.7000E-05   1.3517E+03   3.4015E+02   1.0243E+05   1.1218E-05   3.2730E+00
   4.8000E-05   1.3517E+03   3.4015E+02   1.0243E+05   1.1218E-05   3.2730E+00
   4.9000E-05   1.3517E+03   3.4015E+02   1.0243E+05   1.1218E-05   3.2730E+00
   5.0000E-05   1.3511E+03   3.4015E+02   1.0243E+05   1.1213E-05   3.2702E+00
   5.1000E-05   1.3517E+03   3.4015E+02   1.0243E+05   1.1218E-05   3.2730E+00
   5.2000E-05   1.3517E+03   3.4015E+02   1.0243E+05   1.1218E-05   3.2730E+00
   5.3000E-05   1.3517E+03   3.4015E+02   1.0243E+05   1.1218E-05   3.2730E+00
   5.4000E-05   1.3511E+03   3.4015E+02   1.0243E+05   1.1213E-05   3.2702E+00
   5.5000E-05   1.3517E+03   3.4015E+02   1.0243E+05   1.1218E-05   3.2730E+00
   5.6000E-05   1.3517E+03   3.4015E+02   1.0243E+05   1.1218E-05   3.2730E+00
   5.7000E-05   1.3517E+03   3.4015E+02   1.0243E+05   1.1218E-05   3.2730E+00
   5.8000E-05   1.3511E+03   3.4015E+02   1.0243E+05   1.1213E-05   3.2702E+00
   5.9000E-05   1.3517E+03   3.4015E+02   1.0243E+05   1.1218E-05   3.2730E+00
   6.0000E-05   1.3517E+03   3.4015E+02   1.0243E+05   1.1218E-05   3.2730E+00
   6.1000E-05   1.3511E+03   3.4015E+02   1.0243E+05   1.1213E-05   3.2702E+00
   6.2000E-05   1.3517E+03   3.4015E+02   1.0243E+05   1.1218E-05   3.2730E+00
   6.3000E-05   1.3517E+03   3.4015E+02   1.0243E+05   1.1218E-05   3.2730E+00
   6.4000E-05   1.3517E+03   3.4015E+02   1.0243E+05   1.1218E-05   3.2730E+00
   6.5000E-05   1.3511E+03   3.4015E+02   1.0243E+05   1.1213E-05   3.2702E+00
   6.6000E-05   1.3517E+03   3.4015E+02   1.0243E+05   1.1218E-05   3.2730E+00
   6.7000E-05   1.3517E+03   3.4015E+02   1.0243E+05   1.1218E-05   3.2730E+00
   6.8000E-05   1.3517E+03   3.4015E+02   1.0243E+05   1.1218E-05   3.2730E+00
   6.9000E-05   1.3511E+03   3.4015E+02   1.0243E+05   1.1213E-05   3.2702E+00
   7.0000E-05   1.3517E+03   3.4015E+02   1.0243E+05   1.1218E-05   3.2730E+00
   7.1000E-05   1.3517E+03   3.4015E+02   1.0243E+05   1.1218E-05   3.2730E+00
   7.2000E-05   1.3517E+03   3.4015E+02   1.0243E+05   1.1218E-05   3.2730E+00
   7.3000E-05   1.3511E+03   3.4015E+02   1.0243E+05   1.1213E-05   3.2702E+00
   7.4000E-05   1.3517E+03   3.4015E+02   1.0243E+05   1.1218E-05   3.2730E+00
   7.5000E-05   1.3517E+03   3.4015E+02   1.0243E+05   1.1218E-05   3.2730E+00
   7.6000E-05   1.3511E+03   3.4015E+02   1.0243E+05   1.1213E-05   3.2702E+00
   7.7000E-05   1.3517E+03   3.4015E+02   1.0243E+05   1.1218E-05   3.2730E+00
   7.8000E-05   1.3517E+03   3.4015E+02   1.0243E+05   1.1218E-05   3.2730E+00
   7.9000E-05   1.3517E+03   3.4015E+02   1.0243E+05   1.1218E-05   3.2730E+00
   8.0000E-05   1.3511E+03   3.4015E+02   1.0243E+05   1.1213E-05   3.2702E+00
   8.1000E-05   1.3517E+03   3.4015E+02   1.0243E+05   1.1218E-05   3.2730E+00
   8.2000E-05   1.3517E+03   3.4015E+02   1.0243E+05   1.1218E-05   3.2730E+00
   8.3000E-05   1.3517E+03   3.4015E+02   1.0243E+05   1.1218E-05   3.2730E+00
   8.4000E-05   1.3511E+03   3.4015E+02   1.0243E+05   1.1213E-05   3.2702E+00
   8.5000E-05   1.3517E+03   3.4015E+02   1.0243E+05   1.1218E-05   3.2730E+00
   8.6000E-05   1.3517E+03   3.4015E+02   1.0243E+05   1.1218E-05   3.2730E+00
   8.7000E-05   1.3511E+03   3.4015E+02   1.0243E+05   1.1213E-05   3.2702E+00
   8.8000E-05   1.3517E+03   3.4015E+02   1.0243E+05   1.1218E-05   3.2730E+00
   8.9000E-05   1.3517E+03   3.4015E+02   1.0243E+05   1.1218E-05   3.2730E+00
   9.0000E-05   1.3517E+03   3.4015E+02   1.0243E+05   1.1218E-05   3.2730E+00
   9.1000E-05   1.3511E+03   3.4015E+02   1.0243E+05   1.1213E-05   3.2702E+00
   9.2000E-05   1.3517E+03   3.4015E+02   1.0243E+05   1.1218E-05   3.2730E+00
   9.3000E-05   1.3517E+03   3.4015E+02   1.0243E+05   1.1218E-05   3.2730E+00
   9.4000E-05   1.3517E+03   3.4015E+02   1.0243E+05   1.1218E-05   3.2730E+00
   9.5000E-05   1.3511E+03   3.4015E+02   1.0243E+05   1.1213E-05   3.2702E+00
   9.6000E-05   1.3517E+03   3.4015E+02   1.0243E+05   1.1218E-05   3.2730E+00
   9.7000E-05   1.3517E+03   3.4015E+02   1.0243E+05   1.1218E-05   3.2730E+00
   9.8000E-05   1.3517E+03   3.4015E+02   1.0243E+05   1.1218E-05   3.2730E+00
   9.9000E-05   1.3511E+03   3.4015E+02   1.0243E+05   1.1213E-05   3.2702E+00
   1.0000E-04   1.3517E+03   3.4015E+02   1.0243E+05   1.1218E-05   3.2730E+00
   1.0100E-04   1.3517E+03   3.4015E+02   1.0243E+05   1.1218E-05   3.2730E+00
   1.1100E-04   1.3511E+03   3.4015E+02   1.0243E+05   1.1213E-05   3.2702E+00
   1.2100E-04   1.3511E+03   3.4015E+02   1.0243E+05   1.1213E-05   3.2702E+00
   1.3100E-04   1.3511E+03   3.4015E+02   1.0243E+05   1.1213E-05   3.2702E+00
   1.4100E-04   1.3511E+03   3.4015E+02   1.0243E+05   1.1213E-05   3.2702E+00
   1.5100E-04   1.3511E+03   3.4015E+02   1.0243E+05   1.1213E-05   3.2702E+00
   1.6100E-04   1.3511E+03   3.4015E+02   1.0243E+05   1.1213E-05   3.2702E+00
   1.7100E-04   1.3511E+03   3.4015E+02   1.0243E+05   1.1213E-05   3.2702E+00
   1.8100E-04   1.3511E+03   3.4015E+02   1.0243E+05   1.1213E-05   3.2702E+00
   1.9100E-04   1.3511E+03   3.4015E+02   1.0243E+05   1.1213E-05   3.2702E+00
   2.0100E-04   1.3511E+03   3.4015E+02   1.0243E+05   1.1213E-05   3.2702E+00
   2.1100E-04   1.3511E+03   3.4015E+02   1.0243E+05   1.1213E-05   3.2702E+00
   2.2100E-04   1.3511E+03   3.4015E+02   1.0243E+05   1.1213E-05   3.2702E+00
   2.3100E-04   1.3511E+03   3.4015E+02   1.0243E+05   1.1213E-05   3.2702E+00
   2.4100E-04   1.3511E+03   3.4015E+02   1.0243E+05   1.1213E-05   3.2702E+00
   2.5100E-04   1.3511E+03   3.4015E+02   1.0243E+05   1.1213E-05   3.2702E+00
   2.6100E-04   1.3511E+03   3.4015E+02   1.0243E+05   1.1213E-05   3.2702E+00
   2.7100E-04   1.3511E+03   3.4015E+02   1.0243E+05   1.1213E-05   3.2702E+00
   2.8100E-04   1.3511E+03   3.4015E+02   1.0243E+05   1.1213E-05   3.2702E+00
   2.9100E-04   1.3511E+03   3.4015E+02   1.0243E+05   1.1213E-05   3.2702E+00
   3.0100E-04   1.3511E+03   3.4015E+02   1.0243E+05   1.1213E-05   3.2702E+00
   3.1100E-04   1.3511E+03   3.4015E+02   1.0243E+05   1.1213E-05   3.2702E+00
   3.2100E-04   1.3511E+03   3.4015E+02   1.0243E+05   1.1213E-05   3.2702E+00
   3.3100E-04   1.3511E+03   3.4015E+02   1.0243E+05   1.1213E-05   3.2702E+00
   3.4100E-04   1.3511E+03   3.4015E+02   1.0243E+05   1.1213E-05   3.2702E+00
   3.5100E-04   1.3511E+03   3.4015E+02   1.0243E+05   1.1213E-05   3.2702E+00
   3.6100E-04   1.3511E+03   3.4015E+02   1.0243E+05   1.1213E-05   3.2702E+00
   3.7100E-04   1.3511E+03   3.4015E+02   1.0243E+05   1.1213E-05   3.2702E+00
   3.8100E-04   1.3511E+03   3.4015E+02   1.0243E+05   1.1213E-05   3.2702E+00
   3.9100E-04   1.3511E+03   3.4015E+02   1.0243E+05   1.1213E-05   3.2702E+00
   4.0100E-04   1.3517E+03   3.4015E+02   1.0243E+05   1.1218E-05   3.2730E+00
   4.1100E-04   1.3511E+03   3.4015E+02   1.0243E+05   1.1213E-05   3.2702E+00
   4.2100E-04   1.3511E+03   3.4015E+02   1.0243E+05   1.1213E-05   3.2702E+00
   4.3100E-04   1.3511E+03   3.4015E+02   1.0243E+05   1.1213E-05   3.2702E+00
   4.4100E-04   1.3517E+03   3.4015E+02   1.0243E+05   1.1218E-05   3.2730E+00
   4.5100E-04   1.3511E+03   3.4015E+02   1.0243E+05   1.1213E-05   3.2702E+00
   4.6100E-04   1.3511E+03   3.4015E+02   1.0243E+05   1.1213E-05   3.2702E+00
   4.7100E-04   1.3511E+03   3.4015E+02   1.0243E+05   1.1213E-05   3.2702E+00
   4.8100E-04   1.3517E+03   3.4015E+02   1.0243E+05   1.1218E-05   3.2730E+00
   4.9100E-04   1.3511E+03   3.4015E+02   1.0243E+05   1.1213E-05   3.2702E+00
   5.0100E-04   1.3511E+03   3.4015E+02   1.0243E+05   1.1213E-05   3.2702E+00
   5.1100E-04   1.3511E+03   3.4015E+02   1.0243E+05   1.1213E-05   3.2702E+00
   5.2100E-04   1.3517E+03   3.4015E+02   1.0243E+05   1.1218E-05   3.2730E+00
   5.3100E-04   1.3511E+03   3.4015E+02   1.0243E+05   1.1213E-05   3.2702E+00
   5.4100E-04   1.3511E+03   3.4015E+02   1.0243E+05   1.1213E-05   3.2702E+00
   5.5100E-04   1.3511E+03   3.4015E+02   1.0243E+05   1.1213E-05   3.2702E+00
   5.6100E-04   1.3517E+03   3.4015E+02   1.0243E+05   1.1218E-05   3.2730E+00
   5.7100E-04   1.3511E+03   3.4015E+02   1.0243E+05   1.1213E-05   3.2702E+00
   5.8100E-04   1.3517E+03   3.4015E+02   1.0243E+05   1.1218E-05   3.2730E+00
   5.9100E-04   1.3511E+03   3.4015E+02   1.0243E+05   1.1213E-05   3.2702E+00
   6.0100E-04   1.3517E+03   3.4015E+02   1.0243E+05   1.1218E-05   3.2730E+00
   6.1100E-04   1.3511E+03   3.4015E+02   1.0243E+05   1.1213E-05   3.2702E+00
   6.2100E-04   1.3517E+03   3.4015E+02   1.0243E+05   1.1218E-05   3.2730E+00
   6.3100E-04   1.3511E+03   3.4015E+02   1.0243E+05   1.1213E-05   3.2702E+00
   6.4100E-04   1.3517E+03   3.4015E+02   1.0243E+05   1.1218E-05   3.2730E+00
   6.5100E-04   1.3511E+03   3.4015E+02   1.0243E+05   1.1213E-05   3.2702E+00
   6.6100E-04   1.3517E+03   3.4015E+02   1.0243E+05   1.1218E-05   3.2730E+00
   6.7100E-04   1.3511E+03   3.4015E+02   1.0243E+05   1.1213E-05   3.2702E+00
   6.8100E-04   1.3517E+03   3.4015E+02   1.0243E+05   1.1218E-05   3.2730E+00
   6.9100E-04   1.3511E+03   3.4015E+02   1.0243E+05   1.1213E-05   3.2702E+00
   7.0100E-04   1.3517E+03   3.4015E+02   1.0243E+05   1.1218E-05   3.2730E+00
   7.1100E-04   1.3511E+03   3.4015E+02   1.0243E+05   1.1213E-05   3.2702E+00
   7.2100E-04   1.3517E+03   3.4015E+02   1.0243E+05   1.1218E-05   3.2730E+00
   7.3100E-04   1.3511E+03   3.4015E+02   1.0243E+05   1.1213E-05   3.2702E+00
   7.4100E-04   1.3517E+03   3.4015E+02   1.0243E+05   1.1218E-05   3.2730E+00
   7.5100E-04   1.3511E+03   3.4015E+02   1.0243E+05   1.1213E-05   3.2702E+00
   7.6100E-04   1.3517E+03   3.4015E+02   1.0243E+05   1.1218E-05   3.2730E+00
   7.7100E-04   1.3511E+03   3.4015E+02   1.0243E+05   1.1213E-05   3.2702E+00
   7.8100E-04   1.3517E+03   3.4015E+02   1.0243E+05   1.1218E-05   3.2730E+00
   7.9100E-04   1.3511E+03   3.4015E+02   1.0243E+05   1.1213E-05   3.2702E+00
   8.0100E-04   1.3517E+03   3.4015E+02   1.0243E+05   1.1218E-05   3.2730E+00
   8.1100E-04   1.3511E+03   3.4015E+02   1.0243E+05   1.1213E-05   3.2702E+00
   8.2100E-04   1.3517E+03   3.4015E+02   1.0243E+05   1.1218E-05   3.2730E+00
   8.3100E-04   1.3511E+03   3.4015E+02   1.0243E+05   1.1213E-05   3.2702E+00
   8.4100E-04   1.3517E+03   3.4015E+02   1.0243E+05   1.1218E-05   3.2730E+00
   8.5100E-04   1.3517E+03   3.4015E+02   1.0243E+05   1.1218E-05   3.2730E+00
   8.6100E-04   1.3517E+03   3.4015E+02   1.0243E+05   1.1218E-05   3.2730E+00
   8.7100E-04   1.3511E+03   3.4015E+02   1.0243E+05   1.1213E-05   3.2702E+00
   8.8100E-04   1.3517E+03   3.4015E+02   1.0243E+05   1.1218E-05   3.2730E+00
   8.9100E-04   1.3517E+03   3.4015E+02   1.0243E+05   1.1218E-05   3.2730E+00
   9.0100E-04   1.3511E+03   3.4015E+02   1.0243E+05   1.1213E-05   3.2702E+00
   9.1100E-04   1.3517E+03   3.4015E+02   1.0243E+05   1.1218E-05   3.2730E+00
   9.2100E-04   1.3517E+03   3.4015E+02   1.0243E+05   1.1218E-05   3.2730E+00
   9.3100E-04   1.3511E+03   3.4015E+02   1.0243E+05   1.1213E-05   3.2702E+00
   9.4100E-04   1.3517E+03   3.4015E+02   1.0243E+05   1.1218E-05   3.2730E+00
   9.5100E-04   1.3517E+03   3.4015E+02   1.0243E+05   1.1218E-05   3.2730E+00
   9.6100E-04   1.3511E+03   3.4015E+02   1.0243E+05   1.1213E-05   3.2702E+00
   9.7100E-04   1.3517E+03   3.4015E+02   1.0243E+05   1.1218E-05   3.2730E+00
   9.8100E-04   1.3517E+03   3.4015E+02   1.0243E+05   1.1218E-05   3.2730E+00
   9.9100E-04   1.3511E+03   3.4015E+02   1.0243E+05   1.1213E-05   3.2702E+00
   1.0010E-03   1.3517E+03   3.4015E+02   1.0243E+05   1.1218E-05   3.2730E+00
   1.1010E-03   1.3511E+03   3.4015E+02   1.0243E+05   1.1213E-05   3.2702E+00
   1.2010E-03   1.3511E+03   3.4015E+02   1.0243E+05   1.1213E-05   3.2702E+00
   1.3010E-03   1.3511E+03   3.4015E+02   1.0243E+05   1.1213E-05   3.2702E+00
   1.4010E-03   1.3511E+03   3.4015E+02   1.0243E+05   1.1213E-05   3.2702E+00
   1.5010E-03   1.3511E+03   3.4015E+02   1.0243E+05   1.1213E-05   3.2702E+00
   1.6010E-03   1.3511E+03   3.4015E+02   1.0243E+05   1.1213E-05   3.2702E+00
   1.7010E-03   1.3511E+03   3.4015E+02   1.0243E+05   1.1213E-05   3.2702E+00
   1.8010E-03   1.3511E+03   3.4015E+02   1.0243E+05   1.1213E-05   3.2702E+00
   1.9010E-03   1.3511E+03   3.4015E+02   1.0243E+05   1.1213E-05   3.2702E+00
   2.0010E-03   1.3511E+03   3.4015E+02   1.0243E+05   1.1213E-05   3.2702E+00
   2.1010E-03   1.3511E+03   3.4015E+02   1.0243E+05   1.1213E-05   3.2702E+00
   2.2010E-03   1.3511E+03   3.4015E+02   1.0243E+05   1.1213E-05   3.2702E+00
   2.3010E-03   1.3511E+03   3.4015E+02   1.0243E+05   1.1213E-05   3.2702E+00
   2.4010E-03   1.3511E+03   3.4015E+02   1.0243E+05   1.1213E-05   3.2702E+00
   2.5010E-03   1.3511E+03   3.4015E+02   1.0243E+05   1.1213E-05   3.2702E+00
   2.6010E-03   1.3511E+03   3.4015E+02   1.0243E+05   1.1213E-05   3.2702E+00
   2.7010E-03   1.3511E+03   3.4015E+02   1.0243E+05   1.1213E-05   3.2702E+00
   2.8010E-03   1.3511E+03   3.4015E+02   1.0243E+05   1.1213E-05   3.2702E+00
   2.9010E-03   1.3511E+03   3.4015E+02   1.0243E+05   1.1213E-05   3.2702E+00
   3.0010E-03   1.3511E+03   3.4015E+02   1.0243E+05   1.1213E-05   3.2702E+00
   3.1010E-03   1.3511E+03   3.4015E+02   1.0243E+05   1.1213E-05   3.2702E+00
   3.2010E-03   1.3517E+03   3.4015E+02   1.0243E+05   1.1218E-05   3.2730E+00
   3.3010E-03   1.3511E+03   3.4015E+02   1.0243E+05   1.1213E-05   3.2702E+00
   3.4010E-03   1.3511E+03   3.4015E+02   1.0243E+05   1.1213E-05   3.2702E+00
   3.5010E-03   1.3511E+03   3.4015E+02   1.0243E+05   1.1213E-05   3.2702E+00
   3.6010E-03   1.3511E+03   3.4015E+02   1.0243E+05   1.1213E-05   3.2702E+00
   3.7010E-03   1.3511E+03   3.4015E+02   1.0243E+05   1.1213E-05   3.2702E+00
   3.8010E-03   1.3511E+03   3.4015E+02   1.0243E+05   1.1213E-05   3.2702E+00
   3.9010E-03   1.3511E+03   3.4015E+02   1.0243E+05   1.1213E-05   3.2702E+00
   4.0010E-03   1.3511E+03   3.4015E+02   1.0243E+05   1.1213E-05   3.2702E+00
   4.1010E-03   1.3516E+03   3.4015E+02   1.0243E+05   1.1218E-05   3.2730E+00
   4.2010E-03   1.3511E+03   3.4015E+02   1.0243E+05   1.1213E-05   3.2702E+00
   4.3010E-03   1.3511E+03   3.4015E+02   1.0243E+05   1.1213E-05   3.2702E+00
   4.4010E-03   1.3511E+03   3.4015E+02   1.0243E+05   1.1213E-05   3.2702E+00
   4.5010E-03   1.3516E+03   3.4015E+02   1.0243E+05   1.1218E-05   3.2730E+00
   4.6010E-03   1.3511E+03   3.4015E+02   1.0243E+05   1.1213E-05   3.2703E+00
   4.7010E-03   1.3516E+03   3.4015E+02   1.0243E+05   1.1218E-05   3.2730E+00
   4.8010E-03   1.3511E+03   3.4015E+02   1.0243E+05   1.1213E-05   3.2703E+00
   4.9010E-03   1.3516E+03   3.4015E+02   1.0243E+05   1.1218E-05   3.2730E+00
   5.0010E-03   1.3511E+03   3.4015E+02   1.0243E+05   1.1213E-05   3.2703E+00
   5.1010E-03   1.3511E+03   3.4015E+02   1.0243E+05   1.1213E-05   3.2703E+00
   5.2010E-03   1.3516E+03   3.4015E+02   1.0243E+05   1.1218E-05   3.2730E+00
   5.3010E-03   1.3511E+03   3.4015E+02   1.0243E+05   1.1213E-05   3.2703E+00
   5.4010E-03   1.3516E+03   3.4015E+02   1.0243E+05   1.1218E-05   3.2730E+00
   5.5010E-03   1.3511E+03   3.4015E+02   1.0243E+05   1.1213E-05   3.2703E+00
   5.6010E-03   1.3511E+03   3.4015E+02   1.0243E+05   1.1213E-05   3.2703E+00
   5.7010E-03   1.3516E+03   3.4015E+02   1.0243E+05   1.1218E-05   3.2730E+00
   5.8010E-03   1.3511E+03   3.4015E+02   1.0243E+05   1.1213E-05   3.2703E+00
   5.9010E-03   1.3516E+03   3.4015E+02   1.0243E+05   1.1218E-05   3.2730E+00
   6.0010E-03   1.3511E+03   3.4015E+02   1.0243E+05   1.1213E-05   3.2703E+00
   6.1010E-03   1.3516E+03   3.4015E+02   1.0243E+05   1.1218E-05   3.2730E+00
   6.2010E-03   1.3511E+03   3.4015E+02   1.0243E+05   1.1213E-05   3.2703E+00
   6.3010E-03   1.3511E+03   3.4015E+02   1.0243E+05   1.1213E-05   3.2703E+00
   6.4010E-03   1.3516E+03   3.4015E+02   1.0243E+05   1.1218E-05   3.2730E+00
   6.5010E-03   1.3511E+03   3.4015E+02   1.0243E+05   1.1213E-05   3.2703E+00
   6.6010E-03   1.3516E+03   3.4015E+02   1.0243E+05   1.1218E-05   3.2730E+00
   6.7010E-03   1.3511E+03   3.4015E+02   1.0243E+05   1.1213E-05   3.2703E+00
   6.8010E-03   1.3516E+03   3.4015E+02   1.0243E+05   1.1218E-05   3.2730E+00
   6.9010E-03   1.3511E+03   3.4015E+02   1.0243E+05   1.1213E-05   3.2703E+00
   7.0010E-03   1.3511E+03   3.4015E+02   1.0243E+05   1.1213E-05   3.2703E+00
   7.1010E-03   1.3516E+03   3.4015E+02   1.0243E+05   1.1218E-05   3.2730E+00
   7.2010E-03   1.3511E+03   3.4015E+02   1.0243E+05   1.1213E-05   3.2703E+00
   7.3010E-03   1.3516E+03   3.4015E+02   1.0243E+05   1.1218E-05   3.2730E+00
   7.4010E-03   1.3511E+03   3.4015E+02   1.0243E+05   1.1213E-05   3.2703E+00
   7.5010E-03   1.3516E+03   3.4015E+02   1.0243E+05   1.1218E-05   3.2730E+00
   7.6010E-03   1.3511E+03   3.4015E+02   1.0243E+05   1.1213E-05   3.2703E+00
   7.7010E-03   1.3511E+03   3.4015E+02   1.0243E+05   1.1213E-05   3.2703E+00
   7.8010E-03   1.3516E+03   3.4015E+02   1.0243E+05   1.1218E-05   3.2730E+00
   7.9010E-03   1.3511E+03   3.4015E+02   1.0243E+05   1.1213E-05   3.2703E+00
   8.0010E-03   1.3516E+03   3.4015E+02   1.0243E+05   1.1218E-05   3.2730E+00
   8.1010E-03   1.3511E+03   3.4015E+02   1.0243E+05   1.1213E-05   3.2703E+00
   8.2010E-03   1.3511E+03   3.4015E+02   1.0243E+05   1.1213E-05   3.2703E+00
   8.3010E-03   1.3516E+03   3.4015E+02   1.0243E+05   1.1218E-05   3.2730E+00
   8.4010E-03   1.3511E+03   3.4015E+02   1.0243E+05   1.1213E-05   3.2703E+00
   8.5010E-03   1.3511E+03   3.4015E+02   1.0243E+05   1.1213E-05   3.2703E+00
   8.6010E-03   1.3516E+03   3.4015E+02   1.0243E+05   1.1217E-05   3.2730E+00
   8.7010E-03   1.3511E+03   3.4015E+02   1.0243E+05   1.1213E-05   3.2703E+00
   8.8010E-03   1.3511E+03   3.4015E+02   1.0243E+05   1.1213E-05   3.2703E+00
   8.9010E-03   1.3511E+03   3.4015E+02   1.0243E+05   1.1213E-05   3.2703E+00
   9.0010E-03   1.3511E+03   3.4015E+02   1.0243E+05   1.1213E-05   3.2703E+00
   9.1010E-03   1.3511E+03   3.4015E+02   1.0243E+05   1.1213E-05   3.2703E+00
   9.2010E-03   1.3511E+03   3.4015E+02   1.0243E+05   1.1213E-05   3.2703E+00
   9.3010E-03   1.3511E+03   3.4015E+02   1.0243E+05   1.1213E-05   3.2703E+00
   9.4010E-03   1.3516E+03   3.4015E+02   1.0243E+05   1.1217E-05   3.2730E+00
   9.5010E-03   1.3511E+03   3.4015E+02   1.0243E+05   1.1213E-05   3.2703E+00
   9.6010E-03   1.3511E+03   3.4015E+02   1.0243E+05   1.1213E-05   3.2703E+00
   9.7010E-03   1.3511E+03   3.4015E+02   1.0243E+05   1.1213E-05   3.2703E+00
   9.8010E-03   1.3511E+03   3.4015E+02   1.0243E+05   1.1213E-05   3.2703E+00
   9.9010E-03   1.3511E+03   3.4015E+02   1.0243E+05   1.1213E-05   3.2703E+00
   1.0001E-02   1.3511E+03   3.4015E+02   1.0243E+05   1.1213E-05   3.2703E+00
   1.1001E-02   1.3511E+03   3.4015E+02   1.0243E+05   1.1213E-05   3.2703E+00
   1.2001E-02   1.3511E+03   3.4015E+02   1.0243E+05   1.1213E-05   3.2703E+00
   1.3001E-02   1.3511E+03   3.4015E+02   1.0243E+05   1.1213E-05   3.2703E+00
   1.4001E-02   1.3511E+03   3.4015E+02   1.0243E+05   1.1213E-05   3.2704E+00
   1.5001E-02   1.3511E+03   3.4015E+02   1.0243E+05   1.1213E-05   3.2704E+00
   1.6001E-02   1.3511E+03   3.4015E+02   1.0243E+05   1.1213E-05   3.2704E+00
   1.7001E-02   1.3511E+03   3.4015E+02   1.0243E+05   1.1213E-05   3.2704E+00
   1.8001E-02   1.3511E+03   3.4015E+02   1.0243E+05   1.1213E-05   3.2704E+00
   1.9001E-02   1.3511E+03   3.4015E+02   1.0243E+05   1.1213E-05   3.2704E+00
   2.0001E-02   1.3511E+03   3.4015E+02   1.0243E+05   1.1213E-05   3.2704E+00
   2.1001E-02   1.3511E+03   3.4015E+02   1.0243E+05   1.1213E-05   3.2704E+00
   2.2001E-02   1.3511E+03   3.4015E+02   1.0243E+05   1.1213E-05   3.2704E+00
   2.3001E-02   1.3511E+03   3.4015E+02   1.0243E+05   1.1213E-05   3.2704E+00
   2.4001E-02   1.3511E+03   3.4015E+02   1.0243E+05   1.1213E-05   3.2704E+00
   2.5001E-02   1.3511E+03   3.4015E+02   1.0243E+05   1.1213E-05   3.2704E+00
   2.6001E-02   1.3511E+03   3.4015E+02   1.0243E+05   1.1213E-05   3.2704E+00
   2.7001E-02   1.3511E+03   3.4015E+02   1.0243E+05   1.1213E-05   3.2704E+00
   2.8001E-02   1.3511E+03   3.4015E+02   1.0243E+05   1.1213E-05   3.2704E+00
   2.9001E-02   1.3511E+03   3.4015E+02   1.0243E+05   1.1213E-05   3.2704E+00
   3.0001E-02   1.3511E+03   3.4015E+02   1.0243E+05   1.1213E-05   3.2704E+00
   3.1001E-02   1.3511E+03   3.4015E+02   1.0243E+05   1.1213E-05   3.2704E+00
   3.2001E-02   1.3511E+03   3.4015E+02   1.0243E+05   1.1213E-05   3.2704E+00
   3.3001E-02   1.3511E+03   3.4015E+02   1.0243E+05   1.1213E-05   3.2704E+00
   3.4001E-02   1.3511E+03   3.4015E+02   1.0243E+05   1.1213E-05   3.2704E+00
   3.5001E-02   1.3511E+03   3.4015E+02   1.0243E+05   1.1213E-05   3.2704E+00
   3.6001E-02   1.3511E+03   3.4015E+02   1.0243E+05   1.1213E-05   3.2704E+00
   3.7001E-02   1.3511E+03   3.4015E+02   1.0243E+05   1.1213E-05   3.2704E+00
   3.8001E-02   1.3511E+03   3.4015E+02   1.0243E+05   1.1213E-05   3.2705E+00
   3.9001E-02   1.3511E+03   3.4015E+02   1.0243E+05   1.1213E-05   3.2705E+00
   4.0001E-02   1.3511E+03   3.4015E+02   1.0243E+05   1.1213E-05   3.2705E+00
   4.1001E-02   1.3511E+03   3.4015E+02   1.0243E+05   1.1213E-05   3.2705E+00
   4.2001E-02   1.3511E+03   3.4015E+02   1.0243E+05   1.1213E-05   3.2705E+00
   4.3001E-02   1.3511E+03   3.4015E+02   1.0243E+05   1.1213E-05   3.2705E+00
   4.4001E-02   1.3511E+03   3.4015E+02   1.0243E+05   1.1213E-05   3.2705E+00
   4.5001E-02   1.3511E+03   3.4015E+02   1.0243E+05   1.1213E-05   3.2705E+00
   4.6001E-02   1.3511E+03   3.4015E+02   1.0243E+05   1.1213E-05   3.2705E+00
   4.7001E-02   1.3511E+03   3.4015E+02   1.0243E+05   1.1213E-05   3.2705E+00
   4.8001E-02   1.3511E+03   3.4015E+02   1.0243E+05   1.1213E-05   3.2705E+00
   4.9001E-02   1.3511E+03   3.4015E+02   1.0243E+05   1.1213E-05   3.2705E+00
   5.0001E-02   1.3511E+03   3.4015E+02   1.0243E+05   1.1213E-05   3.2705E+00
   5.1001E-02   1.3511E+03   3.4015E+02   1.0243E+05   1.1213E-05   3.2705E+00
   5.2001E-02   1.3511E+03   3.4015E+02   1.0243E+05   1.1213E-05   3.2705E+00
   5.3001E-02   1.3511E+03   3.4015E+02   1.0243E+05   1.1213E-05   3.2705E+00
   5.4001E-02   1.3516E+03   3.4015E+02   1.0243E+05   1.1217E-05   3.2730E+00
   5.5001E-02   1.3516E+03   3.4015E+02   1.0243E+05   1.1217E-05   3.2730E+00
   5.6001E-02   1.3511E+03   3.4015E+02   1.0243E+05   1.1213E-05   3.2705E+00
   5.7001E-02   1.3511E+03   3.4015E+02   1.0243E+05   1.1213E-05   3.2705E+00
   5.8001E-02   1.3516E+03   3.4015E+02   1.0243E+05   1.1217E-05   3.2730E+00
   5.9001E-02   1.3511E+03   3.4015E+02   1.0243E+05   1.1213E-05   3.2705E+00
   6.0001E-02   1.3511E+03   3.4015E+02   1.0243E+05   1.1213E-05   3.2705E+00
   6.1001E-02   1.3516E+03   3.4015E+02   1.0243E+05   1.1217E-05   3.2730E+00
   6.2001E-02   1.3511E+03   3.4015E+02   1.0243E+05   1.1213E-05   3.2705E+00
   6.3001E-02   1.3511E+03   3.4015E+02   1.0243E+05   1.1213E-05   3.2705E+00
   6.4001E-02   1.3516E+03   3.4015E+02   1.0243E+05   1.1217E-05   3.2730E+00
   6.5001E-02   1.3511E+03   3.4015E+02   1.0243E+05   1.1213E-05   3.2705E+00
   6.6001E-02   1.3511E+03   3.4015E+02   1.0243E+05   1.1213E-05   3.2705E+00
   6.7001E-02   1.3516E+03   3.4015E+02   1.0243E+05   1.1217E-05   3.2730E+00
   6.8001E-02   1.3511E+03   3.4015E+02   1.0243E+05   1.1213E-05   3.2705E+00
   6.9001E-02   1.3511E+03   3.4015E+02   1.0243E+05   1.1213E-05   3.2705E+00
   7.0001E-02   1.3511E+03   3.4015E+02   1.0243E+05   1.1213E-05   3.2706E+00
   7.1001E-02   1.3511E+03   3.4015E+02   1.0243E+05   1.1213E-05   3.2706E+00
   7.2001E-02   1.3511E+03   3.4015E+02   1.0243E+05   1.1213E-05   3.2706E+00
   7.3001E-02   1.3511E+03   3.4015E+02   1.0243E+05   1.1213E-05   3.2706E+00
   7.4001E-02   1.3511E+03   3.4015E+02   1.0243E+05   1.1213E-05   3.2706E+00
   7.5001E-02   1.3511E+03   3.4015E+02   1.0243E+05   1.1213E-05   3.2706E+00
   7.6001E-02   1.3516E+03   3.4015E+02   1.0243E+05   1.1217E-05   3.2730E+00
   7.7001E-02   1.3511E+03   3.4015E+02   1.0243E+05   1.1213E-05   3.2706E+00
   7.8001E-02   1.3511E+03   3.4015E+02   1.0243E+05   1.1213E-05   3.2706E+00
   7.9001E-02   1.3511E+03   3.4015E+02   1.0243E+05   1.1213E-05   3.2706E+00
   8.0001E-02   1.3511E+03   3.4015E+02   1.0243E+05   1.1213E-05   3.2706E+00
   8.1001E-02   1.3511E+03   3.4015E+02   1.0243E+05   1.1213E-05   3.2706E+00
   8.2001E-02   1.3511E+03   3.4015E+02   1.0243E+05   1.1213E-05   3.2706E+00
   8.3001E-02   1.3511E+03   3.4015E+02   1.0243E+05   1.1213E-05   3.2706E+00
   8.4001E-02   1.3511E+03   3.4015E+02   1.0243E+05   1.1213E-05   3.2706E+00
   8.5001E-02   1.3511E+03   3.4015E+02   1.0243E+05   1.1213E-05   3.2706E+00
   8.6001E-02   1.3511E+03   3.4015E+02   1.0243E+05   1.1213E-05   3.2706E+00
   8.7001E-02   1.3511E+03   3.4015E+02   1.0243E+05   1.1213E-05   3.2706E+00
   8.8001E-02   1.3511E+03   3.4015E+02   1.0243E+05   1.1213E-05   3.2706E+00
   8.9001E-02   1.3511E+03   3.4015E+02   1.0243E+05   1.1213E-05   3.2706E+00
   9.0001E-02   1.3511E+03   3.4015E+02   1.0243E+05   1.1213E-05   3.2706E+00
   9.1001E-02   1.3511E+03   3.4015E+02   1.0243E+05   1.1213E-05   3.2706E+00
   9.2001E-02   1.3511E+03   3.4015E+02   1.0243E+05   1.1213E-05   3.2706E+00
   9.3001E-02   1.3511E+03   3.4015E+02   1.0243E+05   1.1213E-05   3.2706E+00
   9.4001E-02   1.3511E+03   3.4015E+02   1.0243E+05   1.1213E-05   3.2706E+00
   9.5001E-02   1.3511E+03   3.4015E+02   1.0243E+05   1.1213E-05   3.2706E+00
   9.6001E-02   1.3511E+03   3.4015E+02   1.0243E+05   1.1213E-05   3.2706E+00
   9.7001E-02   1.3511E+03   3.4015E+02   1.0243E+05   1.1213E-05   3.2706E+00
   9.8001E-02   1.3511E+03   3.4015E+02   1.0243E+05   1.1213E-05   3.2706E+00
   9.9001E-02   1.3511E+03   3.4015E+02   1.0243E+05   1.1213E-05   3.2706E+00
   1.0000E-01   1.3511E+03   3.4015E+02   1.0243E+05   1.1213E-05   3.2706E+00
   1.1000E-01   1.3511E+03   3.4015E+02   1.0243E+05   1.1213E-05   3.2707E+00
   1.2000E-01   1.3511E+03   3.4015E+02   1.0243E+05   1.1213E-05   3.2707E+00
   1.3000E-01   1.3511E+03   3.4015E+02   1.0243E+05   1.1212E-05   3.2707E+00
   1.4000E-01   1.3511E+03   3.4015E+02   1.0243E+05   1.1212E-05   3.2708E+00
   1.5000E-01   1.3511E+03   3.4015E+02   1.0243E+05   1.1212E-05   3.2708E+00
   1.6000E-01   1.3511E+03   3.4015E+02   1.0243E+05   1.1212E-05   3.2708E+00
   1.7000E-01   1.3511E+03   3.4015E+02   1.0243E+05   1.1212E-05   3.2708E+00
   1.8000E-01   1.3511E+03   3.4015E+02   1.0243E+05   1.1212E-05   3.2709E+00
   1.9000E-01   1.3511E+03   3.4015E+02   1.0243E+05   1.1212E-05   3.2709E+00
   2.0000E-01   1.3511E+03   3.4015E+02   1.0243E+05   1.1212E-05   3.2709E+00
   2.1000E-01   1.3511E+03   3.4015E+02   1.0243E+05   1.1212E-05   3.2709E+00
   2.2000E-01   1.3511E+03   3.4015E+02   1.0243E+05   1.1212E-05   3.2710E+00
   2.3000E-01   1.3511E+03   3.4015E+02   1.0243E+05   1.1212E-05   3.2710E+00
   2.4000E-01   1.3511E+03   3.4015E+02   1.0243E+05   1.1212E-05   3.2710E+00
   2.5000E-01   1.3511E+03   3.4015E+02   1.0243E+05   1.1212E-05   3.2710E+00
   2.6000E-01   1.3511E+03   3.4015E+02   1.0243E+05   1.1212E-05   3.2711E+00
   2.7000E-01   1.3511E+03   3.4015E+02   1.0243E+05   1.1212E-05   3.2711E+00
   2.8000E-01   1.3511E+03   3.4015E+02   1.0243E+05   1.1212E-05   3.2711E+00
   2.9000E-01   1.3511E+03   3.4015E+02   1.0243E+05   1.1212E-05   3.2711E+00
   3.0000E-01   1.3511E+03   3.4015E+02   1.0243E+05   1.1212E-05   3.2711E+00
   3.1000E-01   1.3511E+03   3.4015E+02   1.0243E+05   1.1212E-05   3.2712E+00
   3.2000E-01   1.3511E+03   3.4015E+02   1.0243E+05   1.1212E-05   3.2712E+00
   3.3000E-01   1.3511E+03   3.4015E+02   1.0244E+05   1.1212E-05   3.2713E+00
   3.4000E-01   1.3511E+03   3.4015E+02   1.0244E+05   1.1212E-05   3.2713E+00
   3.5000E-01   1.3511E+03   3.4015E+02   1.0244E+05   1.1212E-05   3.2713E+00
   3.6000E-01   1.3511E+03   3.4015E+02   1.0244E+05   1.1212E-05   3.2714E+00
   3.7000E-01   1.3511E+03   3.4015E+02   1.0244E+05   1.1212E-05   3.2714E+00
   3.8000E-01   1.3511E+03   3.4015E+02   1.0244E+05   1.1212E-05   3.2714E+00
   3.9000E-01   1.3511E+03   3.4015E+02   1.0244E+05   1.1212E-05   3.2714E+00
   4.0000E-01   1.3511E+03   3.4015E+02   1.0244E+05   1.1212E-05   3.2714E+00
   4.1000E-01   1.3511E+03   3.4015E+02   1.0244E+05   1.1212E-05   3.2714E+00
   4.2000E-01   1.3511E+03   3.4015E+02   1.0244E+05   1.1212E-05   3.2714E+00
   4.3000E-01   1.3511E+03   3.4015E+02   1.0244E+05   1.1212E-05   3.2715E+00
   4.4000E-01   1.3511E+03   3.4015E+02   1.0244E+05   1.1212E-05   3.2715E+00
   4.5000E-01   1.3511E+03   3.4015E+02   1.0244E+05   1.1212E-05   3.2715E+00
   4.6000E-01   1.3511E+03   3.4015E+02   1.0244E+05   1.1212E-05   3.2715E+00
   4.7000E-01   1.3511E+03   3.4015E+02   1.0244E+05   1.1212E-05   3.2715E+00
   4.8000E-01   1.3511E+03   3.4015E+02   1.0244E+05   1.1212E-05   3.2715E+00
   4.9000E-01   1.3511E+03   3.4015E+02   1.0244E+05   1.1212E-05   3.2715E+00
   5.0000E-01   1.3511E+03   3.4015E+02   1.0244E+05   1.1211E-05   3.2716E+00
   5.1000E-01   1.3511E+03   3.4015E+02   1.0244E+05   1.1211E-05   3.2716E+00
   5.2000E-01   1.3511E+03   3.4015E+02   1.0244E+05   1.1211E-05   3.2716E+00
   5.3000E-01   1.3511E+03   3.4015E+02   1.0244E+05   1.1211E-05   3.2716E+00
   5.4000E-01   1.3511E+03   3.4015E+02   1.0244E+05   1.1211E-05   3.2716E+00
   5.5000E-01   1.3511E+03   3.4015E+02   1.0244E+05   1.1211E-05   3.2716E+00
   5.6000E-01   1.3511E+03   3.4015E+02   1.0244E+05   1.1211E-05   3.2716E+00
   5.7000E-01   1.3511E+03   3.4015E+02   1.0244E+05   1.1211E-05   3.2716E+00
   5.8000E-01   1.3511E+03   3.4015E+02   1.0244E+05   1.1211E-05   3.2717E+00
   5.9000E-01   1.3511E+03   3.4015E+02   1.0244E+05   1.1211E-05   3.2717E+00
   6.0000E-01   1.3511E+03   3.4015E+02   1.0244E+05   1.1211E-05   3.2717E+00
   6.1000E-01   1.3511E+03   3.4015E+02   1.0244E+05   1.1211E-05   3.2717E+00
   6.2000E-01   1.3511E+03   3.4015E+02   1.0244E+05   1.1211E-05   3.2717E+00
   6.3000E-01   1.3511E+03   3.4015E+02   1.0244E+05   1.1211E-05   3.2717E+00
   6.4000E-01   1.3511E+03   3.4015E+02   1.0244E+05   1.1211E-05   3.2717E+00
   6.5000E-01   1.3511E+03   3.4015E+02   1.0244E+05   1.1211E-05   3.2717E+00
   6.6000E-01   1.3511E+03   3.4015E+02   1.0244E+05   1.1211E-05   3.2717E+00
   6.7000E-01   1.3511E+03   3.4015E+02   1.0244E+05   1.1211E-05   3.2717E+00
   6.8000E-01   1.3511E+03   3.4015E+02   1.0244E+05   1.1211E-05   3.2718E+00
   6.9000E-01   1.3513E+03   3.4015E+02   1.0244E+05   1.1213E-05   3.2730E+00
   7.0000E-01   1.3511E+03   3.4015E+02   1.0244E+05   1.1211E-05   3.2718E+00
   7.1000E-01   1.3511E+03   3.4015E+02   1.0244E+05   1.1211E-05   3.2718E+00
   7.2000E-01   1.3511E+03   3.4015E+02   1.0244E+05   1.1211E-05   3.2718E+00
   7.3000E-01   1.3511E+03   3.4015E+02   1.0244E+05   1.1211E-05   3.2718E+00
   7.4000E-01   1.3513E+03   3.4015E+02   1.0246E+05   1.1211E-05   3.2726E+00
   7.5000E-01   1.3513E+03   3.4015E+02   1.0246E+05   1.1211E-05   3.2726E+00
   7.6000E-01   1.3513E+03   3.4015E+02   1.0246E+05   1.1211E-05   3.2726E+00
   7.7000E-01   1.3513E+03   3.4015E+02   1.0246E+05   1.1211E-05   3.2726E+00
   7.8000E-01   1.3513E+03   3.4015E+02   1.0246E+05   1.1211E-05   3.2726E+00
   7.9000E-01   1.3514E+03   3.4015E+02   1.0246E+05   1.1212E-05   3.2730E+00
   8.0000E-01   1.3513E+03   3.4015E+02   1.0246E+05   1.1211E-05   3.2726E+00
   8.1000E-01   1.3513E+03   3.4015E+02   1.0246E+05   1.1211E-05   3.2727E+00
   8.2000E-01   1.3514E+03   3.4015E+02   1.0246E+05   1.1212E-05   3.2730E+00
   8.3000E-01   1.3513E+03   3.4015E+02   1.0246E+05   1.1211E-05   3.2727E+00
   8.4000E-01   1.3513E+03   3.4015E+02   1.0246E+05   1.1211E-05   3.2727E+00
   8.5000E-01   1.3514E+03   3.4015E+02   1.0246E+05   1.1211E-05   3.2730E+00
   8.6000E-01   1.3513E+03   3.4015E+02   1.0246E+05   1.1211E-05   3.2727E+00
   8.7000E-01   1.3513E+03   3.4015E+02   1.0246E+05   1.1211E-05   3.2727E+00
   8.8000E-01   1.3514E+03   3.4015E+02   1.0246E+05   1.1211E-05   3.2730E+00
   8.9000E-01   1.3513E+03   3.4015E+02   1.0246E+05   1.1211E-05   3.2727E+00
   9.0000E-01   1.3514E+03   3.4015E+02   1.0246E+05   1.1211E-05   3.2730E+00
   9.1000E-01   1.3513E+03   3.4015E+02   1.0246E+05   1.1211E-05   3.2727E+00
   9.2000E-01   1.3513E+03   3.4015E+02   1.0246E+05   1.1211E-05   3.2727E+00
   9.3000E-01   1.3514E+03   3.4015E+02   1.0246E+05   1.1211E-05   3.2730E+00
   9.4000E-01   1.3513E+03   3.4015E+02   1.0246E+05   1.1211E-05   3.2727E+00
   9.5000E-01   1.3513E+03   3.4015E+02   1.0246E+05   1.1211E-05   3.2727E+00
   9.6000E-01   1.3514E+03   3.4015E+02   1.0246E+05   1.1211E-05   3.2730E+00
   9.7000E-01   1.3513E+03   3.4015E+02   1.0246E+05   1.1210E-05   3.2727E+00
   9.8000E-01   1.3513E+03   3.4015E+02   1.0246E+05   1.1210E-05   3.2728E+00
   9.9000E-01   1.3514E+03   3.4015E+02   1.0246E+05   1.1211E-05   3.2730E+00
   1.0000E+00   1.3513E+03   3.4015E+02   1.0246E+05   1.1210E-05   3.2728E+00
   1.1000E+00   1.3513E+03   3.4015E+02   1.0246E+05   1.1210E-05   3.2728E+00
   1.2000E+00   1.3513E+03   3.4015E+02   1.0246E+05   1.1210E-05   3.2728E+00
   1.3000E+00   1.3514E+03   3.4015E+02   1.0247E+05   1.1208E-05   3.2726E+00
   1.4000E+00   1.3514E+03   3.4015E+02   1.0247E+05   1.1208E-05   3.2726E+00
   1.5000E+00   1.3514E+03   3.4015E+02   1.0247E+05   1.1207E-05   3.2726E+00
   1.6000E+00   1.3514E+03   3.4015E+02   1.0247E+05   1.1207E-05   3.2726E+00
   1.7000E+00   1.3514E+03   3.4015E+02   1.0247E+05   1.1207E-05   3.2726E+00
   1.8000E+00   1.3514E+03   3.4015E+02   1.0247E+05   1.1205E-05   3.2722E+00
   1.9000E+00   1.3514E+03   3.4015E+02   1.0247E+05   1.1204E-05   3.2722E+00
   2.0000E+00   1.3514E+03   3.4015E+02   1.0247E+05   1.1204E-05   3.2722E+00
   2.1000E+00   1.3514E+03   3.4015E+02   1.0247E+05   1.1204E-05   3.2722E+00
   2.2000E+00   1.3514E+03   3.4015E+02   1.0247E+05   1.1203E-05   3.2722E+00
   2.3000E+00   1.3514E+03   3.4015E+02   1.0247E+05   1.1203E-05   3.2721E+00
   2.4000E+00   1.3515E+03   3.4015E+02   1.0248E+05   1.1202E-05   3.2724E+00
   2.5000E+00   1.3515E+03   3.4015E+02   1.0248E+05   1.1202E-05   3.2724E+00
   2.6000E+00   1.3515E+03   3.4015E+02   1.0248E+05   1.1201E-05   3.2723E+00
   2.7000E+00   1.3515E+03   3.4015E+02   1.0248E+05   1.1201E-05   3.2723E+00
   2.8000E+00   1.3515E+03   3.4015E+02   1.0248E+05   1.1201E-05   3.2723E+00
   2.9000E+00   1.3515E+03   3.4015E+02   1.0248E+05   1.1200E-05   3.2722E+00
   3.0000E+00   1.3517E+03   3.4015E+02   1.0249E+05   1.1199E-05   3.2724E+00
   3.1000E+00   1.3517E+03   3.4015E+02   1.0249E+05   1.1199E-05   3.2724E+00
   3.2000E+00   1.3517E+03   3.4015E+02   1.0249E+05   1.1199E-05   3.2724E+00
   3.3000E+00   1.3517E+03   3.4015E+02   1.0249E+05   1.1198E-05   3.2723E+00
   3.4000E+00   1.3517E+03   3.4015E+02   1.0249E+05   1.1198E-05   3.2723E+00
   3.5000E+00   1.3517E+03   3.4015E+02   1.0249E+05   1.1198E-05   3.2722E+00
   3.6000E+00   1.3517E+03   3.4015E+02   1.0249E+05   1.1197E-05   3.2722E+00
   3.7000E+00   1.3518E+03   3.4015E+02   1.0250E+05   1.1197E-05   3.2724E+00
   3.8000E+00   1.3518E+03   3.4015E+02   1.0250E+05   1.1196E-05   3.2724E+00
   3.9000E+00   1.3518E+03   3.4015E+02   1.0250E+05   1.1196E-05   3.2724E+00
   4.0000E+00   1.3518E+03   3.4015E+02   1.0250E+05   1.1195E-05   3.2723E+00
   4.1000E+00   1.3518E+03   3.4015E+02   1.0250E+05   1.1195E-05   3.2723E+00
   4.2000E+00   1.3518E+03   3.4015E+02   1.0250E+05   1.1195E-05   3.2722E+00
   4.3000E+00   1.3520E+03   3.4015E+02   1.0251E+05   1.1194E-05   3.2725E+00
   4.4000E+00   1.3520E+03   3.4015E+02   1.0251E+05   1.1194E-05   3.2724E+00
   4.5000E+00   1.3520E+03   3.4015E+02   1.0251E+05   1.1193E-05   3.2724E+00
   4.6000E+00   1.3520E+03   3.4015E+02   1.0251E+05   1.1193E-05   3.2723E+00
   4.7000E+00   1.3520E+03   3.4015E+02   1.0251E+05   1.1193E-05   3.2723E+00
   4.8000E+00   1.3520E+03   3.4015E+02   1.0251E+05   1.1192E-05   3.2722E+00
   4.9000E+00   1.3520E+03   3.4015E+02   1.0251E+05   1.1192E-05   3.2722E+00
   5.0000E+00   1.3521E+03   3.4015E+02   1.0253E+05   1.1191E-05   3.2725E+00
   5.1000E+00   1.3521E+03   3.4015E+02   1.0253E+05   1.1191E-05   3.2724E+00
   5.2000E+00   1.3521E+03   3.4015E+02   1.0253E+05   1.1191E-05   3.2724E+00
   5.3000E+00   1.3521E+03   3.4015E+02   1.0253E+05   1.1190E-05   3.2723E+00
   5.4000E+00   1.3523E+03   3.4015E+02   1.0253E+05   1.1191E-05   3.2729E+00
   5.5000E+00   1.3521E+03   3.4015E+02   1.0253E+05   1.1190E-05   3.2722E+00
   5.6000E+00   1.3521E+03   3.4015E+02   1.0253E+05   1.1189E-05   3.2722E+00
   5.7000E+00   1.3523E+03   3.4015E+02   1.0254E+05   1.1189E-05   3.2725E+00
   5.8000E+00   1.3523E+03   3.4015E+02   1.0254E+05   1.1188E-05   3.2724E+00
   5.9000E+00   1.3523E+03   3.4015E+02   1.0254E+05   1.1188E-05   3.2724E+00
   6.0000E+00   1.3523E+03   3.4015E+02   1.0254E+05   1.1188E-05   3.2723E+00
   6.1000E+00   1.3523E+03   3.4015E+02   1.0254E+05   1.1187E-05   3.2723E+00
   6.2000E+00   1.3524E+03   3.4015E+02   1.0254E+05   1.1188E-05   3.2729E+00
   6.3000E+00   1.3523E+03   3.4015E+02   1.0254E+05   1.1186E-05   3.2722E+00
   6.4000E+00   1.3523E+03   3.4015E+02   1.0254E+05   1.1186E-05   3.2721E+00
   6.5000E+00   1.3525E+03   3.4015E+02   1.0255E+05   1.1186E-05   3.2725E+00
   6.6000E+00   1.3525E+03   3.4015E+02   1.0255E+05   1.1185E-05   3.2724E+00
   6.7000E+00   1.3525E+03   3.4015E+02   1.0255E+05   1.1185E-05   3.2724E+00
   6.8000E+00   1.3525E+03   3.4015E+02   1.0255E+05   1.1185E-05   3.2723E+00
   6.9000E+00   1.3525E+03   3.4015E+02   1.0255E+05   1.1184E-05   3.2723E+00
   7.0000E+00   1.3525E+03   3.4015E+02   1.0255E+05   1.1184E-05   3.2722E+00
   7.1000E+00   1.3525E+03   3.4015E+02   1.0255E+05   1.1183E-05   3.2722E+00
   7.2000E+00   1.3526E+03   3.4015E+02   1.0255E+05   1.1184E-05   3.2729E+00
   7.3000E+00   1.3526E+03   3.4015E+02   1.0257E+05   1.1183E-05   3.2725E+00
   7.4000E+00   1.3526E+03   3.4015E+02   1.0257E+05   1.1182E-05   3.2724E+00
   7.5000E+00   1.3526E+03   3.4015E+02   1.0257E+05   1.1182E-05   3.2724E+00
   7.6000E+00   1.3526E+03   3.4015E+02   1.0257E+05   1.1182E-05   3.2723E+00
   7.7000E+00   1.3526E+03   3.4015E+02   1.0257E+05   1.1181E-05   3.2722E+00
   7.8000E+00   1.3526E+03   3.4015E+02   1.0257E+05   1.1181E-05   3.2722E+00
   7.9000E+00   1.3528E+03   3.4015E+02   1.0257E+05   1.1182E-05   3.2729E+00
   8.0000E+00   1.3526E+03   3.4015E+02   1.0257E+05   1.1180E-05   3.2721E+00
   8.1000E+00   1.3528E+03   3.4015E+02   1.0257E+05   1.1181E-05   3.2729E+00
   8.2000E+00   1.3528E+03   3.4015E+02   1.0258E+05   1.1179E-05   3.2724E+00
   8.3000E+00   1.3528E+03   3.4015E+02   1.0258E+05   1.1179E-05   3.2724E+00
   8.4000E+00   1.3530E+03   3.4015E+02   1.0258E+05   1.1180E-05   3.2729E+00
   8.5000E+00   1.3528E+03   3.4015E+02   1.0258E+05   1.1178E-05   3.2723E+00
   8.6000E+00   1.3528E+03   3.4015E+02   1.0258E+05   1.1178E-05   3.2722E+00
   8.7000E+00   1.3528E+03   3.4015E+02   1.0258E+05   1.1177E-05   3.2722E+00
   8.8000E+00   1.3530E+03   3.4015E+02   1.0258E+05   1.1178E-05   3.2729E+00
   8.9000E+00   1.3530E+03   3.4015E+02   1.0258E+05   1.1178E-05   3.2729E+00
   9.0000E+00   1.3530E+03   3.4015E+02   1.0259E+05   1.1176E-05   3.2725E+00
   9.1000E+00   1.3530E+03   3.4015E+02   1.0259E+05   1.1176E-05   3.2724E+00
   9.2000E+00   1.3530E+03   3.4015E+02   1.0259E+05   1.1176E-05   3.2724E+00
   9.3000E+00   1.3530E+03   3.4015E+02   1.0259E+05   1.1175E-05   3.2723E+00
   9.4000E+00   1.3531E+03   3.4015E+02   1.0259E+05   1.1176E-05   3.2729E+00
   9.5000E+00   1.3530E+03   3.4015E+02   1.0259E+05   1.1175E-05   3.2722E+00
   9.6000E+00   1.3532E+03   3.4015E+02   1.0259E+05   1.1175E-05   3.2729E+00
   9.7000E+00   1.3530E+03   3.4015E+02   1.0259E+05   1.1174E-05   3.2721E+00
   9.8000E+00   1.3532E+03   3.4015E+02   1.0259E+05   1.1175E-05   3.2729E+00
   9.9000E+00   1.3532E+03   3.4015E+02   1.0261E+05   1.1173E-05   3.2725E+00
   1.0000E+01   1.3532E+03   3.4015E+02   1.0261E+05   1.1173E-05   3.2724E+00
   1.0100E+01   1.3532E+03   3.4015E+02   1.0261E+05   1.1172E-05   3.2723E+00
   1.0200E+01   1.3532E+03   3.4015E+02   1.0261E+05   1.1172E-05   3.2723E+00
   1.0300E+01   1.3533E+03   3.4015E+02   1.0261E+05   1.1173E-05   3.2729E+00
   1.0400E+01   1.3532E+03   3.4015E+02   1.0261E+05   1.1171E-05   3.2722E+00
   1.0500E+01   1.3532E+03   3.4015E+02   1.0261E+05   1.1171E-05   3.2721E+00
   1.0600E+01   1.3534E+03   3.4015E+02   1.0261E+05   1.1172E-05   3.2729E+00
   1.0700E+01   1.3534E+03   3.4015E+02   1.0262E+05   1.1170E-05   3.2725E+00
   1.0800E+01   1.3534E+03   3.4015E+02   1.0262E+05   1.1170E-05   3.2724E+00
   1.0900E+01   1.3534E+03   3.4015E+02   1.0262E+05   1.1169E-05   3.2724E+00
   1.1000E+01   1.3534E+03   3.4015E+02   1.0262E+05   1.1169E-05   3.2723E+00
   1.1100E+01   1.3535E+03   3.4015E+02   1.0262E+05   1.1170E-05   3.2729E+00
   1.1200E+01   1.3534E+03   3.4015E+02   1.0262E+05   1.1168E-05   3.2722E+00
   1.1300E+01   1.3535E+03   3.4015E+02   1.0262E+05   1.1169E-05   3.2729E+00
   1.1400E+01   1.3534E+03   3.4015E+02   1.0262E+05   1.1168E-05   3.2721E+00
   1.1500E+01   1.3536E+03   3.4015E+02   1.0262E+05   1.1169E-05   3.2729E+00
   1.1600E+01   1.3536E+03   3.4015E+02   1.0264E+05   1.1167E-05   3.2725E+00
   1.1700E+01   1.3536E+03   3.4015E+02   1.0264E+05   1.1166E-05   3.2724E+00
   1.1800E+01   1.3536E+03   3.4015E+02   1.0264E+05   1.1166E-05   3.2724E+00
   1.1900E+01   1.3536E+03   3.4015E+02   1.0264E+05   1.1166E-05   3.2723E+00
   1.2000E+01   1.3537E+03   3.4015E+02   1.0264E+05   1.1166E-05   3.2729E+00
   1.2100E+01   1.3536E+03   3.4015E+02   1.0264E+05   1.1165E-05   3.2722E+00
   1.2200E+01   1.3537E+03   3.4015E+02   1.0264E+05   1.1166E-05   3.2729E+00
   1.2300E+01   1.3536E+03   3.4015E+02   1.0264E+05   1.1164E-05   3.2721E+00
   1.2400E+01   1.3537E+03   3.4015E+02   1.0264E+05   1.1165E-05   3.2729E+00
   1.2500E+01   1.3538E+03   3.4015E+02   1.0265E+05   1.1164E-05   3.2725E+00
   1.2600E+01   1.3538E+03   3.4015E+02   1.0265E+05   1.1163E-05   3.2724E+00
   1.2700E+01   1.3538E+03   3.4015E+02   1.0265E+05   1.1163E-05   3.2724E+00
   1.2800E+01   1.3538E+03   3.4015E+02   1.0265E+05   1.1162E-05   3.2723E+00
   1.2900E+01   1.3539E+03   3.4015E+02   1.0265E+05   1.1163E-05   3.2729E+00
   1.3000E+01   1.3538E+03   3.4015E+02   1.0265E+05   1.1162E-05   3.2722E+00
   1.3100E+01   1.3539E+03   3.4015E+02   1.0265E+05   1.1163E-05   3.2729E+00
   1.3200E+01   1.3538E+03   3.4015E+02   1.0265E+05   1.1161E-05   3.2721E+00
   1.3300E+01   1.3539E+03   3.4015E+02   1.0265E+05   1.1162E-05   3.2729E+00
   1.3400E+01   1.3539E+03   3.4015E+02   1.0267E+05   1.1160E-05   3.2725E+00
   1.3500E+01   1.3539E+03   3.4015E+02   1.0267E+05   1.1160E-05   3.2724E+00
   1.3600E+01   1.3539E+03   3.4015E+02   1.0267E+05   1.1160E-05   3.2724E+00
   1.3700E+01   1.3539E+03   3.4015E+02   1.0267E+05   1.1159E-05   3.2723E+00
   1.3800E+01   1.3539E+03   3.4015E+02   1.0267E+05   1.1159E-05   3.2723E+00
   1.3900E+01   1.3541E+03   3.4015E+02   1.0267E+05   1.1160E-05   3.2729E+00
   1.4000E+01   1.3539E+03   3.4015E+02   1.0267E+05   1.1158E-05   3.2722E+00
   1.4100E+01   1.3541E+03   3.4015E+02   1.0267E+05   1.1159E-05   3.2729E+00
   1.4200E+01   1.3539E+03   3.4015E+02   1.0267E+05   1.1157E-05   3.2721E+00
   1.4300E+01   1.3541E+03   3.4015E+02   1.0267E+05   1.1158E-05   3.2729E+00
   1.4400E+01   1.3539E+03   3.4015E+02   1.0267E+05   1.1156E-05   3.2720E+00
   1.4500E+01   1.3541E+03   3.4015E+02   1.0267E+05   1.1158E-05   3.2729E+00
   1.4600E+01   1.3542E+03   3.4015E+02   1.0267E+05   1.1157E-05   3.2729E+00
   1.4700E+01   1.3542E+03   3.4015E+02   1.0269E+05   1.1156E-05   3.2724E+00
   1.4800E+01   1.3542E+03   3.4015E+02   1.0269E+05   1.1155E-05   3.2724E+00
   1.4900E+01   1.3542E+03   3.4015E+02   1.0269E+05   1.1155E-05   3.2723E+00
   1.5000E+01   1.3542E+03   3.4015E+02   1.0269E+05   1.1154E-05   3.2723E+00
   1.5100E+01   1.3542E+03   3.4015E+02   1.0269E+05   1.1154E-05   3.2722E+00
   1.5200E+01   1.3543E+03   3.4015E+02   1.0269E+05   1.1155E-05   3.2729E+00
   1.5300E+01   1.3543E+03   3.4015E+02   1.0269E+05   1.1155E-05   3.2729E+00
   1.5400E+01   1.3542E+03   3.4015E+02   1.0269E+05   1.1153E-05   3.2721E+00
   1.5500E+01   1.3543E+03   3.4015E+02   1.0269E+05   1.1154E-05   3.2729E+00
   1.5600E+01   1.3544E+03   3.4015E+02   1.0270E+05   1.1152E-05   3.2725E+00
   1.5700E+01   1.3544E+03   3.4015E+02   1.0270E+05   1.1152E-05   3.2724E+00
   1.5800E+01   1.3544E+03   3.4015E+02   1.0270E+05   1.1151E-05   3.2724E+00
   1.5900E+01   1.3545E+03   3.4015E+02   1.0270E+05   1.1152E-05   3.2729E+00
   1.6000E+01   1.3544E+03   3.4015E+02   1.0270E+05   1.1151E-05   3.2723E+00
   1.6100E+01   1.3544E+03   3.4015E+02   1.0270E+05   1.1150E-05   3.2722E+00
   1.6200E+01   1.3545E+03   3.4015E+02   1.0270E+05   1.1151E-05   3.2729E+00
   1.6300E+01   1.3545E+03   3.4015E+02   1.0270E+05   1.1151E-05   3.2729E+00
   1.6400E+01   1.3544E+03   3.4015E+02   1.0270E+05   1.1149E-05   3.2721E+00
   1.6500E+01   1.3545E+03   3.4015E+02   1.0270E+05   1.1150E-05   3.2729E+00
   1.6600E+01   1.3546E+03   3.4015E+02   1.0272E+05   1.1149E-05   3.2725E+00
   1.6700E+01   1.3546E+03   3.4015E+02   1.0272E+05   1.1148E-05   3.2725E+00
   1.6800E+01   1.3546E+03   3.4015E+02   1.0272E+05   1.1148E-05   3.2724E+00
   1.6900E+01   1.3547E+03   3.4015E+02   1.0272E+05   1.1148E-05   3.2729E+00
   1.7000E+01   1.3546E+03   3.4015E+02   1.0272E+05   1.1147E-05   3.2723E+00
   1.7100E+01   1.3547E+03   3.4015E+02   1.0272E+05   1.1148E-05   3.2729E+00
   1.7200E+01   1.3546E+03   3.4015E+02   1.0272E+05   1.1146E-05   3.2722E+00
   1.7300E+01   1.3547E+03   3.4015E+02   1.0272E+05   1.1147E-05   3.2729E+00
   1.7400E+01   1.3546E+03   3.4015E+02   1.0272E+05   1.1146E-05   3.2721E+00
   1.7500E+01   1.3547E+03   3.4015E+02   1.0272E+05   1.1147E-05   3.2729E+00
   1.7600E+01   1.3547E+03   3.4015E+02   1.0272E+05   1.1146E-05   3.2729E+00
   1.7700E+01   1.3547E+03   3.4015E+02   1.0274E+05   1.1145E-05   3.2725E+00
   1.7800E+01   1.3547E+03   3.4015E+02   1.0274E+05   1.1144E-05   3.2724E+00
   1.7900E+01   1.3547E+03   3.4015E+02   1.0274E+05   1.1144E-05   3.2724E+00
   1.8000E+01   1.3547E+03   3.4015E+02   1.0274E+05   1.1144E-05   3.2723E+00
   1.8100E+01   1.3547E+03   3.4015E+02   1.0274E+05   1.1143E-05   3.2723E+00
   1.8200E+01   1.3549E+03   3.4015E+02   1.0274E+05   1.1144E-05   3.2729E+00
   1.8300E+01   1.3549E+03   3.4015E+02   1.0274E+05   1.1144E-05   3.2729E+00
   1.8400E+01   1.3547E+03   3.4015E+02   1.0274E+05   1.1142E-05   3.2722E+00
   1.8500E+01   1.3549E+03   3.4015E+02   1.0274E+05   1.1143E-05   3.2729E+00
   1.8600E+01   1.3549E+03   3.4015E+02   1.0275E+05   1.1142E-05   3.2725E+00
   1.8700E+01   1.3549E+03   3.4015E+02   1.0275E+05   1.1141E-05   3.2725E+00
   1.8800E+01   1.3549E+03   3.4015E+02   1.0275E+05   1.1141E-05   3.2724E+00
   1.8900E+01   1.3549E+03   3.4015E+02   1.0275E+05   1.1140E-05   3.2724E+00
   1.9000E+01   1.3550E+03   3.4015E+02   1.0275E+05   1.1141E-05   3.2729E+00
   1.9100E+01   1.3549E+03   3.4015E+02   1.0275E+05   1.1140E-05   3.2723E+00
   1.9200E+01   1.3551E+03   3.4015E+02   1.0275E+05   1.1140E-05   3.2729E+00
   1.9300E+01   1.3549E+03   3.4015E+02   1.0275E+05   1.1139E-05   3.2722E+00
   1.9400E+01   1.3551E+03   3.4015E+02   1.0275E+05   1.1140E-05   3.2729E+00
   1.9500E+01   1.3551E+03   3.4015E+02   1.0275E+05   1.1139E-05   3.2729E+00
   1.9600E+01   1.3549E+03   3.4015E+02   1.0275E+05   1.1138E-05   3.2721E+00
   1.9700E+01   1.3551E+03   3.4015E+02   1.0275E+05   1.1139E-05   3.2729E+00
   1.9800E+01   1.3551E+03   3.4015E+02   1.0275E+05   1.1139E-05   3.2729E+00
   1.9900E+01   1.3551E+03   3.4015E+02   1.0275E+05   1.1138E-05   3.2729E+00
   2.0000E+01   1.3551E+03   3.4015E+02   1.0277E+05   1.1136E-05   3.2724E+00
   2.0100E+01   1.3551E+03   3.4015E+02   1.0277E+05   1.1136E-05   3.2724E+00
   2.0200E+01   1.3551E+03   3.4015E+02   1.0277E+05   1.1136E-05   3.2723E+00
   2.0300E+01   1.3551E+03   3.4015E+02   1.0277E+05   1.1135E-05   3.2723E+00
   2.0400E+01   1.3551E+03   3.4015E+02   1.0277E+05   1.1135E-05   3.2722E+00
   2.0500E+01   1.3553E+03   3.4015E+02   1.0277E+05   1.1136E-05   3.2729E+00
   2.0600E+01   1.3551E+03   3.4015E+02   1.0277E+05   1.1134E-05   3.2721E+00
   2.0700E+01   1.3553E+03   3.4015E+02   1.0277E+05   1.1135E-05   3.2729E+00
   2.0800E+01   1.3553E+03   3.4015E+02   1.0277E+05   1.1135E-05   3.2729E+00
   2.0900E+01   1.3553E+03   3.4015E+02   1.0277E+05   1.1134E-05   3.2729E+00
   2.1000E+01   1.3551E+03   3.4015E+02   1.0277E+05   1.1132E-05   3.2719E+00
   2.1100E+01   1.3553E+03   3.4015E+02   1.0277E+05   1.1134E-05   3.2729E+00
   2.1200E+01   1.3554E+03   3.4015E+02   1.0277E+05   1.1134E-05   3.2729E+00
   2.1300E+01   1.3554E+03   3.4015E+02   1.0279E+05   1.1132E-05   3.2725E+00
   2.1400E+01   1.3554E+03   3.4015E+02   1.0279E+05   1.1131E-05   3.2724E+00
   2.1500E+01   1.3554E+03   3.4015E+02   1.0279E+05   1.1131E-05   3.2724E+00
   2.1600E+01   1.3554E+03   3.4015E+02   1.0279E+05   1.1131E-05   3.2723E+00
   2.1700E+01   1.3554E+03   3.4015E+02   1.0279E+05   1.1130E-05   3.2723E+00
   2.1800E+01   1.3555E+03   3.4015E+02   1.0279E+05   1.1131E-05   3.2729E+00
   2.1900E+01   1.3555E+03   3.4015E+02   1.0279E+05   1.1131E-05   3.2729E+00
   2.2000E+01   1.3554E+03   3.4015E+02   1.0279E+05   1.1129E-05   3.2721E+00
   2.2100E+01   1.3555E+03   3.4015E+02   1.0279E+05   1.1130E-05   3.2729E+00
   2.2200E+01   1.3554E+03   3.4015E+02   1.0279E+05   1.1128E-05   3.2720E+00
   2.2300E+01   1.3556E+03   3.4015E+02   1.0279E+05   1.1129E-05   3.2729E+00
   2.2400E+01   1.3556E+03   3.4015E+02   1.0279E+05   1.1129E-05   3.2729E+00
   2.2500E+01   1.3556E+03   3.4015E+02   1.0281E+05   1.1128E-05   3.2725E+00
   2.2600E+01   1.3556E+03   3.4015E+02   1.0281E+05   1.1127E-05   3.2725E+00
   2.2700E+01   1.3556E+03   3.4015E+02   1.0281E+05   1.1127E-05   3.2724E+00
   2.2800E+01   1.3556E+03   3.4015E+02   1.0281E+05   1.1126E-05   3.2724E+00
   2.2900E+01   1.3556E+03   3.4015E+02   1.0281E+05   1.1126E-05   3.2723E+00
   2.3000E+01   1.3556E+03   3.4015E+02   1.0281E+05   1.1126E-05   3.2723E+00
   2.3100E+01   1.3557E+03   3.4015E+02   1.0281E+05   1.1126E-05   3.2729E+00
   2.3200E+01   1.3557E+03   3.4015E+02   1.0281E+05   1.1126E-05   3.2729E+00
   2.3300E+01   1.3556E+03   3.4015E+02   1.0281E+05   1.1124E-05   3.2721E+00
   2.3400E+01   1.3557E+03   3.4015E+02   1.0281E+05   1.1125E-05   3.2729E+00
   2.3500E+01   1.3556E+03   3.4015E+02   1.0281E+05   1.1124E-05   3.2721E+00
   2.3600E+01   1.3558E+03   3.4015E+02   1.0281E+05   1.1125E-05   3.2729E+00
   2.3700E+01   1.3558E+03   3.4015E+02   1.0281E+05   1.1125E-05   3.2729E+00
   2.3800E+01   1.3558E+03   3.4015E+02   1.0283E+05   1.1123E-05   3.2725E+00
   2.3900E+01   1.3558E+03   3.4015E+02   1.0283E+05   1.1122E-05   3.2725E+00
   2.4100E+01   1.3558E+03   3.4015E+02   1.0283E+05   1.1122E-05   3.2724E+00
   2.4300E+01   1.3558E+03   3.4015E+02   1.0283E+05   1.1121E-05   3.2723E+00
   2.4500E+01   1.3558E+03   3.4015E+02   1.0283E+05   1.1120E-05   3.2722E+00
   2.4700E+01   1.3559E+03   3.4015E+02   1.0283E+05   1.1121E-05   3.2729E+00
   2.4900E+01   1.3560E+03   3.4015E+02   1.0283E+05   1.1120E-05   3.2729E+00
   2.5100E+01   1.3560E+03   3.4015E+02   1.0285E+05   1.1118E-05   3.2725E+00
   2.5300E+01   1.3560E+03   3.4015E+02   1.0285E+05   1.1118E-05   3.2724E+00
   2.5500E+01   1.3560E+03   3.4015E+02   1.0285E+05   1.1117E-05   3.2723E+00
   2.5700E+01   1.3561E+03   3.4015E+02   1.0285E+05   1.1117E-05   3.2729E+00
   2.5900E+01   1.3561E+03   3.4015E+02   1.0285E+05   1.1116E-05   3.2729E+00
   2.6100E+01   1.3562E+03   3.4015E+02   1.0285E+05   1.1116E-05   3.2729E+00
   2.6300E+01   1.3562E+03   3.4015E+02   1.0285E+05   1.1115E-05   3.2729E+00
   2.6500E+01   1.3562E+03   3.4015E+02   1.0285E+05   1.1115E-05   3.2729E+00
   2.6700E+01   1.3562E+03   3.4015E+02   1.0287E+05   1.1112E-05   3.2724E+00
   2.6900E+01   1.3562E+03   3.4015E+02   1.0287E+05   1.1112E-05   3.2723E+00
   2.7100E+01   1.3563E+03   3.4015E+02   1.0287E+05   1.1112E-05   3.2729E+00
   2.7300E+01   1.3564E+03   3.4015E+02   1.0287E+05   1.1111E-05   3.2729E+00
   2.7500E+01   1.3562E+03   3.4015E+02   1.0287E+05   1.1109E-05   3.2721E+00
   2.7700E+01   1.3562E+03   3.4015E+02   1.0287E+05   1.1109E-05   3.2720E+00
   2.7900E+01   1.3564E+03   3.4015E+02   1.0287E+05   1.1110E-05   3.2729E+00
   2.8100E+01   1.3564E+03   3.4015E+02   1.0289E+05   1.1108E-05   3.2725E+00
   2.8300E+01   1.3564E+03   3.4015E+02   1.0289E+05   1.1107E-05   3.2724E+00
   2.8500E+01   1.3565E+03   3.4015E+02   1.0289E+05   1.1107E-05   3.2729E+00
   2.8700E+01   1.3566E+03   3.4015E+02   1.0289E+05   1.1106E-05   3.2729E+00
   2.8900E+01   1.3564E+03   3.4015E+02   1.0289E+05   1.1105E-05   3.2722E+00
   2.9100E+01   1.3566E+03   3.4015E+02   1.0289E+05   1.1105E-05   3.2729E+00
   2.9300E+01   1.3566E+03   3.4015E+02   1.0289E+05   1.1105E-05   3.2729E+00
   2.9500E+01   1.3566E+03   3.4015E+02   1.0292E+05   1.1103E-05   3.2725E+00
   2.9700E+01   1.3567E+03   3.4015E+02   1.0292E+05   1.1103E-05   3.2729E+00
   2.9900E+01   1.3566E+03   3.4015E+02   1.0292E+05   1.1101E-05   3.2724E+00
