       Time_s                                                                                                                         1                                                                                                                         2
   0.0000E+00   1.8181E+08   2.5000E-06
   1.0000E-08   1.1202E+09   9.4896E-05
   2.0000E-08   6.9006E+09   3.6013E-03
   3.0000E-08   4.2510E+10   1.3667E-01
   4.0000E-08   2.6188E+11   5.1867E+00
   5.0000E-08   1.6133E+12   1.9684E+02
   6.0000E-08   9.9383E+12   7.4699E+03
   7.0000E-08   6.1224E+13   2.8348E+05
   8.0000E-08   3.7716E+14   1.0758E+07
   9.0000E-08   2.3234E+15   4.0828E+08
   1.0000E-07   1.4313E+16   1.5494E+10
   1.1000E-07   8.8174E+16   5.8800E+11
   1.2000E-07   5.4317E+17   2.2313E+13
   1.3000E-07   3.3454E+18   8.4643E+14
   1.4000E-07   2.0582E+19   3.2038E+16
   1.5000E-07   1.2578E+20   1.1966E+18
   1.6000E-07   7.3860E+20   4.1258E+19
   1.7000E-07   3.5316E+21   9.4329E+20
   1.8000E-07   9.1480E+21   6.3292E+21
   1.9000E-07   1.2331E+22   1.1499E+22
   2.0000E-07   1.3069E+22   1.2917E+22
   2.2000E-07   1.3218E+22   1.3214E+22
