       Time_s           01           02           03           04           05
   0.0000E+00   1.7689E+02   3.0315E+02   0.0000E+00   0.0000E+00   0.0000E+00
   1.0000E-06   1.7689E+02   3.0315E+02   4.7456E+04   2.0217E-06   8.6618E-02
   2.0000E-06   1.2488E+03   3.0315E+02   9.7759E+04   1.0608E-05   3.2084E+00
   3.0000E-06   1.4486E+03   3.0315E+02   1.0691E+05   1.1770E-05   4.1294E+00
   4.0000E-06   1.4811E+03   3.0315E+02   1.0840E+05   1.1948E-05   4.2859E+00
   5.0000E-06   1.4864E+03   3.0315E+02   1.0864E+05   1.1977E-05   4.3118E+00
   6.0000E-06   1.4864E+03   3.0315E+02   1.0864E+05   1.1977E-05   4.3118E+00
   7.0000E-06   1.4864E+03   3.0315E+02   1.0864E+05   1.1977E-05   4.3118E+00
   8.0000E-06   1.4864E+03   3.0315E+02   1.0864E+05   1.1977E-05   4.3118E+00
   9.0000E-06   1.4864E+03   3.0315E+02   1.0864E+05   1.1977E-05   4.3118E+00
   1.0000E-05   1.4864E+03   3.0315E+02   1.0864E+05   1.1977E-05   4.3118E+00
   1.1000E-05   1.4864E+03   3.0315E+02   1.0864E+05   1.1977E-05   4.3118E+00
   1.2000E-05   1.4864E+03   3.0315E+02   1.0864E+05   1.1977E-05   4.3118E+00
   1.3000E-05   1.4864E+03   3.0315E+02   1.0864E+05   1.1977E-05   4.3118E+00
   1.4000E-05   1.4864E+03   3.0315E+02   1.0864E+05   1.1977E-05   4.3118E+00
   1.5000E-05   1.4864E+03   3.0315E+02   1.0864E+05   1.1977E-05   4.3118E+00
   1.6000E-05   1.4864E+03   3.0315E+02   1.0864E+05   1.1977E-05   4.3118E+00
   1.7000E-05   1.4873E+03   3.0315E+02   1.0864E+05   1.1984E-05   4.3169E+00
   1.8000E-05   1.4864E+03   3.0315E+02   1.0864E+05   1.1977E-05   4.3118E+00
   1.9000E-05   1.4873E+03   3.0315E+02   1.0864E+05   1.1984E-05   4.3169E+00
   2.0000E-05   1.4864E+03   3.0315E+02   1.0864E+05   1.1977E-05   4.3118E+00
   2.1000E-05   1.4873E+03   3.0315E+02   1.0864E+05   1.1984E-05   4.3169E+00
   2.2000E-05   1.4864E+03   3.0315E+02   1.0864E+05   1.1977E-05   4.3118E+00
   2.3000E-05   1.4873E+03   3.0315E+02   1.0864E+05   1.1984E-05   4.3169E+00
   2.4000E-05   1.4864E+03   3.0315E+02   1.0864E+05   1.1977E-05   4.3118E+00
   2.5000E-05   1.4873E+03   3.0315E+02   1.0864E+05   1.1984E-05   4.3169E+00
   2.6000E-05   1.4864E+03   3.0315E+02   1.0864E+05   1.1977E-05   4.3118E+00
   2.7000E-05   1.4873E+03   3.0315E+02   1.0864E+05   1.1984E-05   4.3169E+00
   2.8000E-05   1.4873E+03   3.0315E+02   1.0864E+05   1.1984E-05   4.3169E+00
   2.9000E-05   1.4873E+03   3.0315E+02   1.0864E+05   1.1984E-05   4.3169E+00
   3.0000E-05   1.4864E+03   3.0315E+02   1.0864E+05   1.1977E-05   4.3118E+00
   3.1000E-05   1.4873E+03   3.0315E+02   1.0864E+05   1.1984E-05   4.3169E+00
   3.2000E-05   1.4873E+03   3.0315E+02   1.0864E+05   1.1984E-05   4.3169E+00
   3.3000E-05   1.4873E+03   3.0315E+02   1.0864E+05   1.1984E-05   4.3169E+00
   3.4000E-05   1.4864E+03   3.0315E+02   1.0864E+05   1.1977E-05   4.3118E+00
   3.5000E-05   1.4873E+03   3.0315E+02   1.0864E+05   1.1984E-05   4.3169E+00
   3.6000E-05   1.4873E+03   3.0315E+02   1.0864E+05   1.1984E-05   4.3169E+00
   3.7000E-05   1.4873E+03   3.0315E+02   1.0864E+05   1.1984E-05   4.3169E+00
   3.8000E-05   1.4864E+03   3.0315E+02   1.0864E+05   1.1977E-05   4.3118E+00
   3.9000E-05   1.4873E+03   3.0315E+02   1.0864E+05   1.1984E-05   4.3169E+00
   4.0000E-05   1.4873E+03   3.0315E+02   1.0864E+05   1.1984E-05   4.3169E+00
   4.1000E-05   1.4873E+03   3.0315E+02   1.0864E+05   1.1984E-05   4.3169E+00
   4.2000E-05   1.4864E+03   3.0315E+02   1.0864E+05   1.1977E-05   4.3118E+00
   4.3000E-05   1.4873E+03   3.0315E+02   1.0864E+05   1.1984E-05   4.3169E+00
   4.4000E-05   1.4873E+03   3.0315E+02   1.0864E+05   1.1984E-05   4.3169E+00
   4.5000E-05   1.4873E+03   3.0315E+02   1.0864E+05   1.1984E-05   4.3169E+00
   4.6000E-05   1.4873E+03   3.0315E+02   1.0864E+05   1.1984E-05   4.3169E+00
   4.7000E-05   1.4873E+03   3.0315E+02   1.0864E+05   1.1984E-05   4.3169E+00
   4.8000E-05   1.4873E+03   3.0315E+02   1.0864E+05   1.1984E-05   4.3169E+00
   4.9000E-05   1.4864E+03   3.0315E+02   1.0864E+05   1.1977E-05   4.3118E+00
   5.0000E-05   1.4873E+03   3.0315E+02   1.0864E+05   1.1984E-05   4.3169E+00
   5.1000E-05   1.4873E+03   3.0315E+02   1.0864E+05   1.1984E-05   4.3169E+00
   5.2000E-05   1.4873E+03   3.0315E+02   1.0864E+05   1.1984E-05   4.3169E+00
   5.3000E-05   1.4873E+03   3.0315E+02   1.0864E+05   1.1984E-05   4.3169E+00
   5.4000E-05   1.4873E+03   3.0315E+02   1.0864E+05   1.1984E-05   4.3169E+00
   5.5000E-05   1.4873E+03   3.0315E+02   1.0864E+05   1.1984E-05   4.3169E+00
   5.6000E-05   1.4873E+03   3.0315E+02   1.0864E+05   1.1984E-05   4.3169E+00
   5.7000E-05   1.4873E+03   3.0315E+02   1.0864E+05   1.1984E-05   4.3169E+00
   5.8000E-05   1.4864E+03   3.0315E+02   1.0864E+05   1.1977E-05   4.3118E+00
   5.9000E-05   1.4873E+03   3.0315E+02   1.0864E+05   1.1984E-05   4.3169E+00
   6.0000E-05   1.4873E+03   3.0315E+02   1.0864E+05   1.1984E-05   4.3169E+00
   6.1000E-05   1.4873E+03   3.0315E+02   1.0864E+05   1.1984E-05   4.3169E+00
   6.2000E-05   1.4873E+03   3.0315E+02   1.0864E+05   1.1984E-05   4.3169E+00
   6.3000E-05   1.4873E+03   3.0315E+02   1.0864E+05   1.1984E-05   4.3169E+00
   6.4000E-05   1.4873E+03   3.0315E+02   1.0864E+05   1.1984E-05   4.3169E+00
   6.5000E-05   1.4873E+03   3.0315E+02   1.0864E+05   1.1984E-05   4.3169E+00
   6.6000E-05   1.4873E+03   3.0315E+02   1.0864E+05   1.1984E-05   4.3169E+00
   6.7000E-05   1.4873E+03   3.0315E+02   1.0864E+05   1.1984E-05   4.3169E+00
   6.8000E-05   1.4864E+03   3.0315E+02   1.0864E+05   1.1977E-05   4.3118E+00
   6.9000E-05   1.4873E+03   3.0315E+02   1.0864E+05   1.1984E-05   4.3169E+00
   7.0000E-05   1.4873E+03   3.0315E+02   1.0864E+05   1.1984E-05   4.3169E+00
   7.1000E-05   1.4873E+03   3.0315E+02   1.0864E+05   1.1984E-05   4.3169E+00
   7.2000E-05   1.4873E+03   3.0315E+02   1.0864E+05   1.1984E-05   4.3169E+00
   7.3000E-05   1.4873E+03   3.0315E+02   1.0864E+05   1.1984E-05   4.3169E+00
   7.4000E-05   1.4873E+03   3.0315E+02   1.0864E+05   1.1984E-05   4.3169E+00
   7.5000E-05   1.4864E+03   3.0315E+02   1.0864E+05   1.1977E-05   4.3118E+00
   7.6000E-05   1.4873E+03   3.0315E+02   1.0864E+05   1.1984E-05   4.3169E+00
   7.7000E-05   1.4873E+03   3.0315E+02   1.0864E+05   1.1984E-05   4.3169E+00
   7.8000E-05   1.4873E+03   3.0315E+02   1.0864E+05   1.1984E-05   4.3169E+00
   7.9000E-05   1.4873E+03   3.0315E+02   1.0864E+05   1.1984E-05   4.3169E+00
   8.0000E-05   1.4873E+03   3.0315E+02   1.0864E+05   1.1984E-05   4.3169E+00
   8.1000E-05   1.4873E+03   3.0315E+02   1.0864E+05   1.1984E-05   4.3169E+00
   8.2000E-05   1.4864E+03   3.0315E+02   1.0864E+05   1.1977E-05   4.3118E+00
   8.3000E-05   1.4873E+03   3.0315E+02   1.0864E+05   1.1984E-05   4.3169E+00
   8.4000E-05   1.4873E+03   3.0315E+02   1.0864E+05   1.1984E-05   4.3169E+00
   8.5000E-05   1.4873E+03   3.0315E+02   1.0864E+05   1.1984E-05   4.3169E+00
   8.6000E-05   1.4873E+03   3.0315E+02   1.0864E+05   1.1984E-05   4.3169E+00
   8.7000E-05   1.4873E+03   3.0315E+02   1.0864E+05   1.1984E-05   4.3169E+00
   8.8000E-05   1.4873E+03   3.0315E+02   1.0864E+05   1.1984E-05   4.3169E+00
   8.9000E-05   1.4864E+03   3.0315E+02   1.0864E+05   1.1977E-05   4.3118E+00
   9.0000E-05   1.4873E+03   3.0315E+02   1.0864E+05   1.1984E-05   4.3169E+00
   9.1000E-05   1.4873E+03   3.0315E+02   1.0864E+05   1.1984E-05   4.3169E+00
   9.2000E-05   1.4873E+03   3.0315E+02   1.0864E+05   1.1984E-05   4.3169E+00
   9.3000E-05   1.4873E+03   3.0315E+02   1.0864E+05   1.1984E-05   4.3169E+00
   9.4000E-05   1.4873E+03   3.0315E+02   1.0864E+05   1.1984E-05   4.3169E+00
   9.5000E-05   1.4873E+03   3.0315E+02   1.0864E+05   1.1984E-05   4.3169E+00
   9.6000E-05   1.4864E+03   3.0315E+02   1.0864E+05   1.1977E-05   4.3118E+00
   9.7000E-05   1.4873E+03   3.0315E+02   1.0864E+05   1.1984E-05   4.3169E+00
   9.8000E-05   1.4873E+03   3.0315E+02   1.0864E+05   1.1984E-05   4.3169E+00
   9.9000E-05   1.4873E+03   3.0315E+02   1.0864E+05   1.1984E-05   4.3169E+00
   1.0000E-04   1.4873E+03   3.0315E+02   1.0864E+05   1.1984E-05   4.3169E+00
   1.0100E-04   1.4873E+03   3.0315E+02   1.0864E+05   1.1984E-05   4.3169E+00
   1.1100E-04   1.4864E+03   3.0315E+02   1.0864E+05   1.1977E-05   4.3118E+00
   1.2100E-04   1.4864E+03   3.0315E+02   1.0864E+05   1.1977E-05   4.3118E+00
   1.3100E-04   1.4864E+03   3.0315E+02   1.0864E+05   1.1977E-05   4.3118E+00
   1.4100E-04   1.4864E+03   3.0315E+02   1.0864E+05   1.1977E-05   4.3118E+00
   1.5100E-04   1.4864E+03   3.0315E+02   1.0864E+05   1.1977E-05   4.3118E+00
   1.6100E-04   1.4864E+03   3.0315E+02   1.0864E+05   1.1977E-05   4.3118E+00
   1.7100E-04   1.4864E+03   3.0315E+02   1.0864E+05   1.1977E-05   4.3118E+00
   1.8100E-04   1.4864E+03   3.0315E+02   1.0864E+05   1.1977E-05   4.3118E+00
   1.9100E-04   1.4864E+03   3.0315E+02   1.0864E+05   1.1977E-05   4.3118E+00
   2.0100E-04   1.4864E+03   3.0315E+02   1.0864E+05   1.1977E-05   4.3118E+00
   2.1100E-04   1.4864E+03   3.0315E+02   1.0864E+05   1.1977E-05   4.3118E+00
   2.2100E-04   1.4864E+03   3.0315E+02   1.0864E+05   1.1977E-05   4.3118E+00
   2.3100E-04   1.4864E+03   3.0315E+02   1.0864E+05   1.1977E-05   4.3118E+00
   2.4100E-04   1.4864E+03   3.0315E+02   1.0864E+05   1.1977E-05   4.3118E+00
   2.5100E-04   1.4864E+03   3.0315E+02   1.0864E+05   1.1977E-05   4.3118E+00
   2.6100E-04   1.4864E+03   3.0315E+02   1.0864E+05   1.1977E-05   4.3118E+00
   2.7100E-04   1.4864E+03   3.0315E+02   1.0864E+05   1.1977E-05   4.3118E+00
   2.8100E-04   1.4864E+03   3.0315E+02   1.0864E+05   1.1977E-05   4.3118E+00
   2.9100E-04   1.4864E+03   3.0315E+02   1.0864E+05   1.1977E-05   4.3118E+00
   3.0100E-04   1.4864E+03   3.0315E+02   1.0864E+05   1.1977E-05   4.3118E+00
   3.1100E-04   1.4873E+03   3.0315E+02   1.0864E+05   1.1984E-05   4.3169E+00
   3.2100E-04   1.4864E+03   3.0315E+02   1.0864E+05   1.1977E-05   4.3118E+00
   3.3100E-04   1.4873E+03   3.0315E+02   1.0864E+05   1.1984E-05   4.3169E+00
   3.4100E-04   1.4864E+03   3.0315E+02   1.0864E+05   1.1977E-05   4.3118E+00
   3.5100E-04   1.4864E+03   3.0315E+02   1.0864E+05   1.1977E-05   4.3118E+00
   3.6100E-04   1.4873E+03   3.0315E+02   1.0864E+05   1.1984E-05   4.3169E+00
   3.7100E-04   1.4864E+03   3.0315E+02   1.0864E+05   1.1977E-05   4.3118E+00
   3.8100E-04   1.4873E+03   3.0315E+02   1.0864E+05   1.1984E-05   4.3169E+00
   3.9100E-04   1.4864E+03   3.0315E+02   1.0864E+05   1.1977E-05   4.3118E+00
   4.0100E-04   1.4864E+03   3.0315E+02   1.0864E+05   1.1977E-05   4.3118E+00
   4.1100E-04   1.4873E+03   3.0315E+02   1.0864E+05   1.1984E-05   4.3169E+00
   4.2100E-04   1.4864E+03   3.0315E+02   1.0864E+05   1.1977E-05   4.3118E+00
   4.3100E-04   1.4873E+03   3.0315E+02   1.0864E+05   1.1984E-05   4.3169E+00
   4.4100E-04   1.4864E+03   3.0315E+02   1.0864E+05   1.1977E-05   4.3118E+00
   4.5100E-04   1.4864E+03   3.0315E+02   1.0864E+05   1.1977E-05   4.3118E+00
   4.6100E-04   1.4873E+03   3.0315E+02   1.0864E+05   1.1984E-05   4.3169E+00
   4.7100E-04   1.4864E+03   3.0315E+02   1.0864E+05   1.1977E-05   4.3118E+00
   4.8100E-04   1.4873E+03   3.0315E+02   1.0864E+05   1.1984E-05   4.3169E+00
   4.9100E-04   1.4864E+03   3.0315E+02   1.0864E+05   1.1977E-05   4.3118E+00
   5.0100E-04   1.4864E+03   3.0315E+02   1.0864E+05   1.1977E-05   4.3118E+00
   5.1100E-04   1.4873E+03   3.0315E+02   1.0864E+05   1.1984E-05   4.3169E+00
   5.2100E-04   1.4864E+03   3.0315E+02   1.0864E+05   1.1977E-05   4.3118E+00
   5.3100E-04   1.4864E+03   3.0315E+02   1.0864E+05   1.1977E-05   4.3118E+00
   5.4100E-04   1.4873E+03   3.0315E+02   1.0864E+05   1.1984E-05   4.3169E+00
   5.5100E-04   1.4864E+03   3.0315E+02   1.0864E+05   1.1977E-05   4.3118E+00
   5.6100E-04   1.4873E+03   3.0315E+02   1.0864E+05   1.1984E-05   4.3169E+00
   5.7100E-04   1.4864E+03   3.0315E+02   1.0864E+05   1.1977E-05   4.3118E+00
   5.8100E-04   1.4864E+03   3.0315E+02   1.0864E+05   1.1977E-05   4.3118E+00
   5.9100E-04   1.4873E+03   3.0315E+02   1.0864E+05   1.1984E-05   4.3169E+00
   6.0100E-04   1.4864E+03   3.0315E+02   1.0864E+05   1.1977E-05   4.3118E+00
   6.1100E-04   1.4873E+03   3.0315E+02   1.0864E+05   1.1984E-05   4.3169E+00
   6.2100E-04   1.4864E+03   3.0315E+02   1.0864E+05   1.1977E-05   4.3118E+00
   6.3100E-04   1.4873E+03   3.0315E+02   1.0864E+05   1.1984E-05   4.3169E+00
   6.4100E-04   1.4864E+03   3.0315E+02   1.0864E+05   1.1977E-05   4.3118E+00
   6.5100E-04   1.4873E+03   3.0315E+02   1.0864E+05   1.1984E-05   4.3169E+00
   6.6100E-04   1.4873E+03   3.0315E+02   1.0864E+05   1.1984E-05   4.3169E+00
   6.7100E-04   1.4864E+03   3.0315E+02   1.0864E+05   1.1977E-05   4.3118E+00
   6.8100E-04   1.4873E+03   3.0315E+02   1.0864E+05   1.1984E-05   4.3169E+00
   6.9100E-04   1.4864E+03   3.0315E+02   1.0864E+05   1.1977E-05   4.3118E+00
   7.0100E-04   1.4873E+03   3.0315E+02   1.0864E+05   1.1984E-05   4.3169E+00
   7.1100E-04   1.4873E+03   3.0315E+02   1.0864E+05   1.1984E-05   4.3169E+00
   7.2100E-04   1.4864E+03   3.0315E+02   1.0864E+05   1.1977E-05   4.3118E+00
   7.3100E-04   1.4873E+03   3.0315E+02   1.0864E+05   1.1984E-05   4.3169E+00
   7.4100E-04   1.4864E+03   3.0315E+02   1.0864E+05   1.1977E-05   4.3118E+00
   7.5100E-04   1.4873E+03   3.0315E+02   1.0864E+05   1.1984E-05   4.3169E+00
   7.6100E-04   1.4864E+03   3.0315E+02   1.0864E+05   1.1977E-05   4.3118E+00
   7.7100E-04   1.4873E+03   3.0315E+02   1.0864E+05   1.1984E-05   4.3169E+00
   7.8100E-04   1.4873E+03   3.0315E+02   1.0864E+05   1.1984E-05   4.3169E+00
   7.9100E-04   1.4864E+03   3.0315E+02   1.0864E+05   1.1977E-05   4.3118E+00
   8.0100E-04   1.4873E+03   3.0315E+02   1.0864E+05   1.1984E-05   4.3169E+00
   8.1100E-04   1.4864E+03   3.0315E+02   1.0864E+05   1.1977E-05   4.3118E+00
   8.2100E-04   1.4873E+03   3.0315E+02   1.0864E+05   1.1984E-05   4.3169E+00
   8.3100E-04   1.4873E+03   3.0315E+02   1.0864E+05   1.1984E-05   4.3169E+00
   8.4100E-04   1.4864E+03   3.0315E+02   1.0864E+05   1.1977E-05   4.3118E+00
   8.5100E-04   1.4873E+03   3.0315E+02   1.0864E+05   1.1984E-05   4.3169E+00
   8.6100E-04   1.4864E+03   3.0315E+02   1.0864E+05   1.1977E-05   4.3118E+00
   8.7100E-04   1.4873E+03   3.0315E+02   1.0864E+05   1.1984E-05   4.3169E+00
   8.8100E-04   1.4873E+03   3.0315E+02   1.0864E+05   1.1984E-05   4.3169E+00
   8.9100E-04   1.4864E+03   3.0315E+02   1.0864E+05   1.1977E-05   4.3118E+00
   9.0100E-04   1.4873E+03   3.0315E+02   1.0864E+05   1.1984E-05   4.3169E+00
   9.1100E-04   1.4864E+03   3.0315E+02   1.0864E+05   1.1977E-05   4.3118E+00
   9.2100E-04   1.4873E+03   3.0315E+02   1.0864E+05   1.1984E-05   4.3169E+00
   9.3100E-04   1.4873E+03   3.0315E+02   1.0864E+05   1.1984E-05   4.3169E+00
   9.4100E-04   1.4873E+03   3.0315E+02   1.0864E+05   1.1984E-05   4.3169E+00
   9.5100E-04   1.4864E+03   3.0315E+02   1.0864E+05   1.1977E-05   4.3118E+00
   9.6100E-04   1.4873E+03   3.0315E+02   1.0864E+05   1.1984E-05   4.3169E+00
   9.7100E-04   1.4873E+03   3.0315E+02   1.0864E+05   1.1984E-05   4.3169E+00
   9.8100E-04   1.4873E+03   3.0315E+02   1.0864E+05   1.1984E-05   4.3169E+00
   9.9100E-04   1.4864E+03   3.0315E+02   1.0864E+05   1.1977E-05   4.3118E+00
   1.0010E-03   1.4873E+03   3.0315E+02   1.0864E+05   1.1984E-05   4.3169E+00
   1.1010E-03   1.4864E+03   3.0315E+02   1.0864E+05   1.1977E-05   4.3118E+00
   1.2010E-03   1.4864E+03   3.0315E+02   1.0864E+05   1.1977E-05   4.3118E+00
   1.3010E-03   1.4864E+03   3.0315E+02   1.0864E+05   1.1977E-05   4.3118E+00
   1.4010E-03   1.4864E+03   3.0315E+02   1.0864E+05   1.1977E-05   4.3118E+00
   1.5010E-03   1.4864E+03   3.0315E+02   1.0864E+05   1.1977E-05   4.3118E+00
   1.6010E-03   1.4864E+03   3.0315E+02   1.0864E+05   1.1977E-05   4.3118E+00
   1.7010E-03   1.4864E+03   3.0315E+02   1.0864E+05   1.1977E-05   4.3118E+00
   1.8010E-03   1.4864E+03   3.0315E+02   1.0864E+05   1.1977E-05   4.3118E+00
   1.9010E-03   1.4864E+03   3.0315E+02   1.0864E+05   1.1977E-05   4.3118E+00
   2.0010E-03   1.4864E+03   3.0315E+02   1.0864E+05   1.1977E-05   4.3118E+00
   2.1010E-03   1.4864E+03   3.0315E+02   1.0864E+05   1.1977E-05   4.3118E+00
   2.2010E-03   1.4864E+03   3.0315E+02   1.0864E+05   1.1977E-05   4.3118E+00
   2.3010E-03   1.4864E+03   3.0315E+02   1.0864E+05   1.1977E-05   4.3118E+00
   2.4010E-03   1.4864E+03   3.0315E+02   1.0864E+05   1.1977E-05   4.3118E+00
   2.5010E-03   1.4864E+03   3.0315E+02   1.0864E+05   1.1977E-05   4.3118E+00
   2.6010E-03   1.4864E+03   3.0315E+02   1.0864E+05   1.1977E-05   4.3118E+00
   2.7010E-03   1.4864E+03   3.0315E+02   1.0864E+05   1.1977E-05   4.3118E+00
   2.8010E-03   1.4864E+03   3.0315E+02   1.0864E+05   1.1977E-05   4.3118E+00
   2.9010E-03   1.4864E+03   3.0315E+02   1.0864E+05   1.1977E-05   4.3119E+00
   3.0010E-03   1.4873E+03   3.0315E+02   1.0864E+05   1.1984E-05   4.3169E+00
   3.1010E-03   1.4864E+03   3.0315E+02   1.0864E+05   1.1977E-05   4.3119E+00
   3.2010E-03   1.4864E+03   3.0315E+02   1.0864E+05   1.1977E-05   4.3119E+00
   3.3010E-03   1.4864E+03   3.0315E+02   1.0864E+05   1.1977E-05   4.3119E+00
   3.4010E-03   1.4873E+03   3.0315E+02   1.0864E+05   1.1984E-05   4.3169E+00
   3.5010E-03   1.4864E+03   3.0315E+02   1.0864E+05   1.1977E-05   4.3119E+00
   3.6010E-03   1.4864E+03   3.0315E+02   1.0864E+05   1.1977E-05   4.3119E+00
   3.7010E-03   1.4873E+03   3.0315E+02   1.0864E+05   1.1984E-05   4.3169E+00
   3.8010E-03   1.4864E+03   3.0315E+02   1.0864E+05   1.1977E-05   4.3119E+00
   3.9010E-03   1.4864E+03   3.0315E+02   1.0864E+05   1.1977E-05   4.3119E+00
   4.0010E-03   1.4864E+03   3.0315E+02   1.0864E+05   1.1977E-05   4.3119E+00
   4.1010E-03   1.4873E+03   3.0315E+02   1.0864E+05   1.1984E-05   4.3169E+00
   4.2010E-03   1.4864E+03   3.0315E+02   1.0864E+05   1.1977E-05   4.3119E+00
   4.3010E-03   1.4873E+03   3.0315E+02   1.0864E+05   1.1984E-05   4.3169E+00
   4.4010E-03   1.4873E+03   3.0315E+02   1.0864E+05   1.1984E-05   4.3169E+00
   4.5010E-03   1.4864E+03   3.0315E+02   1.0864E+05   1.1977E-05   4.3119E+00
   4.6010E-03   1.4873E+03   3.0315E+02   1.0864E+05   1.1984E-05   4.3169E+00
   4.7010E-03   1.4864E+03   3.0315E+02   1.0864E+05   1.1977E-05   4.3119E+00
   4.8010E-03   1.4873E+03   3.0315E+02   1.0864E+05   1.1984E-05   4.3169E+00
   4.9010E-03   1.4864E+03   3.0315E+02   1.0864E+05   1.1977E-05   4.3119E+00
   5.0010E-03   1.4873E+03   3.0315E+02   1.0864E+05   1.1984E-05   4.3169E+00
   5.1010E-03   1.4864E+03   3.0315E+02   1.0864E+05   1.1977E-05   4.3119E+00
   5.2010E-03   1.4873E+03   3.0315E+02   1.0864E+05   1.1984E-05   4.3169E+00
   5.3010E-03   1.4864E+03   3.0315E+02   1.0864E+05   1.1977E-05   4.3119E+00
   5.4010E-03   1.4873E+03   3.0315E+02   1.0864E+05   1.1984E-05   4.3169E+00
   5.5010E-03   1.4864E+03   3.0315E+02   1.0864E+05   1.1977E-05   4.3119E+00
   5.6010E-03   1.4873E+03   3.0315E+02   1.0864E+05   1.1983E-05   4.3169E+00
   5.7010E-03   1.4873E+03   3.0315E+02   1.0864E+05   1.1983E-05   4.3169E+00
   5.8010E-03   1.4864E+03   3.0315E+02   1.0864E+05   1.1977E-05   4.3119E+00
   5.9010E-03   1.4873E+03   3.0315E+02   1.0864E+05   1.1983E-05   4.3169E+00
   6.0010E-03   1.4864E+03   3.0315E+02   1.0864E+05   1.1977E-05   4.3119E+00
   6.1010E-03   1.4873E+03   3.0315E+02   1.0864E+05   1.1983E-05   4.3169E+00
   6.2010E-03   1.4864E+03   3.0315E+02   1.0864E+05   1.1977E-05   4.3119E+00
   6.3010E-03   1.4873E+03   3.0315E+02   1.0864E+05   1.1983E-05   4.3169E+00
   6.4010E-03   1.4864E+03   3.0315E+02   1.0864E+05   1.1977E-05   4.3119E+00
   6.5010E-03   1.4873E+03   3.0315E+02   1.0864E+05   1.1983E-05   4.3169E+00
   6.6010E-03   1.4864E+03   3.0315E+02   1.0864E+05   1.1977E-05   4.3119E+00
   6.7010E-03   1.4873E+03   3.0315E+02   1.0864E+05   1.1983E-05   4.3169E+00
   6.8010E-03   1.4864E+03   3.0315E+02   1.0864E+05   1.1977E-05   4.3119E+00
   6.9010E-03   1.4873E+03   3.0315E+02   1.0864E+05   1.1983E-05   4.3169E+00
   7.0010E-03   1.4864E+03   3.0315E+02   1.0864E+05   1.1977E-05   4.3119E+00
   7.1010E-03   1.4873E+03   3.0315E+02   1.0864E+05   1.1983E-05   4.3169E+00
   7.2010E-03   1.4873E+03   3.0315E+02   1.0864E+05   1.1983E-05   4.3169E+00
   7.3010E-03   1.4864E+03   3.0315E+02   1.0864E+05   1.1977E-05   4.3119E+00
   7.4010E-03   1.4873E+03   3.0315E+02   1.0864E+05   1.1983E-05   4.3169E+00
   7.5010E-03   1.4864E+03   3.0315E+02   1.0864E+05   1.1977E-05   4.3120E+00
   7.6010E-03   1.4864E+03   3.0315E+02   1.0864E+05   1.1977E-05   4.3120E+00
   7.7010E-03   1.4873E+03   3.0315E+02   1.0864E+05   1.1983E-05   4.3169E+00
   7.8010E-03   1.4864E+03   3.0315E+02   1.0864E+05   1.1977E-05   4.3120E+00
   7.9010E-03   1.4864E+03   3.0315E+02   1.0864E+05   1.1977E-05   4.3120E+00
   8.0010E-03   1.4873E+03   3.0315E+02   1.0864E+05   1.1983E-05   4.3169E+00
   8.1010E-03   1.4864E+03   3.0315E+02   1.0864E+05   1.1977E-05   4.3120E+00
   8.2010E-03   1.4864E+03   3.0315E+02   1.0864E+05   1.1977E-05   4.3120E+00
   8.3010E-03   1.4873E+03   3.0315E+02   1.0864E+05   1.1983E-05   4.3169E+00
   8.4010E-03   1.4864E+03   3.0315E+02   1.0864E+05   1.1976E-05   4.3120E+00
   8.5010E-03   1.4864E+03   3.0315E+02   1.0864E+05   1.1976E-05   4.3120E+00
   8.6010E-03   1.4873E+03   3.0315E+02   1.0864E+05   1.1983E-05   4.3169E+00
   8.7010E-03   1.4864E+03   3.0315E+02   1.0864E+05   1.1976E-05   4.3120E+00
   8.8010E-03   1.4864E+03   3.0315E+02   1.0864E+05   1.1976E-05   4.3120E+00
   8.9010E-03   1.4864E+03   3.0315E+02   1.0864E+05   1.1976E-05   4.3120E+00
   9.0010E-03   1.4864E+03   3.0315E+02   1.0864E+05   1.1976E-05   4.3120E+00
   9.1010E-03   1.4864E+03   3.0315E+02   1.0864E+05   1.1976E-05   4.3120E+00
   9.2010E-03   1.4864E+03   3.0315E+02   1.0864E+05   1.1976E-05   4.3120E+00
   9.3010E-03   1.4864E+03   3.0315E+02   1.0864E+05   1.1976E-05   4.3120E+00
   9.4010E-03   1.4864E+03   3.0315E+02   1.0864E+05   1.1976E-05   4.3120E+00
   9.5010E-03   1.4864E+03   3.0315E+02   1.0864E+05   1.1976E-05   4.3120E+00
   9.6010E-03   1.4864E+03   3.0315E+02   1.0864E+05   1.1976E-05   4.3120E+00
   9.7010E-03   1.4864E+03   3.0315E+02   1.0864E+05   1.1976E-05   4.3120E+00
   9.8010E-03   1.4864E+03   3.0315E+02   1.0864E+05   1.1976E-05   4.3120E+00
   9.9010E-03   1.4864E+03   3.0315E+02   1.0864E+05   1.1976E-05   4.3120E+00
   1.0001E-02   1.4864E+03   3.0315E+02   1.0864E+05   1.1976E-05   4.3120E+00
   1.1001E-02   1.4864E+03   3.0315E+02   1.0864E+05   1.1976E-05   4.3120E+00
   1.2001E-02   1.4864E+03   3.0315E+02   1.0864E+05   1.1976E-05   4.3121E+00
   1.3001E-02   1.4864E+03   3.0315E+02   1.0864E+05   1.1976E-05   4.3121E+00
   1.4001E-02   1.4864E+03   3.0315E+02   1.0864E+05   1.1976E-05   4.3121E+00
   1.5001E-02   1.4864E+03   3.0315E+02   1.0864E+05   1.1976E-05   4.3121E+00
   1.6001E-02   1.4864E+03   3.0315E+02   1.0864E+05   1.1976E-05   4.3121E+00
   1.7001E-02   1.4864E+03   3.0315E+02   1.0864E+05   1.1976E-05   4.3122E+00
   1.8001E-02   1.4864E+03   3.0315E+02   1.0864E+05   1.1976E-05   4.3122E+00
   1.9001E-02   1.4864E+03   3.0315E+02   1.0864E+05   1.1976E-05   4.3122E+00
   2.0001E-02   1.4864E+03   3.0315E+02   1.0864E+05   1.1976E-05   4.3122E+00
   2.1001E-02   1.4864E+03   3.0315E+02   1.0864E+05   1.1976E-05   4.3122E+00
   2.2001E-02   1.4864E+03   3.0315E+02   1.0864E+05   1.1976E-05   4.3123E+00
   2.3001E-02   1.4864E+03   3.0315E+02   1.0864E+05   1.1976E-05   4.3123E+00
   2.4001E-02   1.4864E+03   3.0315E+02   1.0864E+05   1.1976E-05   4.3123E+00
   2.5001E-02   1.4864E+03   3.0315E+02   1.0864E+05   1.1976E-05   4.3123E+00
   2.6001E-02   1.4864E+03   3.0315E+02   1.0864E+05   1.1976E-05   4.3123E+00
   2.7001E-02   1.4864E+03   3.0315E+02   1.0864E+05   1.1976E-05   4.3124E+00
   2.8001E-02   1.4864E+03   3.0315E+02   1.0864E+05   1.1976E-05   4.3124E+00
   2.9001E-02   1.4864E+03   3.0315E+02   1.0864E+05   1.1976E-05   4.3124E+00
   3.0001E-02   1.4864E+03   3.0315E+02   1.0864E+05   1.1976E-05   4.3124E+00
   3.1001E-02   1.4864E+03   3.0315E+02   1.0864E+05   1.1976E-05   4.3124E+00
   3.2001E-02   1.4864E+03   3.0315E+02   1.0864E+05   1.1976E-05   4.3125E+00
   3.3001E-02   1.4864E+03   3.0315E+02   1.0864E+05   1.1976E-05   4.3125E+00
   3.4001E-02   1.4864E+03   3.0315E+02   1.0864E+05   1.1976E-05   4.3125E+00
   3.5001E-02   1.4864E+03   3.0315E+02   1.0864E+05   1.1976E-05   4.3125E+00
   3.6001E-02   1.4864E+03   3.0315E+02   1.0864E+05   1.1976E-05   4.3125E+00
   3.7001E-02   1.4864E+03   3.0315E+02   1.0864E+05   1.1976E-05   4.3126E+00
   3.8001E-02   1.4864E+03   3.0315E+02   1.0864E+05   1.1976E-05   4.3126E+00
   3.9001E-02   1.4864E+03   3.0315E+02   1.0864E+05   1.1976E-05   4.3126E+00
   4.0001E-02   1.4864E+03   3.0315E+02   1.0864E+05   1.1976E-05   4.3126E+00
   4.1001E-02   1.4864E+03   3.0315E+02   1.0864E+05   1.1976E-05   4.3126E+00
   4.2001E-02   1.4864E+03   3.0315E+02   1.0864E+05   1.1976E-05   4.3126E+00
   4.3001E-02   1.4864E+03   3.0315E+02   1.0864E+05   1.1976E-05   4.3127E+00
   4.4001E-02   1.4864E+03   3.0315E+02   1.0864E+05   1.1976E-05   4.3127E+00
   4.5001E-02   1.4864E+03   3.0315E+02   1.0864E+05   1.1976E-05   4.3127E+00
   4.6001E-02   1.4864E+03   3.0315E+02   1.0864E+05   1.1976E-05   4.3127E+00
   4.7001E-02   1.4864E+03   3.0315E+02   1.0864E+05   1.1976E-05   4.3127E+00
   4.8001E-02   1.4864E+03   3.0315E+02   1.0864E+05   1.1976E-05   4.3128E+00
   4.9001E-02   1.4864E+03   3.0315E+02   1.0864E+05   1.1976E-05   4.3128E+00
   5.0001E-02   1.4864E+03   3.0315E+02   1.0864E+05   1.1976E-05   4.3128E+00
   5.1001E-02   1.4864E+03   3.0315E+02   1.0864E+05   1.1976E-05   4.3128E+00
   5.2001E-02   1.4864E+03   3.0315E+02   1.0864E+05   1.1976E-05   4.3128E+00
   5.3001E-02   1.4864E+03   3.0315E+02   1.0864E+05   1.1976E-05   4.3128E+00
   5.4001E-02   1.4864E+03   3.0315E+02   1.0864E+05   1.1976E-05   4.3129E+00
   5.5001E-02   1.4864E+03   3.0315E+02   1.0864E+05   1.1976E-05   4.3129E+00
   5.6001E-02   1.4864E+03   3.0315E+02   1.0864E+05   1.1976E-05   4.3129E+00
   5.7001E-02   1.4864E+03   3.0315E+02   1.0864E+05   1.1976E-05   4.3129E+00
   5.8001E-02   1.4864E+03   3.0315E+02   1.0864E+05   1.1976E-05   4.3129E+00
   5.9001E-02   1.4864E+03   3.0315E+02   1.0864E+05   1.1976E-05   4.3129E+00
   6.0001E-02   1.4871E+03   3.0315E+02   1.0864E+05   1.1982E-05   4.3170E+00
   6.1001E-02   1.4864E+03   3.0315E+02   1.0864E+05   1.1976E-05   4.3130E+00
   6.2001E-02   1.4864E+03   3.0315E+02   1.0864E+05   1.1976E-05   4.3130E+00
   6.3001E-02   1.4864E+03   3.0315E+02   1.0864E+05   1.1976E-05   4.3130E+00
   6.4001E-02   1.4864E+03   3.0315E+02   1.0864E+05   1.1976E-05   4.3130E+00
   6.5001E-02   1.4864E+03   3.0315E+02   1.0864E+05   1.1976E-05   4.3130E+00
   6.6001E-02   1.4864E+03   3.0315E+02   1.0864E+05   1.1976E-05   4.3130E+00
   6.7001E-02   1.4864E+03   3.0315E+02   1.0864E+05   1.1976E-05   4.3130E+00
   6.8001E-02   1.4864E+03   3.0315E+02   1.0864E+05   1.1976E-05   4.3131E+00
   6.9001E-02   1.4864E+03   3.0315E+02   1.0864E+05   1.1976E-05   4.3131E+00
   7.0001E-02   1.4864E+03   3.0315E+02   1.0864E+05   1.1976E-05   4.3131E+00
   7.1001E-02   1.4871E+03   3.0315E+02   1.0864E+05   1.1982E-05   4.3170E+00
   7.2001E-02   1.4864E+03   3.0315E+02   1.0864E+05   1.1976E-05   4.3131E+00
   7.3001E-02   1.4864E+03   3.0315E+02   1.0864E+05   1.1976E-05   4.3131E+00
   7.4001E-02   1.4871E+03   3.0315E+02   1.0864E+05   1.1981E-05   4.3170E+00
   7.5001E-02   1.4864E+03   3.0315E+02   1.0864E+05   1.1976E-05   4.3132E+00
   7.6001E-02   1.4864E+03   3.0315E+02   1.0864E+05   1.1976E-05   4.3132E+00
   7.7001E-02   1.4871E+03   3.0315E+02   1.0864E+05   1.1981E-05   4.3169E+00
   7.8001E-02   1.4864E+03   3.0315E+02   1.0864E+05   1.1976E-05   4.3132E+00
   7.9001E-02   1.4871E+03   3.0315E+02   1.0864E+05   1.1981E-05   4.3169E+00
   8.0001E-02   1.4864E+03   3.0315E+02   1.0864E+05   1.1976E-05   4.3132E+00
   8.1001E-02   1.4864E+03   3.0315E+02   1.0864E+05   1.1976E-05   4.3132E+00
   8.2001E-02   1.4871E+03   3.0315E+02   1.0864E+05   1.1981E-05   4.3169E+00
   8.3001E-02   1.4864E+03   3.0315E+02   1.0864E+05   1.1976E-05   4.3133E+00
   8.4001E-02   1.4864E+03   3.0315E+02   1.0864E+05   1.1976E-05   4.3133E+00
   8.5001E-02   1.4871E+03   3.0315E+02   1.0864E+05   1.1981E-05   4.3169E+00
   8.6001E-02   1.4864E+03   3.0315E+02   1.0864E+05   1.1976E-05   4.3133E+00
   8.7001E-02   1.4871E+03   3.0315E+02   1.0864E+05   1.1981E-05   4.3169E+00
   8.8001E-02   1.4864E+03   3.0315E+02   1.0864E+05   1.1976E-05   4.3133E+00
   8.9001E-02   1.4864E+03   3.0315E+02   1.0864E+05   1.1976E-05   4.3133E+00
   9.0001E-02   1.4871E+03   3.0315E+02   1.0864E+05   1.1981E-05   4.3169E+00
   9.1001E-02   1.4864E+03   3.0315E+02   1.0864E+05   1.1976E-05   4.3133E+00
   9.2001E-02   1.4864E+03   3.0315E+02   1.0864E+05   1.1976E-05   4.3134E+00
   9.3001E-02   1.4871E+03   3.0315E+02   1.0864E+05   1.1981E-05   4.3169E+00
   9.4001E-02   1.4864E+03   3.0315E+02   1.0864E+05   1.1976E-05   4.3134E+00
   9.5001E-02   1.4870E+03   3.0315E+02   1.0864E+05   1.1981E-05   4.3169E+00
   9.6001E-02   1.4864E+03   3.0315E+02   1.0864E+05   1.1976E-05   4.3134E+00
   9.7001E-02   1.4864E+03   3.0315E+02   1.0864E+05   1.1976E-05   4.3134E+00
   9.8001E-02   1.4870E+03   3.0315E+02   1.0864E+05   1.1981E-05   4.3169E+00
   9.9001E-02   1.4864E+03   3.0315E+02   1.0864E+05   1.1976E-05   4.3134E+00
   1.0000E-01   1.4864E+03   3.0315E+02   1.0864E+05   1.1976E-05   4.3134E+00
   1.1000E-01   1.4864E+03   3.0315E+02   1.0864E+05   1.1976E-05   4.3135E+00
   1.2000E-01   1.4864E+03   3.0315E+02   1.0864E+05   1.1976E-05   4.3136E+00
   1.3000E-01   1.4864E+03   3.0315E+02   1.0864E+05   1.1976E-05   4.3137E+00
   1.4000E-01   1.4864E+03   3.0315E+02   1.0864E+05   1.1976E-05   4.3138E+00
   1.5000E-01   1.4864E+03   3.0315E+02   1.0864E+05   1.1976E-05   4.3139E+00
   1.6000E-01   1.4864E+03   3.0315E+02   1.0864E+05   1.1976E-05   4.3140E+00
   1.7000E-01   1.4864E+03   3.0315E+02   1.0864E+05   1.1976E-05   4.3140E+00
   1.8000E-01   1.4864E+03   3.0315E+02   1.0864E+05   1.1976E-05   4.3141E+00
   1.9000E-01   1.4864E+03   3.0315E+02   1.0864E+05   1.1976E-05   4.3142E+00
   2.0000E-01   1.4864E+03   3.0315E+02   1.0864E+05   1.1975E-05   4.3143E+00
   2.1000E-01   1.4864E+03   3.0315E+02   1.0864E+05   1.1975E-05   4.3143E+00
   2.2000E-01   1.4864E+03   3.0315E+02   1.0864E+05   1.1975E-05   4.3144E+00
   2.3000E-01   1.4869E+03   3.0315E+02   1.0869E+05   1.1982E-05   4.3181E+00
   2.4000E-01   1.4869E+03   3.0315E+02   1.0869E+05   1.1982E-05   4.3182E+00
   2.5000E-01   1.4869E+03   3.0315E+02   1.0869E+05   1.1982E-05   4.3182E+00
   2.6000E-01   1.4869E+03   3.0315E+02   1.0869E+05   1.1982E-05   4.3183E+00
   2.7000E-01   1.4869E+03   3.0315E+02   1.0869E+05   1.1982E-05   4.3184E+00
   2.8000E-01   1.4869E+03   3.0315E+02   1.0869E+05   1.1982E-05   4.3184E+00
   2.9000E-01   1.4869E+03   3.0315E+02   1.0869E+05   1.1981E-05   4.3185E+00
   3.0000E-01   1.4869E+03   3.0315E+02   1.0869E+05   1.1981E-05   4.3186E+00
   3.1000E-01   1.4869E+03   3.0315E+02   1.0869E+05   1.1981E-05   4.3187E+00
   3.2000E-01   1.4869E+03   3.0315E+02   1.0869E+05   1.1981E-05   4.3187E+00
   3.3000E-01   1.4869E+03   3.0315E+02   1.0869E+05   1.1981E-05   4.3188E+00
   3.4000E-01   1.4869E+03   3.0315E+02   1.0869E+05   1.1981E-05   4.3189E+00
   3.5000E-01   1.4869E+03   3.0315E+02   1.0869E+05   1.1981E-05   4.3190E+00
   3.6000E-01   1.4869E+03   3.0315E+02   1.0869E+05   1.1981E-05   4.3190E+00
   3.7000E-01   1.4869E+03   3.0315E+02   1.0869E+05   1.1981E-05   4.3191E+00
   3.8000E-01   1.4869E+03   3.0315E+02   1.0869E+05   1.1981E-05   4.3192E+00
   3.9000E-01   1.4869E+03   3.0315E+02   1.0869E+05   1.1981E-05   4.3193E+00
   4.0000E-01   1.4869E+03   3.0315E+02   1.0869E+05   1.1981E-05   4.3193E+00
   4.1000E-01   1.4869E+03   3.0315E+02   1.0869E+05   1.1981E-05   4.3194E+00
   4.2000E-01   1.4869E+03   3.0315E+02   1.0869E+05   1.1981E-05   4.3195E+00
   4.3000E-01   1.4869E+03   3.0315E+02   1.0873E+05   1.1987E-05   4.3217E+00
   4.4000E-01   1.4869E+03   3.0315E+02   1.0873E+05   1.1987E-05   4.3218E+00
   4.5000E-01   1.4869E+03   3.0315E+02   1.0873E+05   1.1987E-05   4.3219E+00
   4.6000E-01   1.4869E+03   3.0315E+02   1.0873E+05   1.1986E-05   4.3219E+00
   4.7000E-01   1.4869E+03   3.0315E+02   1.0873E+05   1.1986E-05   4.3220E+00
   4.8000E-01   1.4869E+03   3.0315E+02   1.0873E+05   1.1986E-05   4.3221E+00
   4.9000E-01   1.4869E+03   3.0315E+02   1.0873E+05   1.1986E-05   4.3222E+00
   5.0000E-01   1.4869E+03   3.0315E+02   1.0873E+05   1.1986E-05   4.3222E+00
   5.1000E-01   1.4869E+03   3.0315E+02   1.0873E+05   1.1986E-05   4.3223E+00
   5.2000E-01   1.4869E+03   3.0315E+02   1.0873E+05   1.1986E-05   4.3224E+00
   5.3000E-01   1.4869E+03   3.0315E+02   1.0873E+05   1.1986E-05   4.3225E+00
   5.4000E-01   1.4869E+03   3.0315E+02   1.0873E+05   1.1986E-05   4.3225E+00
   5.5000E-01   1.4869E+03   3.0315E+02   1.0873E+05   1.1986E-05   4.3226E+00
   5.6000E-01   1.4869E+03   3.0315E+02   1.0873E+05   1.1986E-05   4.3227E+00
   5.7000E-01   1.4869E+03   3.0315E+02   1.0873E+05   1.1986E-05   4.3228E+00
   5.8000E-01   1.4869E+03   3.0315E+02   1.0873E+05   1.1986E-05   4.3228E+00
   5.9000E-01   1.4869E+03   3.0315E+02   1.0873E+05   1.1986E-05   4.3229E+00
   6.0000E-01   1.4869E+03   3.0315E+02   1.0873E+05   1.1986E-05   4.3230E+00
   6.1000E-01   1.4869E+03   3.0315E+02   1.0873E+05   1.1986E-05   4.3231E+00
   6.2000E-01   1.4869E+03   3.0315E+02   1.0873E+05   1.1986E-05   4.3231E+00
   6.3000E-01   1.4869E+03   3.0315E+02   1.0873E+05   1.1986E-05   4.3232E+00
   6.4000E-01   1.4858E+03   3.0315E+02   1.0872E+05   1.1986E-05   4.3202E+00
   6.5000E-01   1.4858E+03   3.0315E+02   1.0872E+05   1.1986E-05   4.3202E+00
   6.6000E-01   1.4858E+03   3.0315E+02   1.0872E+05   1.1985E-05   4.3203E+00
   6.7000E-01   1.4858E+03   3.0315E+02   1.0872E+05   1.1985E-05   4.3204E+00
   6.8000E-01   1.4858E+03   3.0315E+02   1.0872E+05   1.1985E-05   4.3205E+00
   6.9000E-01   1.4858E+03   3.0315E+02   1.0872E+05   1.1985E-05   4.3206E+00
   7.0000E-01   1.4858E+03   3.0315E+02   1.0872E+05   1.1985E-05   4.3206E+00
   7.1000E-01   1.4858E+03   3.0315E+02   1.0872E+05   1.1985E-05   4.3207E+00
   7.2000E-01   1.4851E+03   3.0315E+02   1.0872E+05   1.1980E-05   4.3170E+00
   7.3000E-01   1.4858E+03   3.0315E+02   1.0872E+05   1.1985E-05   4.3209E+00
   7.4000E-01   1.4851E+03   3.0315E+02   1.0872E+05   1.1980E-05   4.3170E+00
   7.5000E-01   1.4858E+03   3.0315E+02   1.0872E+05   1.1985E-05   4.3210E+00
   7.6000E-01   1.4858E+03   3.0315E+02   1.0872E+05   1.1985E-05   4.3211E+00
   7.7000E-01   1.4851E+03   3.0315E+02   1.0872E+05   1.1979E-05   4.3170E+00
   7.8000E-01   1.4858E+03   3.0315E+02   1.0872E+05   1.1985E-05   4.3213E+00
   7.9000E-01   1.4850E+03   3.0315E+02   1.0872E+05   1.1979E-05   4.3170E+00
   8.0000E-01   1.4858E+03   3.0315E+02   1.0872E+05   1.1985E-05   4.3214E+00
   8.1000E-01   1.4858E+03   3.0315E+02   1.0872E+05   1.1985E-05   4.3215E+00
   8.2000E-01   1.4850E+03   3.0315E+02   1.0872E+05   1.1978E-05   4.3170E+00
   8.3000E-01   1.4858E+03   3.0315E+02   1.0872E+05   1.1985E-05   4.3216E+00
   8.4000E-01   1.4850E+03   3.0315E+02   1.0872E+05   1.1986E-05   4.3200E+00
   8.5000E-01   1.4845E+03   3.0315E+02   1.0872E+05   1.1982E-05   4.3170E+00
   8.6000E-01   1.4850E+03   3.0315E+02   1.0872E+05   1.1986E-05   4.3202E+00
   8.7000E-01   1.4844E+03   3.0315E+02   1.0872E+05   1.1982E-05   4.3170E+00
   8.8000E-01   1.4850E+03   3.0315E+02   1.0872E+05   1.1986E-05   4.3203E+00
   8.9000E-01   1.4850E+03   3.0315E+02   1.0872E+05   1.1986E-05   4.3204E+00
   9.0000E-01   1.4844E+03   3.0315E+02   1.0872E+05   1.1981E-05   4.3170E+00
   9.1000E-01   1.4850E+03   3.0315E+02   1.0872E+05   1.1986E-05   4.3206E+00
   9.2000E-01   1.4844E+03   3.0315E+02   1.0872E+05   1.1981E-05   4.3170E+00
   9.3000E-01   1.4850E+03   3.0315E+02   1.0872E+05   1.1986E-05   4.3207E+00
   9.4000E-01   1.4850E+03   3.0315E+02   1.0872E+05   1.1986E-05   4.3208E+00
   9.5000E-01   1.4843E+03   3.0315E+02   1.0872E+05   1.1980E-05   4.3170E+00
   9.6000E-01   1.4850E+03   3.0315E+02   1.0872E+05   1.1986E-05   4.3210E+00
   9.7000E-01   1.4843E+03   3.0315E+02   1.0872E+05   1.1980E-05   4.3170E+00
   9.8000E-01   1.4850E+03   3.0315E+02   1.0872E+05   1.1986E-05   4.3211E+00
   9.9000E-01   1.4850E+03   3.0315E+02   1.0872E+05   1.1985E-05   4.3212E+00
   1.0000E+00   1.4842E+03   3.0315E+02   1.0872E+05   1.1980E-05   4.3170E+00
   1.1000E+00   1.4850E+03   3.0315E+02   1.0875E+05   1.1991E-05   4.3242E+00
   1.2000E+00   1.4850E+03   3.0315E+02   1.0875E+05   1.1990E-05   4.3250E+00
   1.3000E+00   1.4850E+03   3.0315E+02   1.0879E+05   1.1996E-05   4.3279E+00
   1.4000E+00   1.4831E+03   3.0315E+02   1.0871E+05   1.1986E-05   4.3198E+00
   1.5000E+00   1.4831E+03   3.0315E+02   1.0871E+05   1.1985E-05   4.3206E+00
   1.6000E+00   1.4825E+03   3.0315E+02   1.0871E+05   1.1987E-05   4.3204E+00
   1.7000E+00   1.4825E+03   3.0315E+02   1.0871E+05   1.1986E-05   4.3211E+00
   1.8000E+00   1.4825E+03   3.0315E+02   1.0875E+05   1.1992E-05   4.3239E+00
   1.9000E+00   1.4825E+03   3.0315E+02   1.0875E+05   1.1991E-05   4.3247E+00
   2.0000E+00   1.4825E+03   3.0315E+02   1.0879E+05   1.1996E-05   4.3275E+00
   2.1000E+00   1.4807E+03   3.0315E+02   1.0871E+05   1.1987E-05   4.3200E+00
   2.2000E+00   1.4807E+03   3.0315E+02   1.0875E+05   1.1992E-05   4.3228E+00
   2.3000E+00   1.4807E+03   3.0315E+02   1.0875E+05   1.1992E-05   4.3236E+00
   2.4000E+00   1.4807E+03   3.0315E+02   1.0875E+05   1.1991E-05   4.3243E+00
   2.5000E+00   1.4794E+03   3.0315E+02   1.0873E+05   1.1990E-05   4.3209E+00
   2.6000E+00   1.4794E+03   3.0315E+02   1.0873E+05   1.1989E-05   4.3217E+00
   2.7000E+00   1.4786E+03   3.0315E+02   1.0873E+05   1.1991E-05   4.3207E+00
   2.8000E+00   1.4786E+03   3.0315E+02   1.0873E+05   1.1990E-05   4.3214E+00
   2.9000E+00   1.4786E+03   3.0315E+02   1.0877E+05   1.1996E-05   4.3244E+00
   3.0000E+00   1.4786E+03   3.0315E+02   1.0877E+05   1.1995E-05   4.3251E+00
   3.1000E+00   1.4786E+03   3.0315E+02   1.0877E+05   1.1995E-05   4.3258E+00
   3.2000E+00   1.4771E+03   3.0315E+02   1.0873E+05   1.1991E-05   4.3208E+00
   3.3000E+00   1.4771E+03   3.0315E+02   1.0873E+05   1.1990E-05   4.3215E+00
   3.4000E+00   1.4771E+03   3.0315E+02   1.0877E+05   1.1996E-05   4.3243E+00
   3.5000E+00   1.4771E+03   3.0315E+02   1.0877E+05   1.1995E-05   4.3250E+00
   3.6000E+00   1.4771E+03   3.0315E+02   1.0877E+05   1.1995E-05   4.3257E+00
   3.7000E+00   1.4756E+03   3.0315E+02   1.0874E+05   1.1992E-05   4.3212E+00
   3.8000E+00   1.4756E+03   3.0315E+02   1.0874E+05   1.1992E-05   4.3219E+00
   3.9000E+00   1.4756E+03   3.0315E+02   1.0878E+05   1.1997E-05   4.3247E+00
   4.0000E+00   1.4756E+03   3.0315E+02   1.0878E+05   1.1997E-05   4.3253E+00
   4.1000E+00   1.4756E+03   3.0315E+02   1.0878E+05   1.1996E-05   4.3260E+00
   4.2000E+00   1.4740E+03   3.0315E+02   1.0875E+05   1.1993E-05   4.3213E+00
   4.3000E+00   1.4740E+03   3.0315E+02   1.0875E+05   1.1993E-05   4.3219E+00
   4.4000E+00   1.4740E+03   3.0315E+02   1.0879E+05   1.1999E-05   4.3249E+00
   4.5000E+00   1.4740E+03   3.0315E+02   1.0879E+05   1.1998E-05   4.3255E+00
   4.6000E+00   1.4740E+03   3.0315E+02   1.0879E+05   1.1998E-05   4.3261E+00
   4.7000E+00   1.4725E+03   3.0315E+02   1.0875E+05   1.1994E-05   4.3208E+00
   4.8000E+00   1.4725E+03   3.0315E+02   1.0875E+05   1.1993E-05   4.3214E+00
   4.9000E+00   1.4725E+03   3.0315E+02   1.0879E+05   1.1999E-05   4.3240E+00
   5.0000E+00   1.4725E+03   3.0315E+02   1.0879E+05   1.1998E-05   4.3246E+00
   5.1000E+00   1.4725E+03   3.0315E+02   1.0879E+05   1.1997E-05   4.3252E+00
   5.2000E+00   1.4711E+03   3.0315E+02   1.0876E+05   1.1995E-05   4.3208E+00
   5.3000E+00   1.4711E+03   3.0315E+02   1.0876E+05   1.1994E-05   4.3214E+00
   5.4000E+00   1.4711E+03   3.0315E+02   1.0880E+05   1.2000E-05   4.3242E+00
   5.5000E+00   1.4711E+03   3.0315E+02   1.0880E+05   1.2000E-05   4.3247E+00
   5.6000E+00   1.4711E+03   3.0315E+02   1.0880E+05   1.1999E-05   4.3252E+00
   5.7000E+00   1.4711E+03   3.0315E+02   1.0885E+05   1.2005E-05   4.3282E+00
   5.8000E+00   1.4692E+03   3.0315E+02   1.0874E+05   1.1992E-05   4.3186E+00
   5.9000E+00   1.4692E+03   3.0315E+02   1.0874E+05   1.1992E-05   4.3192E+00
   6.0000E+00   1.4688E+03   3.0315E+02   1.0877E+05   1.1995E-05   4.3200E+00
   6.1000E+00   1.4688E+03   3.0315E+02   1.0877E+05   1.1995E-05   4.3205E+00
   6.2000E+00   1.4688E+03   3.0315E+02   1.0877E+05   1.1994E-05   4.3209E+00
   6.3000E+00   1.4681E+03   3.0315E+02   1.0878E+05   1.1996E-05   4.3204E+00
   6.4000E+00   1.4681E+03   3.0315E+02   1.0878E+05   1.1996E-05   4.3209E+00
   6.5000E+00   1.4681E+03   3.0315E+02   1.0878E+05   1.1995E-05   4.3214E+00
   6.6000E+00   1.4673E+03   3.0315E+02   1.0879E+05   1.1997E-05   4.3205E+00
   6.7000E+00   1.4673E+03   3.0315E+02   1.0879E+05   1.1997E-05   4.3210E+00
   6.8000E+00   1.4673E+03   3.0315E+02   1.0879E+05   1.1996E-05   4.3215E+00
   6.9000E+00   1.4666E+03   3.0315E+02   1.0879E+05   1.1998E-05   4.3204E+00
   7.0000E+00   1.4666E+03   3.0315E+02   1.0879E+05   1.1997E-05   4.3208E+00
   7.1000E+00   1.4666E+03   3.0315E+02   1.0879E+05   1.1997E-05   4.3212E+00
   7.2000E+00   1.4658E+03   3.0315E+02   1.0880E+05   1.1998E-05   4.3203E+00
   7.3000E+00   1.4658E+03   3.0315E+02   1.0880E+05   1.1998E-05   4.3207E+00
   7.4000E+00   1.4658E+03   3.0315E+02   1.0880E+05   1.1997E-05   4.3211E+00
   7.5000E+00   1.4658E+03   3.0315E+02   1.0883E+05   1.2002E-05   4.3235E+00
   7.6000E+00   1.4658E+03   3.0315E+02   1.0883E+05   1.2002E-05   4.3240E+00
   7.7000E+00   1.4647E+03   3.0315E+02   1.0882E+05   1.2001E-05   4.3207E+00
   7.8000E+00   1.4647E+03   3.0315E+02   1.0882E+05   1.2000E-05   4.3211E+00
   7.9000E+00   1.4647E+03   3.0315E+02   1.0882E+05   1.1999E-05   4.3215E+00
   8.0000E+00   1.4647E+03   3.0315E+02   1.0882E+05   1.1999E-05   4.3219E+00
   8.1000E+00   1.4638E+03   3.0315E+02   1.0882E+05   1.2000E-05   4.3204E+00
   8.2000E+00   1.4638E+03   3.0315E+02   1.0882E+05   1.2000E-05   4.3208E+00
   8.3000E+00   1.4638E+03   3.0315E+02   1.0882E+05   1.1999E-05   4.3212E+00
   8.4000E+00   1.4631E+03   3.0315E+02   1.0883E+05   1.2001E-05   4.3202E+00
   8.5000E+00   1.4631E+03   3.0315E+02   1.0883E+05   1.2000E-05   4.3206E+00
   8.6000E+00   1.4631E+03   3.0315E+02   1.0883E+05   1.2000E-05   4.3210E+00
   8.7000E+00   1.4624E+03   3.0315E+02   1.0883E+05   1.2001E-05   4.3201E+00
   8.8000E+00   1.4624E+03   3.0315E+02   1.0883E+05   1.2000E-05   4.3204E+00
   8.9000E+00   1.4624E+03   3.0315E+02   1.0883E+05   1.2000E-05   4.3208E+00
   9.0000E+00   1.4617E+03   3.0315E+02   1.0884E+05   1.2002E-05   4.3201E+00
   9.1000E+00   1.4617E+03   3.0315E+02   1.0884E+05   1.2001E-05   4.3204E+00
   9.2000E+00   1.4617E+03   3.0315E+02   1.0884E+05   1.2001E-05   4.3208E+00
   9.3000E+00   1.4611E+03   3.0315E+02   1.0885E+05   1.2002E-05   4.3200E+00
   9.4000E+00   1.4611E+03   3.0315E+02   1.0885E+05   1.2002E-05   4.3204E+00
   9.5000E+00   1.4611E+03   3.0315E+02   1.0889E+05   1.2007E-05   4.3230E+00
   9.6000E+00   1.4611E+03   3.0315E+02   1.0889E+05   1.2007E-05   4.3234E+00
   9.7000E+00   1.4611E+03   3.0315E+02   1.0889E+05   1.2006E-05   4.3237E+00
   9.8000E+00   1.4599E+03   3.0315E+02   1.0888E+05   1.2005E-05   4.3204E+00
   9.9000E+00   1.4599E+03   3.0315E+02   1.0888E+05   1.2004E-05   4.3208E+00
   1.0000E+01   1.4599E+03   3.0315E+02   1.0888E+05   1.2004E-05   4.3211E+00
   1.0100E+01   1.4592E+03   3.0315E+02   1.0888E+05   1.2006E-05   4.3202E+00
   1.0200E+01   1.4592E+03   3.0315E+02   1.0888E+05   1.2005E-05   4.3205E+00
   1.0300E+01   1.4592E+03   3.0315E+02   1.0888E+05   1.2004E-05   4.3209E+00
   1.0400E+01   1.4592E+03   3.0315E+02   1.0888E+05   1.2004E-05   4.3212E+00
   1.0500E+01   1.4585E+03   3.0315E+02   1.0890E+05   1.2007E-05   4.3208E+00
   1.0600E+01   1.4585E+03   3.0315E+02   1.0890E+05   1.2007E-05   4.3211E+00
   1.0700E+01   1.4585E+03   3.0315E+02   1.0890E+05   1.2006E-05   4.3215E+00
   1.0800E+01   1.4577E+03   3.0315E+02   1.0890E+05   1.2007E-05   4.3200E+00
   1.0900E+01   1.4572E+03   3.0315E+02   1.0890E+05   1.2002E-05   4.3173E+00
   1.1000E+01   1.4577E+03   3.0315E+02   1.0890E+05   1.2006E-05   4.3207E+00
   1.1100E+01   1.4571E+03   3.0315E+02   1.0891E+05   1.2007E-05   4.3199E+00
   1.1200E+01   1.4571E+03   3.0315E+02   1.0891E+05   1.2007E-05   4.3202E+00
   1.1300E+01   1.4571E+03   3.0315E+02   1.0891E+05   1.2006E-05   4.3206E+00
   1.1400E+01   1.4565E+03   3.0315E+02   1.0891E+05   1.2001E-05   4.3173E+00
   1.1500E+01   1.4564E+03   3.0315E+02   1.0893E+05   1.2009E-05   4.3205E+00
   1.1600E+01   1.4564E+03   3.0315E+02   1.0893E+05   1.2008E-05   4.3208E+00
   1.1700E+01   1.4564E+03   3.0315E+02   1.0893E+05   1.2008E-05   4.3212E+00
   1.1800E+01   1.4557E+03   3.0315E+02   1.0893E+05   1.2009E-05   4.3200E+00
   1.1900E+01   1.4552E+03   3.0315E+02   1.0893E+05   1.2004E-05   4.3173E+00
   1.2000E+01   1.4557E+03   3.0315E+02   1.0893E+05   1.2008E-05   4.3207E+00
   1.2100E+01   1.4557E+03   3.0315E+02   1.0893E+05   1.2007E-05   4.3210E+00
   1.2200E+01   1.4550E+03   3.0315E+02   1.0894E+05   1.2008E-05   4.3199E+00
   1.2300E+01   1.4550E+03   3.0315E+02   1.0894E+05   1.2008E-05   4.3202E+00
   1.2400E+01   1.4550E+03   3.0315E+02   1.0897E+05   1.2012E-05   4.3224E+00
   1.2500E+01   1.4550E+03   3.0315E+02   1.0897E+05   1.2012E-05   4.3227E+00
   1.2600E+01   1.4550E+03   3.0315E+02   1.0897E+05   1.2011E-05   4.3230E+00
   1.2700E+01   1.4550E+03   3.0315E+02   1.0902E+05   1.2018E-05   4.3259E+00
   1.2800E+01   1.4535E+03   3.0315E+02   1.0893E+05   1.2007E-05   4.3179E+00
   1.2900E+01   1.4535E+03   3.0315E+02   1.0893E+05   1.2006E-05   4.3182E+00
   1.3000E+01   1.4533E+03   3.0315E+02   1.0896E+05   1.2011E-05   4.3197E+00
   1.3100E+01   1.4533E+03   3.0315E+02   1.0896E+05   1.2010E-05   4.3200E+00
   1.3200E+01   1.4533E+03   3.0315E+02   1.0896E+05   1.2010E-05   4.3204E+00
   1.3300E+01   1.4527E+03   3.0315E+02   1.0899E+05   1.2014E-05   4.3209E+00
   1.3400E+01   1.4527E+03   3.0315E+02   1.0899E+05   1.2014E-05   4.3212E+00
   1.3500E+01   1.4527E+03   3.0315E+02   1.0899E+05   1.2013E-05   4.3215E+00
   1.3600E+01   1.4527E+03   3.0315E+02   1.0899E+05   1.2013E-05   4.3218E+00
   1.3700E+01   1.4519E+03   3.0315E+02   1.0899E+05   1.2005E-05   4.3172E+00
   1.3800E+01   1.4519E+03   3.0315E+02   1.0901E+05   1.2015E-05   4.3210E+00
   1.3900E+01   1.4519E+03   3.0315E+02   1.0901E+05   1.2015E-05   4.3214E+00
   1.4000E+01   1.4519E+03   3.0315E+02   1.0901E+05   1.2014E-05   4.3217E+00
   1.4100E+01   1.4511E+03   3.0315E+02   1.0901E+05   1.2007E-05   4.3172E+00
   1.4200E+01   1.4510E+03   3.0315E+02   1.0901E+05   1.2015E-05   4.3205E+00
   1.4300E+01   1.4510E+03   3.0315E+02   1.0901E+05   1.2014E-05   4.3208E+00
   1.4400E+01   1.4510E+03   3.0315E+02   1.0901E+05   1.2014E-05   4.3211E+00
   1.4500E+01   1.4510E+03   3.0315E+02   1.0901E+05   1.2013E-05   4.3214E+00
   1.4600E+01   1.4503E+03   3.0315E+02   1.0902E+05   1.2015E-05   4.3201E+00
   1.4700E+01   1.4503E+03   3.0315E+02   1.0902E+05   1.2014E-05   4.3204E+00
   1.4800E+01   1.4503E+03   3.0315E+02   1.0902E+05   1.2014E-05   4.3207E+00
   1.4900E+01   1.4496E+03   3.0315E+02   1.0903E+05   1.2017E-05   4.3204E+00
   1.5000E+01   1.4496E+03   3.0315E+02   1.0903E+05   1.2016E-05   4.3207E+00
   1.5100E+01   1.4496E+03   3.0315E+02   1.0903E+05   1.2015E-05   4.3210E+00
   1.5200E+01   1.4489E+03   3.0315E+02   1.0905E+05   1.2018E-05   4.3203E+00
   1.5300E+01   1.4489E+03   3.0315E+02   1.0905E+05   1.2017E-05   4.3206E+00
   1.5400E+01   1.4489E+03   3.0315E+02   1.0905E+05   1.2017E-05   4.3209E+00
   1.5500E+01   1.4489E+03   3.0315E+02   1.0905E+05   1.2016E-05   4.3212E+00
   1.5600E+01   1.4482E+03   3.0315E+02   1.0906E+05   1.2019E-05   4.3205E+00
   1.5700E+01   1.4482E+03   3.0315E+02   1.0906E+05   1.2018E-05   4.3208E+00
   1.5800E+01   1.4482E+03   3.0315E+02   1.0906E+05   1.2018E-05   4.3211E+00
   1.5900E+01   1.4482E+03   3.0315E+02   1.0906E+05   1.2017E-05   4.3214E+00
   1.6000E+01   1.4475E+03   3.0315E+02   1.0908E+05   1.2020E-05   4.3207E+00
   1.6100E+01   1.4475E+03   3.0315E+02   1.0908E+05   1.2019E-05   4.3210E+00
   1.6200E+01   1.4468E+03   3.0315E+02   1.0908E+05   1.2013E-05   4.3172E+00
   1.6300E+01   1.4475E+03   3.0315E+02   1.0908E+05   1.2018E-05   4.3216E+00
   1.6400E+01   1.4467E+03   3.0315E+02   1.0908E+05   1.2011E-05   4.3172E+00
   1.6500E+01   1.4467E+03   3.0315E+02   1.0909E+05   1.2020E-05   4.3208E+00
   1.6600E+01   1.4467E+03   3.0315E+02   1.0909E+05   1.2020E-05   4.3211E+00
   1.6700E+01   1.4467E+03   3.0315E+02   1.0909E+05   1.2019E-05   4.3214E+00
   1.6800E+01   1.4459E+03   3.0315E+02   1.0909E+05   1.2013E-05   4.3172E+00
   1.6900E+01   1.4459E+03   3.0315E+02   1.0910E+05   1.2022E-05   4.3208E+00
   1.7000E+01   1.4459E+03   3.0315E+02   1.0910E+05   1.2021E-05   4.3211E+00
   1.7100E+01   1.4459E+03   3.0315E+02   1.0910E+05   1.2021E-05   4.3214E+00
   1.7200E+01   1.4451E+03   3.0315E+02   1.0911E+05   1.2023E-05   4.3203E+00
   1.7300E+01   1.4451E+03   3.0315E+02   1.0911E+05   1.2022E-05   4.3206E+00
   1.7400E+01   1.4451E+03   3.0315E+02   1.0911E+05   1.2022E-05   4.3209E+00
   1.7500E+01   1.4451E+03   3.0315E+02   1.0911E+05   1.2021E-05   4.3212E+00
   1.7600E+01   1.4444E+03   3.0315E+02   1.0912E+05   1.2022E-05   4.3200E+00
   1.7700E+01   1.4444E+03   3.0315E+02   1.0912E+05   1.2022E-05   4.3202E+00
   1.7800E+01   1.4444E+03   3.0315E+02   1.0912E+05   1.2021E-05   4.3205E+00
   1.7900E+01   1.4444E+03   3.0315E+02   1.0912E+05   1.2021E-05   4.3208E+00
   1.8000E+01   1.4438E+03   3.0315E+02   1.0914E+05   1.2024E-05   4.3207E+00
   1.8100E+01   1.4438E+03   3.0315E+02   1.0914E+05   1.2024E-05   4.3210E+00
   1.8200E+01   1.4438E+03   3.0315E+02   1.0914E+05   1.2023E-05   4.3213E+00
   1.8300E+01   1.4438E+03   3.0315E+02   1.0914E+05   1.2023E-05   4.3216E+00
   1.8400E+01   1.4430E+03   3.0315E+02   1.0916E+05   1.2026E-05   4.3208E+00
   1.8500E+01   1.4430E+03   3.0315E+02   1.0916E+05   1.2025E-05   4.3211E+00
   1.8600E+01   1.4430E+03   3.0315E+02   1.0916E+05   1.2025E-05   4.3214E+00
   1.8700E+01   1.4430E+03   3.0315E+02   1.0916E+05   1.2024E-05   4.3216E+00
   1.8800E+01   1.4422E+03   3.0315E+02   1.0917E+05   1.2026E-05   4.3205E+00
   1.8900E+01   1.4422E+03   3.0315E+02   1.0917E+05   1.2026E-05   4.3208E+00
   1.9000E+01   1.4422E+03   3.0315E+02   1.0917E+05   1.2025E-05   4.3210E+00
   1.9100E+01   1.4422E+03   3.0315E+02   1.0917E+05   1.2025E-05   4.3213E+00
   1.9200E+01   1.4415E+03   3.0315E+02   1.0917E+05   1.2026E-05   4.3200E+00
   1.9300E+01   1.4415E+03   3.0315E+02   1.0917E+05   1.2025E-05   4.3203E+00
   1.9400E+01   1.4415E+03   3.0315E+02   1.0917E+05   1.2025E-05   4.3206E+00
   1.9500E+01   1.4415E+03   3.0315E+02   1.0922E+05   1.2031E-05   4.3233E+00
   1.9600E+01   1.4415E+03   3.0315E+02   1.0922E+05   1.2031E-05   4.3236E+00
   1.9700E+01   1.4415E+03   3.0315E+02   1.0922E+05   1.2030E-05   4.3239E+00
   1.9800E+01   1.4415E+03   3.0315E+02   1.0922E+05   1.2029E-05   4.3241E+00
   1.9900E+01   1.4403E+03   3.0315E+02   1.0921E+05   1.2030E-05   4.3211E+00
   2.0000E+01   1.4403E+03   3.0315E+02   1.0921E+05   1.2029E-05   4.3214E+00
   2.0100E+01   1.4403E+03   3.0315E+02   1.0921E+05   1.2029E-05   4.3216E+00
   2.0200E+01   1.4403E+03   3.0315E+02   1.0921E+05   1.2028E-05   4.3219E+00
   2.0300E+01   1.4394E+03   3.0315E+02   1.0922E+05   1.2030E-05   4.3205E+00
   2.0400E+01   1.4394E+03   3.0315E+02   1.0922E+05   1.2029E-05   4.3207E+00
   2.0500E+01   1.4394E+03   3.0315E+02   1.0922E+05   1.2029E-05   4.3210E+00
   2.0600E+01   1.4388E+03   3.0315E+02   1.0924E+05   1.2032E-05   4.3208E+00
   2.0700E+01   1.4388E+03   3.0315E+02   1.0924E+05   1.2032E-05   4.3211E+00
   2.0800E+01   1.4388E+03   3.0315E+02   1.0924E+05   1.2031E-05   4.3213E+00
   2.0900E+01   1.4388E+03   3.0315E+02   1.0924E+05   1.2031E-05   4.3216E+00
   2.1000E+01   1.4380E+03   3.0315E+02   1.0925E+05   1.2032E-05   4.3202E+00
   2.1100E+01   1.4374E+03   3.0315E+02   1.0925E+05   1.2027E-05   4.3172E+00
   2.1200E+01   1.4380E+03   3.0315E+02   1.0925E+05   1.2031E-05   4.3208E+00
   2.1300E+01   1.4380E+03   3.0315E+02   1.0925E+05   1.2031E-05   4.3210E+00
   2.1400E+01   1.4380E+03   3.0315E+02   1.0929E+05   1.2036E-05   4.3234E+00
   2.1500E+01   1.4380E+03   3.0315E+02   1.0929E+05   1.2036E-05   4.3237E+00
   2.1600E+01   1.4380E+03   3.0315E+02   1.0929E+05   1.2035E-05   4.3239E+00
   2.1700E+01   1.4380E+03   3.0315E+02   1.0929E+05   1.2035E-05   4.3242E+00
   2.1800E+01   1.4368E+03   3.0315E+02   1.0928E+05   1.2034E-05   4.3209E+00
   2.1900E+01   1.4368E+03   3.0315E+02   1.0928E+05   1.2034E-05   4.3211E+00
   2.2000E+01   1.4368E+03   3.0315E+02   1.0928E+05   1.2033E-05   4.3214E+00
   2.2100E+01   1.4360E+03   3.0315E+02   1.0930E+05   1.2036E-05   4.3208E+00
   2.2200E+01   1.4360E+03   3.0315E+02   1.0930E+05   1.2036E-05   4.3210E+00
   2.2300E+01   1.4360E+03   3.0315E+02   1.0930E+05   1.2035E-05   4.3213E+00
   2.2400E+01   1.4360E+03   3.0315E+02   1.0930E+05   1.2035E-05   4.3215E+00
   2.2500E+01   1.4353E+03   3.0315E+02   1.0930E+05   1.2035E-05   4.3199E+00
   2.2600E+01   1.4353E+03   3.0315E+02   1.0930E+05   1.2035E-05   4.3201E+00
   2.2700E+01   1.4353E+03   3.0315E+02   1.0930E+05   1.2034E-05   4.3204E+00
   2.2800E+01   1.4347E+03   3.0315E+02   1.0931E+05   1.2037E-05   4.3201E+00
   2.2900E+01   1.4347E+03   3.0315E+02   1.0931E+05   1.2036E-05   4.3203E+00
   2.3000E+01   1.4347E+03   3.0315E+02   1.0931E+05   1.2036E-05   4.3206E+00
   2.3100E+01   1.4347E+03   3.0315E+02   1.0931E+05   1.2035E-05   4.3208E+00
   2.3200E+01   1.4341E+03   3.0315E+02   1.0931E+05   1.2029E-05   4.3172E+00
   2.3300E+01   1.4340E+03   3.0315E+02   1.0933E+05   1.2038E-05   4.3205E+00
   2.3400E+01   1.4340E+03   3.0315E+02   1.0933E+05   1.2037E-05   4.3207E+00
   2.3500E+01   1.4340E+03   3.0315E+02   1.0933E+05   1.2037E-05   4.3210E+00
   2.3600E+01   1.4333E+03   3.0315E+02   1.0934E+05   1.2039E-05   4.3203E+00
   2.3700E+01   1.4333E+03   3.0315E+02   1.0934E+05   1.2038E-05   4.3205E+00
   2.3800E+01   1.4333E+03   3.0315E+02   1.0934E+05   1.2038E-05   4.3208E+00
   2.3900E+01   1.4333E+03   3.0315E+02   1.0934E+05   1.2037E-05   4.3210E+00
   2.4000E+01   1.4333E+03   3.0315E+02   1.0934E+05   1.2037E-05   4.3213E+00
   2.4200E+01   1.4326E+03   3.0315E+02   1.0936E+05   1.2040E-05   4.3210E+00
   2.4400E+01   1.4326E+03   3.0315E+02   1.0936E+05   1.2039E-05   4.3215E+00
   2.4600E+01   1.4319E+03   3.0315E+02   1.0937E+05   1.2040E-05   4.3206E+00
   2.4800E+01   1.4312E+03   3.0315E+02   1.0937E+05   1.2034E-05   4.3172E+00
   2.5000E+01   1.4312E+03   3.0315E+02   1.0939E+05   1.2041E-05   4.3206E+00
   2.5200E+01   1.4305E+03   3.0315E+02   1.0940E+05   1.2042E-05   4.3199E+00
   2.5400E+01   1.4305E+03   3.0315E+02   1.0940E+05   1.2041E-05   4.3204E+00
   2.5600E+01   1.4299E+03   3.0315E+02   1.0942E+05   1.2044E-05   4.3205E+00
   2.5800E+01   1.4299E+03   3.0315E+02   1.0942E+05   1.2043E-05   4.3209E+00
   2.6000E+01   1.4299E+03   3.0315E+02   1.0947E+05   1.2049E-05   4.3238E+00
   2.6200E+01   1.4299E+03   3.0315E+02   1.0947E+05   1.2048E-05   4.3243E+00
   2.6400E+01   1.4287E+03   3.0315E+02   1.0945E+05   1.2046E-05   4.3207E+00
   2.6600E+01   1.4287E+03   3.0315E+02   1.0945E+05   1.2045E-05   4.3211E+00
   2.6800E+01   1.4280E+03   3.0315E+02   1.0946E+05   1.2046E-05   4.3203E+00
   2.7000E+01   1.4274E+03   3.0315E+02   1.0947E+05   1.2047E-05   4.3197E+00
   2.7200E+01   1.4274E+03   3.0315E+02   1.0947E+05   1.2046E-05   4.3202E+00
   2.7400E+01   1.4268E+03   3.0315E+02   1.0949E+05   1.2049E-05   4.3203E+00
   2.7600E+01   1.4268E+03   3.0315E+02   1.0949E+05   1.2048E-05   4.3208E+00
   2.7800E+01   1.4262E+03   3.0315E+02   1.0950E+05   1.2049E-05   4.3201E+00
   2.8000E+01   1.4256E+03   3.0315E+02   1.0950E+05   1.2044E-05   4.3172E+00
   2.8200E+01   1.4255E+03   3.0315E+02   1.0952E+05   1.2050E-05   4.3202E+00
   2.8400E+01   1.4255E+03   3.0315E+02   1.0952E+05   1.2049E-05   4.3206E+00
   2.8600E+01   1.4249E+03   3.0315E+02   1.0953E+05   1.2051E-05   4.3202E+00
   2.8800E+01   1.4243E+03   3.0315E+02   1.0954E+05   1.2053E-05   4.3199E+00
   2.9000E+01   1.4243E+03   3.0315E+02   1.0954E+05   1.2052E-05   4.3203E+00
   2.9200E+01   1.4238E+03   3.0315E+02   1.0956E+05   1.2053E-05   4.3201E+00
   2.9400E+01   1.4238E+03   3.0315E+02   1.0956E+05   1.2052E-05   4.3205E+00
   2.9600E+01   1.4232E+03   3.0315E+02   1.0957E+05   1.2054E-05   4.3201E+00
   2.9800E+01   1.4226E+03   3.0315E+02   1.0957E+05   1.2048E-05   4.3171E+00
   3.0000E+01   1.4226E+03   3.0315E+02   1.0958E+05   1.2054E-05   4.3200E+00
   3.0200E+01   1.4221E+03   3.0315E+02   1.0960E+05   1.2056E-05   4.3198E+00
   3.0400E+01   1.4221E+03   3.0315E+02   1.0960E+05   1.2055E-05   4.3202E+00
   3.0600E+01   1.4215E+03   3.0315E+02   1.0961E+05   1.2057E-05   4.3199E+00
   3.0800E+01   1.4215E+03   3.0315E+02   1.0961E+05   1.2056E-05   4.3203E+00
   3.1000E+01   1.4209E+03   3.0315E+02   1.0963E+05   1.2058E-05   4.3200E+00
   3.1200E+01   1.4209E+03   3.0315E+02   1.0963E+05   1.2057E-05   4.3204E+00
   3.1400E+01   1.4203E+03   3.0315E+02   1.0965E+05   1.2059E-05   4.3203E+00
   3.1600E+01   1.4203E+03   3.0315E+02   1.0968E+05   1.2063E-05   4.3226E+00
   3.1800E+01   1.4203E+03   3.0315E+02   1.0968E+05   1.2062E-05   4.3230E+00
   3.2000E+01   1.4193E+03   3.0315E+02   1.0968E+05   1.2062E-05   4.3205E+00
   3.2200E+01   1.4193E+03   3.0315E+02   1.0968E+05   1.2061E-05   4.3209E+00
   3.2400E+01   1.4186E+03   3.0315E+02   1.0969E+05   1.2062E-05   4.3199E+00
   3.2600E+01   1.4186E+03   3.0315E+02   1.0972E+05   1.2066E-05   4.3222E+00
   3.2800E+01   1.4186E+03   3.0315E+02   1.0972E+05   1.2065E-05   4.3226E+00
   3.3000E+01   1.4177E+03   3.0315E+02   1.0972E+05   1.2064E-05   4.3201E+00
   3.3200E+01   1.4177E+03   3.0315E+02   1.0972E+05   1.2063E-05   4.3205E+00
   3.3400E+01   1.4171E+03   3.0315E+02   1.0973E+05   1.2064E-05   4.3201E+00
   3.3600E+01   1.4166E+03   3.0315E+02   1.0974E+05   1.2066E-05   4.3196E+00
   3.3800E+01   1.4166E+03   3.0315E+02   1.0978E+05   1.2070E-05   4.3218E+00
   3.4000E+01   1.4166E+03   3.0315E+02   1.0978E+05   1.2069E-05   4.3221E+00
   3.4200E+01   1.4166E+03   3.0315E+02   1.0982E+05   1.2074E-05   4.3247E+00
   3.4400E+01   1.4166E+03   3.0315E+02   1.0982E+05   1.2073E-05   4.3251E+00
   3.4600E+01   1.4166E+03   3.0315E+02   1.0986E+05   1.2077E-05   4.3273E+00
   3.4800E+01   1.4149E+03   3.0315E+02   1.0977E+05   1.2066E-05   4.3191E+00
   3.5000E+01   1.4149E+03   3.0315E+02   1.0981E+05   1.2071E-05   4.3214E+00
   3.5200E+01   1.4149E+03   3.0315E+02   1.0981E+05   1.2069E-05   4.3218E+00
   3.5400E+01   1.4141E+03   3.0315E+02   1.0982E+05   1.2071E-05   4.3206E+00
   3.5600E+01   1.4134E+03   3.0315E+02   1.0982E+05   1.2065E-05   4.3171E+00
   3.5800E+01   1.4134E+03   3.0315E+02   1.0984E+05   1.2072E-05   4.3204E+00
   3.6000E+01   1.4128E+03   3.0315E+02   1.0985E+05   1.2073E-05   4.3196E+00
   3.6200E+01   1.4128E+03   3.0315E+02   1.0985E+05   1.2072E-05   4.3199E+00
   3.6400E+01   1.4123E+03   3.0315E+02   1.0988E+05   1.2076E-05   4.3205E+00
   3.6600E+01   1.4123E+03   3.0315E+02   1.0988E+05   1.2075E-05   4.3209E+00
   3.6800E+01   1.4116E+03   3.0315E+02   1.0988E+05   1.2075E-05   4.3197E+00
   3.7000E+01   1.4116E+03   3.0315E+02   1.0988E+05   1.2074E-05   4.3200E+00
   3.7200E+01   1.4111E+03   3.0315E+02   1.0991E+05   1.2078E-05   4.3204E+00
   3.7400E+01   1.4111E+03   3.0315E+02   1.0991E+05   1.2076E-05   4.3208E+00
   3.7600E+01   1.4105E+03   3.0315E+02   1.0992E+05   1.2077E-05   4.3198E+00
   3.7800E+01   1.4105E+03   3.0315E+02   1.0992E+05   1.2076E-05   4.3202E+00
   3.8000E+01   1.4099E+03   3.0315E+02   1.0993E+05   1.2077E-05   4.3197E+00
   3.8200E+01   1.4099E+03   3.0315E+02   1.0998E+05   1.2083E-05   4.3225E+00
   3.8400E+01   1.4099E+03   3.0315E+02   1.0998E+05   1.2082E-05   4.3228E+00
   3.8600E+01   1.4099E+03   3.0315E+02   1.0998E+05   1.2081E-05   4.3232E+00
   3.8800E+01   1.4089E+03   3.0315E+02   1.0998E+05   1.2082E-05   4.3210E+00
   3.9000E+01   1.4082E+03   3.0315E+02   1.0999E+05   1.2083E-05   4.3199E+00
   3.9200E+01   1.4082E+03   3.0315E+02   1.0999E+05   1.2082E-05   4.3202E+00
   3.9400E+01   1.4082E+03   3.0315E+02   1.0999E+05   1.2081E-05   4.3205E+00
   3.9600E+01   1.4077E+03   3.0315E+02   1.1002E+05   1.2084E-05   4.3208E+00
   3.9800E+01   1.4077E+03   3.0315E+02   1.1002E+05   1.2083E-05   4.3211E+00
   4.0000E+01   1.4070E+03   3.0315E+02   1.1003E+05   1.2085E-05   4.3202E+00
   4.0200E+01   1.4064E+03   3.0315E+02   1.1005E+05   1.2086E-05   4.3197E+00
   4.0400E+01   1.4064E+03   3.0315E+02   1.1005E+05   1.2085E-05   4.3200E+00
   4.0600E+01   1.4059E+03   3.0315E+02   1.1005E+05   1.2079E-05   4.3171E+00
   4.0800E+01   1.4059E+03   3.0315E+02   1.1007E+05   1.2087E-05   4.3205E+00
   4.1000E+01   1.4059E+03   3.0315E+02   1.1007E+05   1.2086E-05   4.3208E+00
   4.1200E+01   1.4059E+03   3.0315E+02   1.1013E+05   1.2093E-05   4.3238E+00
   4.1400E+01   1.4059E+03   3.0315E+02   1.1013E+05   1.2092E-05   4.3241E+00
   4.1600E+01   1.4047E+03   3.0315E+02   1.1011E+05   1.2089E-05   4.3203E+00
   4.1800E+01   1.4041E+03   3.0315E+02   1.1012E+05   1.2090E-05   4.3196E+00
   4.2000E+01   1.4041E+03   3.0315E+02   1.1012E+05   1.2089E-05   4.3199E+00
   4.2200E+01   1.4036E+03   3.0315E+02   1.1014E+05   1.2092E-05   4.3200E+00
   4.2400E+01   1.4036E+03   3.0315E+02   1.1014E+05   1.2091E-05   4.3203E+00
   4.2600E+01   1.4030E+03   3.0315E+02   1.1016E+05   1.2093E-05   4.3199E+00
   4.2800E+01   1.4030E+03   3.0315E+02   1.1016E+05   1.2092E-05   4.3202E+00
   4.3000E+01   1.4025E+03   3.0315E+02   1.1017E+05   1.2093E-05   4.3198E+00
   4.3200E+01   1.4025E+03   3.0315E+02   1.1017E+05   1.2092E-05   4.3201E+00
   4.3400E+01   1.4020E+03   3.0315E+02   1.1020E+05   1.2096E-05   4.3204E+00
   4.3600E+01   1.4020E+03   3.0315E+02   1.1020E+05   1.2095E-05   4.3207E+00
   4.3800E+01   1.4014E+03   3.0315E+02   1.1021E+05   1.2096E-05   4.3200E+00
   4.4000E+01   1.4014E+03   3.0315E+02   1.1021E+05   1.2095E-05   4.3203E+00
   4.4200E+01   1.4009E+03   3.0315E+02   1.1023E+05   1.2098E-05   4.3202E+00
   4.4400E+01   1.4009E+03   3.0315E+02   1.1023E+05   1.2097E-05   4.3205E+00
   4.4600E+01   1.4003E+03   3.0315E+02   1.1024E+05   1.2097E-05   4.3196E+00
   4.4800E+01   1.3998E+03   3.0315E+02   1.1026E+05   1.2099E-05   4.3194E+00
   4.5000E+01   1.3998E+03   3.0315E+02   1.1026E+05   1.2098E-05   4.3197E+00
   4.5200E+01   1.3994E+03   3.0315E+02   1.1027E+05   1.2099E-05   4.3196E+00
   4.5400E+01   1.3994E+03   3.0315E+02   1.1027E+05   1.2098E-05   4.3198E+00
   4.5700E+01   1.3989E+03   3.0315E+02   1.1030E+05   1.2101E-05   4.3204E+00
   4.6000E+01   1.3984E+03   3.0315E+02   1.1031E+05   1.2102E-05   4.3199E+00
   4.6300E+01   1.3979E+03   3.0315E+02   1.1033E+05   1.2104E-05   4.3200E+00
   4.6600E+01   1.3973E+03   3.0315E+02   1.1035E+05   1.2106E-05   4.3199E+00
   4.6900E+01   1.3973E+03   3.0315E+02   1.1035E+05   1.2104E-05   4.3203E+00
   4.7200E+01   1.3968E+03   3.0315E+02   1.1037E+05   1.2106E-05   4.3203E+00
   4.7500E+01   1.3962E+03   3.0315E+02   1.1039E+05   1.2108E-05   4.3200E+00
   4.7800E+01   1.3957E+03   3.0315E+02   1.1041E+05   1.2109E-05   4.3198E+00
   4.8100E+01   1.3952E+03   3.0315E+02   1.1044E+05   1.2112E-05   4.3201E+00
   4.8400E+01   1.3952E+03   3.0315E+02   1.1044E+05   1.2110E-05   4.3204E+00
   4.8700E+01   1.3946E+03   3.0315E+02   1.1045E+05   1.2111E-05   4.3200E+00
   4.9000E+01   1.3941E+03   3.0315E+02   1.1047E+05   1.2113E-05   4.3200E+00
   4.9300E+01   1.3935E+03   3.0315E+02   1.1048E+05   1.2113E-05   4.3194E+00
   4.9600E+01   1.3935E+03   3.0315E+02   1.1052E+05   1.2117E-05   4.3216E+00
   4.9900E+01   1.3927E+03   3.0315E+02   1.1052E+05   1.2117E-05   4.3199E+00
   5.0200E+01   1.3922E+03   3.0315E+02   1.1052E+05   1.2110E-05   4.3170E+00
   5.0500E+01   1.3922E+03   3.0315E+02   1.1054E+05   1.2116E-05   4.3198E+00
   5.0800E+01   1.3917E+03   3.0315E+02   1.1055E+05   1.2117E-05   4.3198E+00
   5.1100E+01   1.3913E+03   3.0315E+02   1.1058E+05   1.2120E-05   4.3201E+00
   5.1400E+01   1.3907E+03   3.0315E+02   1.1060E+05   1.2122E-05   4.3200E+00
   5.1700E+01   1.3907E+03   3.0315E+02   1.1060E+05   1.2120E-05   4.3203E+00
   5.2000E+01   1.3902E+03   3.0315E+02   1.1061E+05   1.2120E-05   4.3197E+00
   5.2300E+01   1.3897E+03   3.0315E+02   1.1063E+05   1.2123E-05   4.3200E+00
   5.2600E+01   1.3892E+03   3.0315E+02   1.1065E+05   1.2124E-05   4.3198E+00
   5.2900E+01   1.3892E+03   3.0315E+02   1.1069E+05   1.2128E-05   4.3221E+00
   5.3200E+01   1.3892E+03   3.0315E+02   1.1074E+05   1.2132E-05   4.3246E+00
   5.3500E+01   1.3892E+03   3.0315E+02   1.1078E+05   1.2136E-05   4.3268E+00
   5.3800E+01   1.3874E+03   3.0315E+02   1.1071E+05   1.2128E-05   4.3191E+00
   5.4100E+01   1.3874E+03   3.0315E+02   1.1071E+05   1.2126E-05   4.3194E+00
   5.4400E+01   1.3870E+03   3.0315E+02   1.1074E+05   1.2129E-05   4.3199E+00
   5.4700E+01   1.3865E+03   3.0315E+02   1.1076E+05   1.2130E-05   4.3197E+00
   5.5000E+01   1.3865E+03   3.0315E+02   1.1079E+05   1.2133E-05   4.3218E+00
   5.5300E+01   1.3865E+03   3.0315E+02   1.1083E+05   1.2137E-05   4.3239E+00
   5.5600E+01   1.3854E+03   3.0315E+02   1.1081E+05   1.2134E-05   4.3201E+00
   5.5900E+01   1.3849E+03   3.0315E+02   1.1083E+05   1.2135E-05   4.3198E+00
   5.6200E+01   1.3844E+03   3.0315E+02   1.1084E+05   1.2135E-05   4.3194E+00
   5.6500E+01   1.3840E+03   3.0315E+02   1.1086E+05   1.2137E-05   4.3194E+00
   5.6800E+01   1.3836E+03   3.0315E+02   1.1089E+05   1.2140E-05   4.3200E+00
   5.7100E+01   1.3836E+03   3.0315E+02   1.1089E+05   1.2138E-05   4.3202E+00
   5.7400E+01   1.3830E+03   3.0315E+02   1.1090E+05   1.2138E-05   4.3196E+00
   5.7700E+01   1.3826E+03   3.0315E+02   1.1092E+05   1.2141E-05   4.3200E+00
   5.8000E+01   1.3821E+03   3.0315E+02   1.1095E+05   1.2143E-05   4.3199E+00
   5.8300E+01   1.3816E+03   3.0315E+02   1.1097E+05   1.2145E-05   4.3200E+00
   5.8600E+01   1.3816E+03   3.0315E+02   1.1097E+05   1.2143E-05   4.3203E+00
   5.8900E+01   1.3811E+03   3.0315E+02   1.1099E+05   1.2145E-05   4.3200E+00
   5.9200E+01   1.3806E+03   3.0315E+02   1.1101E+05   1.2147E-05   4.3198E+00
   5.9500E+01   1.3801E+03   3.0315E+02   1.1102E+05   1.2147E-05   4.3194E+00
   5.9800E+01   1.3797E+03   3.0315E+02   1.1104E+05   1.2148E-05   4.3194E+00
   6.0100E+01   1.3793E+03   3.0315E+02   1.1107E+05   1.2151E-05   4.3198E+00
   6.0400E+01   1.3793E+03   3.0315E+02   1.1107E+05   1.2149E-05   4.3201E+00
   6.0700E+01   1.3788E+03   3.0315E+02   1.1108E+05   1.2150E-05   4.3197E+00
   6.1000E+01   1.3783E+03   3.0315E+02   1.1111E+05   1.2153E-05   4.3200E+00
   6.1300E+01   1.3778E+03   3.0315E+02   1.1112E+05   1.2153E-05   4.3194E+00
   6.1600E+01   1.3774E+03   3.0315E+02   1.1114E+05   1.2154E-05   4.3193E+00
   6.1900E+01   1.3770E+03   3.0315E+02   1.1116E+05   1.2155E-05   4.3193E+00
   6.2200E+01   1.3766E+03   3.0315E+02   1.1118E+05   1.2157E-05   4.3195E+00
   6.2500E+01   1.3762E+03   3.0315E+02   1.1120E+05   1.2159E-05   4.3195E+00
   6.2800E+01   1.3762E+03   3.0315E+02   1.1120E+05   1.2157E-05   4.3197E+00
   6.3100E+01   1.3758E+03   3.0315E+02   1.1122E+05   1.2159E-05   4.3199E+00
   6.3400E+01   1.3753E+03   3.0315E+02   1.1124E+05   1.2161E-05   4.3198E+00
   6.3700E+01   1.3748E+03   3.0315E+02   1.1126E+05   1.2162E-05   4.3195E+00
   6.4000E+01   1.3744E+03   3.0315E+02   1.1127E+05   1.2163E-05   4.3193E+00
   6.4300E+01   1.3740E+03   3.0315E+02   1.1130E+05   1.2165E-05   4.3196E+00
   6.4600E+01   1.3736E+03   3.0315E+02   1.1132E+05   1.2167E-05   4.3198E+00
   6.4900E+01   1.3736E+03   3.0315E+02   1.1132E+05   1.2165E-05   4.3200E+00
   6.5200E+01   1.3731E+03   3.0315E+02   1.1134E+05   1.2167E-05   4.3198E+00
   6.5500E+01   1.3726E+03   3.0315E+02   1.1136E+05   1.2168E-05   4.3195E+00
   6.5800E+01   1.3722E+03   3.0315E+02   1.1137E+05   1.2169E-05   4.3193E+00
   6.6100E+01   1.3718E+03   3.0315E+02   1.1140E+05   1.2171E-05   4.3197E+00
   6.6500E+01   1.3714E+03   3.0315E+02   1.1142E+05   1.2172E-05   4.3197E+00
   6.6900E+01   1.3709E+03   3.0315E+02   1.1143E+05   1.2172E-05   4.3193E+00
   6.7300E+01   1.3705E+03   3.0315E+02   1.1146E+05   1.2174E-05   4.3199E+00
   6.7700E+01   1.3697E+03   3.0315E+02   1.1150E+05   1.2178E-05   4.3197E+00
   6.8100E+01   1.3693E+03   3.0315E+02   1.1152E+05   1.2179E-05   4.3195E+00
   6.8500E+01   1.3689E+03   3.0315E+02   1.1154E+05   1.2179E-05   4.3195E+00
   6.8900E+01   1.3685E+03   3.0315E+02   1.1156E+05   1.2181E-05   4.3197E+00
   6.9300E+01   1.3680E+03   3.0315E+02   1.1157E+05   1.2181E-05   4.3194E+00
   6.9700E+01   1.3676E+03   3.0315E+02   1.1160E+05   1.2183E-05   4.3197E+00
   7.0100E+01   1.3672E+03   3.0315E+02   1.1163E+05   1.2185E-05   4.3201E+00
   7.0500E+01   1.3667E+03   3.0315E+02   1.1166E+05   1.2187E-05   4.3203E+00
   7.0900E+01   1.3661E+03   3.0315E+02   1.1172E+05   1.2193E-05   4.3219E+00
   7.1300E+01   1.3661E+03   3.0315E+02   1.1176E+05   1.2198E-05   4.3244E+00
   7.1700E+01   1.3649E+03   3.0315E+02   1.1174E+05   1.2193E-05   4.3199E+00
